0 0.18078813559322035 0.1700191570881226 0.21327966101694917 0.1644252873563218
1 0.18290677966101698 0.4062835249042146 0.21186440677966104 0.16762452107279693
3 0.18361864406779657 0.6457471264367816 0.21186440677966098 0.18040229885057463
12 0.39265254237288133 0.17160919540229885 0.21468644067796613 0.18040229885057468
11 0.39477118644067793 0.40310344827586203 0.21327966101694912 0.18040229885057474
10 0.39654237288135596 0.6409578544061303 0.2111610169491525 0.1772030651340996
4 0.6076949152542374 0.16363984674329501 0.21256779661016942 0.18358237547892722
7 0.8227372881355931 0.14448275862068966 0.21610169491525413 0.250632183908046
5 0.6073474576271186 0.40388888888888896 0.2104491525423728 0.18199233716475102
6 0.6073474576271186 0.6353831417624521 0.211864406779661 0.1724137931034483
8 0.8220338983050848 0.4014942528735632 0.21610169491525424 0.2123180076628352
9 0.8216779661016951 0.6265900383141763 0.21256779661016953 0.1772030651340996
2 0.5042372881355932 0.868448275862069 0.8516949152542372 0.18199233716475097