0 0.1830619168787108 0.19120458891013384 0.2146607294317218 0.13750956022944555
12 0.3944020356234097 0.1951816443594646 0.21204410517387617 0.14157265774378583
4 0.6092705682782019 0.18562141491395792 0.2094296013570823 0.13423996175908223
7 0.8209669211195928 0.15137667304015298 0.21547285835453775 0.2294455066921606
8 0.8206106870229007 0.3967495219885277 0.2195356234096692 0.22355162523900576
5 0.6085665818490246 0.40789674952198857 0.2094296013570823 0.1875382409177821
1 0.18271416454622558 0.40472275334608027 0.21808736217133165 0.1875382409177821
11 0.3982866836301951 0.3983365200764819 0.2128562340966922 0.2198852772466539
9 0.8234351145038169 0.6317782026768642 0.21889949109414758 0.2194885277246652
6 0.6099745547073792 0.6676099426386234 0.21628498727735368 0.15296367112810708
10 0.39723494486853256 0.64848948374761 0.21204410517387617 0.124282982791587
3 0.18377438507209498 0.6532887189292543 0.2146607294317218 0.11838910133843195
2 0.5064291772688718 0.875564053537285 0.8584605597964376 0.12245219885277228