0 0.17932937181663838 0.16571701720841303 0.21303692699490662 0.16252390057361377
1 0.1803904923599321 0.3967495219885277 0.2164685908319185 0.16252390057361377
3 0.18357385398981324 0.6317782026768642 0.21303692699490662 0.1665869980879541
12 0.3911969439728353 0.16810707456978968 0.21385186757215613 0.1798135755258126
11 0.3943803056027164 0.3975525812619502 0.20978353140916808 0.1871414913957935
10 0.3957979626485569 0.6269980879541109 0.21141129032258066 0.17168738049713175
4 0.6055432937181664 0.17606118546845123 0.21222410865874364 0.21072179732313578
5 0.605899830220713 0.42065009560229444 0.2104202037351443 0.21399139579349907
6 0.6076655348047538 0.6421223709369025 0.20960738539898133 0.1970984703632889
7 0.8206027164685908 0.15694072657743785 0.22071307300509338 0.20992829827915868
8 0.8198896434634974 0.39038240917782024 0.2180963497453311 0.16841778202676871
9 0.8209507640067913 0.6293881453154876 0.21728140916808147 0.1757504780114721
2 0.5033276740237691 0.8532504780114722 0.8523280984719862 0.15113288718929258