0 0.18440391943385956 0.19088669950738915 0.21386771910724006 0.13023399014778325
1 0.18372346216657595 0.4141009852216749 0.21230266739248776 0.13808497536945813
3 0.1847468698965705 0.6434729064039408 0.21056750136091454 0.11961206896551724
12 0.3967065868263473 0.18858374384236454 0.20958083832335328 0.10598830049261083
11 0.3963690800217746 0.4233374384236453 0.20900244964616221 0.11083743842364532
10 0.3960261295590637 0.6457881773399015 0.20958083832335328 0.11922721674876847
4 0.6073108328796952 0.1939655172413793 0.20900244964616221 0.12315270935960591
5 0.6062874251497006 0.43488916256157634 0.21230266739248776 0.13677647783251232
6 0.6069678824169842 0.6511699507389163 0.2111458900381056 0.12053571428571429
7 0.8209744148067502 0.1770320197044335 0.2156028851388133 0.09236453201970443
8 0.8206314643440392 0.4187192118226601 0.21774632553075668 0.12576970443349753
9 0.8202939575394665 0.6550246305418719 0.21675966249319542 0.12092056650246305
2 0.5025204137180186 0.865923645320197 0.8513541099618944 0.1429341133004926