0 0.17917726887192537 0.16411089866156783 0.21547285835453775 0.17208413001912046
1 0.18059372349448685 0.4023326959847036 0.21709711620016967 0.1665869980879541
3 0.18377438507209498 0.6381453154875717 0.21367048346055975 0.18937380497131934
12 0.3936980491942324 0.17049713193116636 0.21041772688719262 0.20665869980879542
11 0.3944020356234097 0.4031166347992352 0.2104177268871925 0.1757504780114722
4 0.6050296861747244 0.17367112810707455 0.2136704834605598 0.21032504780114722
7 0.823791348600509 0.1617208413001912 0.2170971162001696 0.21948852772466537
10 0.3944020356234097 0.6269980879541109 0.21204410517387617 0.18347514340344187
5 0.6082103477523325 0.4063097514340344 0.21024173027989823 0.1934369024856597
6 0.6078625954198473 0.6325621414913958 0.21204410517387617 0.1875382409177822
8 0.8230873621713317 0.3919694072657744 0.216460983884648 0.18753824091778198
9 0.8220271416454623 0.6238049713193117 0.21628498727735368 0.23717495219885282
2 0.5032485156912638 0.8540535372848949 0.8540436810856656 0.15296367112810708