0 0.17938135593220336 0.17288718929254304 0.21610169491525422 0.18642447418738053
1 0.18114406779661016 0.4063097514340344 0.21680508474576274 0.17527724665391967
3 0.18361864406779657 0.6325621414913958 0.21186440677966098 0.18164435946462715
12 0.3940677966101695 0.17367112810707455 0.21044915254237287 0.2007648183556405
11 0.39548305084745766 0.414282982791587 0.20762711864406785 0.1848374760994264
10 0.3940677966101695 0.6349521988527724 0.21468644067796608 0.19917782026768635
4 0.605228813559322 0.16650095602294454 0.209042372881356 0.1991778202676864
5 0.606635593220339 0.4134799235181644 0.2132796610169492 0.1959847036328872
6 0.6073474576271186 0.6373422562141491 0.211864406779661 0.194397705544933
7 0.8192118644067795 0.16332695984703632 0.21751694915254233 0.20235181644359468
8 0.820271186440678 0.39994263862332696 0.21680508474576274 0.18801147227533457
9 0.8220338983050848 0.6309751434034416 0.21751694915254244 0.1688910133843213
2 0.502822033898305 0.8524474187380496 0.8516949152542372 0.1752772466539196