0 0.18059372349448685 0.16667307692307692 0.21547285835453772 0.15977403846153848
1 0.1820016963528414 0.40303846153846157 0.21448261238337574 0.1675480769230769
3 0.18341815097540287 0.6394230769230769 0.21384648006785412 0.16346153846153846
12 0.3933418150975403 0.17628846153846156 0.21547285835453775 0.18269230769230768
11 0.3944020356234097 0.40225 0.21204410517387617 0.17900480769230775
10 0.3961662425784563 0.6410192307692307 0.21186810856658178 0.18269230769230768
4 0.6071501272264631 0.17628846153846153 0.21204410517387617 0.18637980769230766
5 0.6071501272264631 0.4110576923076923 0.21204410517387617 0.2096971153846154
6 0.6071501272264631 0.6418269230769231 0.21204410517387617 0.18085096153846159
7 0.821314673452078 0.16907692307692307 0.21791136556403734 0.18085096153846153
8 0.8223748939779474 0.38380769230769235 0.2161089906700594 0.20600961538461537
9 0.8230873621713317 0.6193846153846153 0.22133799830364714 0.215625
2 0.5046649703138253 0.8493653846153847 0.8534075487701442 0.15977403846153865