0 0.18068469991546915 0.16586666666666666 0.21062552831783599 0.16348571428571432
1 0.18032967032967037 0.3880952380952381 0.21555367709213866 0.16984761904761908
3 0.1834995773457312 0.6388952380952381 0.21485207100591716 0.16032380952380945
12 0.3923668639053255 0.1761904761904762 0.21132713440405754 0.18729523809523807
11 0.39448013524936604 0.3976190476190476 0.21273879966187656 0.16984761904761908
10 0.3962383770076078 0.6246095238095238 0.21202874049027895 0.16348571428571437
4 0.6054522400676247 0.19285714285714287 0.21062552831783607 0.20794285714285718
5 0.6072104818258665 0.40396190476190486 0.2085122569737955 0.18571428571428578
6 0.6079205409974641 0.6285714285714286 0.21273879966187664 0.17777142857142864
7 0.8192476754015217 0.14127619047619047 0.2183685545224007 0.23175238095238093
8 0.820304311073542 0.3634857142857143 0.21625528317836012 0.23809523809523808
9 0.8220625528317836 0.6150857142857143 0.21555367709213863 0.20476190476190476
2 0.5036601859678783 0.8468190476190476 0.8565765004226544 0.18571428571428572