0 0.18068469991546915 0.16586666666666666 0.21051775147928994 0.16372857142857145
1 0.18032967032967037 0.3880952380952381 0.21555367709213863 0.16960476190476195
3 0.1834995773457312 0.6388952380952381 0.21474429416737106 0.16150952380952363
12 0.3923668639053255 0.1761904761904762 0.21132713440405748 0.18825238095238092
11 0.39448013524936604 0.3976190476190476 0.21294801352493653 0.16960476190476195
10 0.3962383770076078 0.6246095238095238 0.21213651732882502 0.1637285714285716
4 0.6054522400676247 0.19285714285714287 0.21051775147928994 0.20770000000000002
5 0.6072104818258665 0.40396190476190486 0.20872147083685547 0.18642857142857142
6 0.6079205409974641 0.6285714285714286 0.2129480135249366 0.1787285714285714
7 0.8192476754015217 0.14127619047619047 0.21815934065934064 0.2322238095238095
8 0.820304311073542 0.3634857142857143 0.21572907861369398 0.23809523809523808
9 0.8220625528317836 0.6150857142857143 0.21555367709213863 0.20547619047619048
2 0.5036601859678783 0.8468190476190476 0.8563672865595944 0.185