0 0.17938135593220336 0.17288718929254304 0.21610169491525424 0.18570745697896748
1 0.18114406779661016 0.4063097514340344 0.2169131355932203 0.17431644359464632
3 0.18361864406779657 0.6325621414913958 0.211864406779661 0.18164435946462715
12 0.3940677966101695 0.17367112810707455 0.210239406779661 0.20076481835564053
11 0.39548305084745766 0.414282982791587 0.2076271186440678 0.1853107074569789
10 0.3940677966101695 0.6349521988527724 0.21511228813559322 0.19893403441682583
4 0.605228813559322 0.16650095602294454 0.2092521186440678 0.19893403441682597
5 0.606635593220339 0.4134799235181644 0.21348940677966102 0.1967017208413002
6 0.6073474576271186 0.6373422562141491 0.211864406779661 0.19487093690248547
7 0.8192118644067795 0.16332695984703632 0.21772669491525426 0.2011615678776291
8 0.820271186440678 0.39994263862332696 0.2169131355932203 0.1875382409177821
9 0.8220338983050848 0.6309751434034416 0.21709110169491527 0.1684177820267686
2 0.502822033898305 0.8524474187380496 0.8516949152542372 0.1757504780114721