0 0.18078813559322035 0.1700191570881226 0.213489406779661 0.16466954022988503
1 0.18290677966101698 0.40628352490421465 0.211864406779661 0.16834291187739464
3 0.18361864406779657 0.6457471264367816 0.211864406779661 0.18015804597701132
12 0.39265254237288133 0.17160919540229885 0.2144766949152543 0.18159482758620688
11 0.39477118644067793 0.40310344827586203 0.21348940677966094 0.18159482758620682
10 0.39654237288135596 0.6409578544061303 0.21168855932203381 0.17792145593869732
4 0.6076949152542374 0.16363984674329501 0.21204025423728812 0.18238984674329503
7 0.8227372881355931 0.14448275862068963 0.21610169491525424 0.25087643678160926
5 0.6073474576271186 0.40388888888888896 0.210239406779661 0.18199233716475097
6 0.6073474576271186 0.6353831417624521 0.211864406779661 0.1724137931034483
8 0.8220338983050848 0.4014942528735632 0.21673728813559323 0.21256226053639854
9 0.8216779661016951 0.6265900383141763 0.2126758474576271 0.1764846743295019
2 0.5042372881355932 0.868448275862069 0.8523305084745763 0.18199233716475097