0 0.18440391943385956 0.19088669950738915 0.21366358192705498 0.12931034482758622
1 0.18372346216657595 0.4141009852216749 0.21230266739248776 0.13854679802955666
3 0.1847468698965705 0.6434729064039408 0.21026129559063692 0.12007389162561577
12 0.3967065868263473 0.18858374384236454 0.20958083832335328 0.1062192118226601
11 0.3963690800217746 0.4233374384236453 0.20890038105606967 0.11083743842364532
10 0.3960261295590637 0.6457881773399015 0.20958083832335328 0.11853448275862069
4 0.6073108328796952 0.1939655172413793 0.20890038105606967 0.12315270935960591
5 0.6062874251497006 0.43488916256157634 0.21230266739248776 0.13700738916256158
6 0.6069678824169842 0.6511699507389163 0.21094175285792052 0.12007389162561577
7 0.8209744148067502 0.1770320197044335 0.21570495372890583 0.09236453201970443
8 0.8206314643440392 0.4187192118226601 0.21774632553075668 0.12623152709359606
9 0.8202939575394665 0.6550246305418719 0.21706586826347304 0.12161330049261083
2 0.5025204137180186 0.865923645320197 0.8512520413718019 0.14316502463054187