0 0.18063505503810334 0.17447418738049714 0.2116850127011008 0.1609369024856597
1 0.18169348010160882 0.3839961759082218 0.21662150719729042 0.1688910133843212
3 0.17993226079593566 0.6397323135755257 0.21450465707027946 0.1513766730401529
12 0.3937341236240474 0.18961759082217974 0.21168501270110077 0.19757170172084132
11 0.3951481795088908 0.4102868068833652 0.21168501270110082 0.1704971319311664
4 0.6068331922099915 0.18801147227533457 0.21309906858594418 0.1912045889101338
5 0.6061219305673159 0.42065009560229444 0.21168501270110077 0.20076481835564053
10 0.3951481795088908 0.6469024856596558 0.21450465707027946 0.1688910133843213
6 0.6085944115156647 0.6469024856596558 0.20815410668924633 0.1593307839388146
7 0.8199237933954275 0.1505736137667304 0.2159187129551227 0.19917782026768646
8 0.8209822184589333 0.36806883365200765 0.21662150719729045 0.22307839388145317
9 0.820982218458933 0.6190248565965584 0.2194496189669771 0.2055449330783939
2 0.5023962743437765 0.8381070745697896 0.8566215071972904 0.1752772466539196