0 0.18063505503810334 0.17447418738049714 0.21168501270110077 0.16069311663479927
1 0.18169348010160882 0.3839961759082218 0.21609441151566472 0.16841778202676871
3 0.17993226079593566 0.6397323135755257 0.21429508890770532 0.15113288718929235
12 0.3937341236240474 0.18961759082217974 0.21168501270110077 0.19709847036328873
11 0.3951481795088908 0.4102868068833652 0.21168501270110077 0.17025334608030585
4 0.6068331922099915 0.18801147227533457 0.21330863674851822 0.19120458891013384
5 0.6061219305673159 0.42065009560229444 0.21168501270110077 0.19933078393881454
10 0.3951481795088908 0.6469024856596558 0.2142950889077054 0.16841778202676883
6 0.6085944115156647 0.6469024856596558 0.20826206604572395 0.15885755258126213
7 0.8199237933954275 0.1505736137667304 0.21591871295512277 0.19893403441682603
8 0.8209822184589333 0.36806883365200765 0.21609441151566466 0.22355162523900576
9 0.820982218458933 0.6190248565965584 0.2193416596104996 0.20626195028680688
2 0.5023962743437765 0.8381070745697896 0.8568310753598644 0.1757504780114721