0 0.18240474174428448 0.16105769230769232 0.21411939034716343 0.18085096153846159
1 0.18275190516511433 0.40384615384615385 0.21330863674851816 0.18493750000000003
3 0.18310753598645216 0.65625 0.2134843353090601 0.1904663461538462
12 0.3940897544453853 0.1842884615384615 0.21087425910245547 0.21153846153846154
11 0.39549534292972055 0.41025 0.21150931414055876 0.176764423076923
10 0.3951481795088908 0.6394230769230769 0.21168501270110077 0.16346153846153846
4 0.6068331922099915 0.19551923076923078 0.21006138865368332 0.21746634615384616
5 0.6082387806943269 0.42388461538461536 0.2090749364944962 0.21337980769230777
6 0.6068331922099915 0.6442307692307693 0.21006138865368332 0.22708173076923074
7 0.8199237933954275 0.14823076923076922 0.2201524132091448 0.21193750000000003
8 0.8227519051651143 0.379 0.2201524132091448 0.21931249999999994
9 0.823454699407282 0.6057692307692307 0.22114098221845896 0.24631249999999996
2 0.5023962743437764 0.8621730769230769 0.8552074513124471 0.16938942307692326