0 0.16987179487179488 0.1688910133843212 0.22008547008547008 0.18164435946462712
1 0.1737863247863248 0.4063097514340344 0.21510256410256412 0.16571701720841303
12 0.3863931623931624 0.17686424474187382 0.21296581196581194 0.19757170172084126
3 0.17841880341880342 0.6445124282982791 0.21865811965811968 0.1609369024856596
11 0.38924786324786326 0.40869980879541107 0.21438461538461542 0.1832313575525813
10 0.39387179487179486 0.6445124282982791 0.2108290598290598 0.16411089866156794
4 0.6011367521367522 0.1681070745697897 0.21510256410256418 0.18642447418738053
5 0.6043418803418804 0.428623326959847 0.21296581196581202 0.21351816443594648
6 0.6061282051282051 0.662848948374761 0.21224786324786318 0.22307839388145306
7 0.8187350427350428 0.17527724665391972 0.21865811965811968 0.21032504780114725
8 0.8205128205128205 0.3839961759082219 0.21794871794871795 0.21988527724665397
9 0.8212222222222222 0.6182217973231358 0.21794871794871784 0.22307839388145306
2 0.5024957264957265 0.864397705544933 0.8582649572649571 0.2055449330783939