0 0.17932937181663838 0.16571701720841303 0.2129286926994907 0.1625239005736138
1 0.1803904923599321 0.3967495219885277 0.2164685908319185 0.16252390057361377
3 0.18357385398981324 0.6317782026768642 0.2129286926994907 0.16730401529636713
12 0.3911969439728353 0.16810707456978968 0.213641765704584 0.18005736137667303
11 0.3943803056027164 0.3975525812619502 0.21010186757215615 0.18642447418738045
10 0.3957979626485569 0.6269980879541109 0.2115195246179966 0.17049713193116628
4 0.6055432937181664 0.17606118546845123 0.21222410865874364 0.21191204588910137
5 0.605899830220713 0.42065009560229444 0.2101018675721562 0.21351816443594643
6 0.6076655348047538 0.6421223709369025 0.20939728353140924 0.19757170172084138
7 0.8206027164685908 0.15694072657743785 0.22071307300509346 0.2087380497131931
8 0.8198896434634974 0.39038240917782024 0.21788624787775887 0.1688910133843212
9 0.8209507640067913 0.6293881453154876 0.21717317487266558 0.1752772466539196
2 0.5033276740237691 0.8532504780114722 0.8524363327674023 0.1513766730401529