0 0.17917726887192537 0.16411089866156783 0.21558100084817639 0.17208413001912043
1 0.18059372349448685 0.4023326959847036 0.21698897370653095 0.16730401529636713
3 0.18377438507209498 0.6381453154875717 0.21346055979643766 0.18961759082217966
12 0.3936980491942324 0.17049713193116636 0.21062765055131472 0.207131931166348
11 0.3944020356234097 0.4031166347992352 0.21062765055131466 0.17527724665391972
4 0.6050296861747244 0.17367112810707455 0.21346055979643772 0.2103250478011472
7 0.823791348600509 0.1617208413001912 0.2169889737065309 0.2182982791586998
10 0.3944020356234097 0.6269980879541109 0.21204410517387617 0.18323135755258135
5 0.6082103477523325 0.4063097514340344 0.2099236641221374 0.19439770554493305
6 0.6078625954198473 0.6325621414913958 0.21204410517387617 0.18801147227533468
8 0.8230873621713317 0.3919694072657744 0.216988973706531 0.18801147227533457
9 0.8220271416454623 0.6238049713193117 0.2162849872773538 0.2374187380497131
2 0.5032485156912638 0.8540535372848949 0.8538337574215435 0.15296367112810708