0 0.18063505503810334 0.18961759082217974 0.2116850127011008 0.1115487571701721
12 0.39337849280270953 0.17128107074569787 0.21238780694326845 0.19598470363288717
4 0.6068331922099915 0.20154875717017207 0.21309060118543613 0.12906309751434034
7 0.8223962743437765 0.21032504780114722 0.22367485182049107 0.18164435946462715
1 0.18204911092294665 0.39833652007648185 0.21591871295512277 0.18801147227533457
11 0.396553767993226 0.3951625239005736 0.2116850127011007 0.1848374760994264
5 0.607891617273497 0.4182600382409178 0.21238780694326836 0.1959847036328872
8 0.821337849280271 0.4063097514340344 0.2173327688399662 0.2198852772466539
3 0.18522438611346317 0.6548757170172084 0.21380186282811178 0.11791586998087947
10 0.39585097375105843 0.6246080305927343 0.21309906858594413 0.18801147227533468
6 0.6092972057578324 0.642925430210325 0.21098221845893317 0.25015296367112816
9 0.8227519051651142 0.6206118546845124 0.2173327688399661 0.23422562141491396
2 0.5052243861134631 0.8556405353728489 0.8537933954276039 0.16571701720841292