0 0.18240474174428448 0.16105769230769232 0.21380186282811176 0.18109615384615388
1 0.18275190516511433 0.40384615384615385 0.21309906858594413 0.18590384615384614
3 0.18310753598645216 0.65625 0.21380186282811178 0.19071153846153838
12 0.3940897544453853 0.1842884615384615 0.21098221845893309 0.2115384615384615
11 0.39549534292972055 0.41025 0.21098221845893309 0.17628846153846156
10 0.3951481795088908 0.6394230769230769 0.21168501270110082 0.16346153846153846
4 0.6068331922099915 0.19551923076923078 0.21027095681625735 0.2179423076923077
5 0.6082387806943269 0.42388461538461536 0.20886536833192215 0.21313461538461537
6 0.6068331922099915 0.6442307692307693 0.21027095681625735 0.22755769230769238
7 0.8199237933954275 0.14823076923076922 0.2201524132091447 0.21313461538461542
8 0.8227519051651143 0.379 0.2201524132091449 0.21955769230769234
9 0.823454699407282 0.6057692307692307 0.2215664690939882 0.24678846153846162
2 0.5023962743437764 0.8621730769230769 0.855207451312447 0.1698653846153847