0 0.17862478777589133 0.17800766283524905 0.2157640067911715 0.17400383141762454
1 0.1800339558573854 0.38473180076628355 0.2157640067911715 0.210727969348659
3 0.18109507640067912 0.632183908045977 0.21788624787775893 0.19157088122605365
12 0.39261460101867574 0.1835823754789272 0.21364176570458404 0.18519157088122604
11 0.3943803056027165 0.41825670498084294 0.21151952461799656 0.15963601532567046
4 0.605899830220713 0.17082375478927203 0.2129286926994906 0.1787931034482759
10 0.39509337860780985 0.6241954022988505 0.21151952461799656 0.20434865900383134
5 0.6066044142614602 0.40948275862068967 0.21151952461799667 0.2474521072796934
6 0.6069609507640068 0.6377777777777778 0.21222410865874364 0.2474521072796934
7 0.8195415959252972 0.1500574712643678 0.21434634974533118 0.2266858237547893
8 0.8216638370118846 0.3823371647509579 0.21717317487266558 0.23467432950191577
9 0.8213073005093379 0.617816091954023 0.21788624787775898 0.23308429118773938
2 0.5022665534804754 0.8532950191570882 0.8573853989813244 0.18358237547892728