0 0.18063505503810334 0.18961759082217974 0.21168501270110077 0.11106118546845126
12 0.39337849280270953 0.17128107074569787 0.21249576629974606 0.1967017208413002
4 0.6068331922099915 0.20154875717017207 0.21267146486028804 0.12834608030592734
7 0.8223962743437765 0.21032504780114722 0.22357324301439455 0.18307839388145317
1 0.18204911092294665 0.39833652007648185 0.21528365791701948 0.1875382409177821
11 0.396553767993226 0.3951625239005736 0.21168501270110077 0.1853107074569789
5 0.607891617273497 0.4182600382409178 0.21186071126164266 0.19526768642447417
8 0.821337849280271 0.4063097514340344 0.21690728196443693 0.2198852772466539
3 0.18522438611346317 0.6548757170172084 0.21411939034716343 0.11695506692160615
10 0.39585097375105843 0.6246080305927343 0.21267358171041492 0.1875382409177822
6 0.6092972057578324 0.642925430210325 0.21087425910245555 0.2503967495219885
9 0.8227519051651142 0.6206118546845124 0.21754233700254025 0.23494263862332695
2 0.5052243861134631 0.8556405353728489 0.8535838272650298 0.16619024856596562