0 0.17862478777589133 0.17800766283524905 0.2162924448217317 0.17281130268199235
1 0.1800339558573854 0.38473180076628355 0.2156557724957555 0.210727969348659
3 0.18109507640067915 0.632183908045977 0.2180963497453311 0.19157088122605365
12 0.39261460101867574 0.1835823754789272 0.21321519524618 0.18566570881226052
11 0.3943803056027165 0.41825670498084294 0.21141129032258058 0.15916187739463608
4 0.605899830220713 0.17082375478927203 0.21303692699490662 0.1783189655172414
10 0.39509337860780985 0.6241954022988505 0.21141129032258058 0.20482279693486571
5 0.6066044142614602 0.40948275862068967 0.21141129032258066 0.2472078544061303
6 0.6069609507640068 0.6377777777777778 0.21222410865874364 0.2486446360153255
7 0.8195415959252972 0.1500574712643678 0.2146646859083192 0.2262116858237548
8 0.8216638370118846 0.3823371647509579 0.21728140916808147 0.2353927203065134
9 0.8213073005093379 0.617816091954023 0.2180963497453311 0.2321216475095786
2 0.5022665534804754 0.8532950191570882 0.8573853989813243 0.1823898467432952