0 0.18180814940577247 0.18118773946360153 0.2105963497453311 0.13593390804597702
1 0.18180814940577247 0.40948275862068967 0.21484083191850598 0.10943486590038314
3 0.1814516129032258 0.6569348659003832 0.21827249575551783 0.1263553639846745
12 0.39403225806451614 0.19795019157088123 0.21385186757215613 0.12084770114942531
11 0.39615449915110357 0.41586206896551725 0.21385186757215613 0.1344971264367817
10 0.3972156196943973 0.6505363984674329 0.2120479626485568 0.1285919540229885
4 0.6073174872665534 0.1835823754789272 0.20978353140916808 0.10169061302681995
5 0.6090831918505942 0.4342337164750958 0.20797962648556875 0.13777298850574704
6 0.6097877758913413 0.6489463601532567 0.21222410865874364 0.17057950191570884
7 0.8202461799660441 0.1372988505747126 0.21565577249575554 0.2549473180076629
8 0.822011884550085 0.3903256704980843 0.2190853140916808 0.21256226053639843
9 0.8230730050933786 0.6218007662835249 0.21629244482173177 0.19707854406130268
2 0.5036757215619694 0.8820306513409962 0.8573853989813243 0.1285919540229885