0 0.16987179487179488 0.1688910133843212 0.2204059829059829 0.18164435946462715
1 0.1737863247863248 0.4063097514340344 0.21531410256410252 0.16619024856596562
12 0.3863931623931624 0.17686424474187382 0.21349786324786316 0.19709847036328867
3 0.17841880341880342 0.6445124282982791 0.218767094017094 0.16069311663479904
11 0.38924786324786326 0.40869980879541107 0.2144935897435898 0.18347514340344165
10 0.39387179487179486 0.6445124282982791 0.2110405982905982 0.1643546845124285
4 0.6011367521367522 0.1681070745697897 0.21531410256410258 0.1871414913957935
5 0.6043418803418804 0.428623326959847 0.21349786324786327 0.21399139579349896
6 0.6061282051282051 0.662848948374761 0.21203632478632478 0.22355162523900554
7 0.8187350427350428 0.17527724665391972 0.218767094017094 0.21032504780114722
8 0.8205128205128205 0.3839961759082219 0.2185897435897436 0.2198852772466539
9 0.8212222222222222 0.6182217973231358 0.21794871794871795 0.22355162523900554
2 0.5024957264957265 0.864397705544933 0.8581559829059827 0.20626195028680688