0 0.1830619168787108 0.19120458891013384 0.21487701441899912 0.13703632887189296
12 0.3944020356234097 0.1951816443594646 0.21204410517387617 0.14181644359464624
4 0.6092705682782019 0.18562141491395792 0.2092196776929602 0.13543021032504782
7 0.8209669211195928 0.15137667304015298 0.21558100084817639 0.22944550669216063
8 0.8206106870229007 0.3967495219885277 0.21910941475826967 0.22307839388145312
5 0.6085665818490246 0.40789674952198857 0.2092196776929602 0.18801147227533457
1 0.18271416454622558 0.40472275334608027 0.21840542832909246 0.18801147227533457
11 0.3982866836301951 0.3983365200764819 0.21274809160305347 0.21988527724665397
9 0.8234351145038169 0.6317782026768642 0.21910941475826975 0.21829827915869973
6 0.6099745547073792 0.6676099426386234 0.21628498727735368 0.15296367112810708
10 0.39723494486853256 0.64848948374761 0.21204410517387612 0.124282982791587
3 0.18377438507209498 0.6532887189292543 0.21487701441899912 0.11791586998087947
2 0.5064291772688718 0.875564053537285 0.8587786259541984 0.12269598470363281