0 0.18180814940577247 0.18118773946360153 0.2108064516129032 0.13568965517241383
1 0.18180814940577247 0.40948275862068967 0.2150509337860781 0.11015325670498084
3 0.1814516129032258 0.6569348659003832 0.21859083191850595 0.1261111111111112
12 0.39403225806451614 0.19795019157088123 0.213641765704584 0.12132183908045979
11 0.39615449915110357 0.41586206896551725 0.213641765704584 0.13568965517241377
10 0.3972156196943973 0.6505363984674329 0.21151952461799656 0.12931034482758622
4 0.6073174872665534 0.1835823754789272 0.2101018675721562 0.10216475095785443
5 0.6090831918505942 0.4342337164750958 0.20797962648556875 0.13729885057471267
6 0.6097877758913413 0.6489463601532567 0.21222410865874364 0.17082375478927195
7 0.8202461799660441 0.13729885057471264 0.21576400679117153 0.25542145593869736
8 0.822011884550085 0.3903256704980843 0.219295415959253 0.21231800766283526
9 0.8230730050933786 0.6218007662835249 0.21576400679117144 0.19636015325670497
2 0.5036757215619694 0.8820306513409962 0.8573853989813242 0.12931034482758622