0 0.18059372349448685 0.16667307692307692 0.21558100084817644 0.16025000000000003
1 0.1820016963528414 0.40303846153846157 0.21416454622561495 0.16826923076923078
3 0.18341815097540287 0.6394230769230769 0.21416454622561493 0.16346153846153846
12 0.3933418150975403 0.17628846153846156 0.21558100084817644 0.1826923076923077
11 0.3944020356234097 0.40225 0.21204410517387617 0.1794807692307692
10 0.3961662425784563 0.6410192307692307 0.21134011874469885 0.18269230769230768
4 0.6071501272264631 0.17628846153846153 0.21204410517387617 0.18590384615384614
5 0.6071501272264631 0.4110576923076923 0.21204410517387617 0.20994230769230768
6 0.6071501272264631 0.6418269230769231 0.21204410517387617 0.18109615384615377
7 0.821314673452078 0.16907692307692307 0.21770144189991514 0.18109615384615382
8 0.8223748939779474 0.38380769230769235 0.21558100084817639 0.20673076923076922
9 0.8230873621713317 0.6193846153846153 0.2212298558100085 0.21634615384615385
2 0.5046649703138253 0.8493653846153847 0.8538337574215438 0.1602500000000001