0 0.18204911092294665 0.17367112810707455 0.21493014394580862 0.16252390057361377
1 0.18346316680778998 0.40550669216061186 0.21330863674851816 0.15336042065009567
3 0.1838103302286198 0.642925430210325 0.21186071126164271 0.14746653919694072
12 0.3962066045723963 0.17447418738049714 0.2098856900931414 0.17025334608030596
11 0.39690939881456394 0.40869980879541107 0.21087425910245555 0.15113288718929258
10 0.39690939881456394 0.6421223709369025 0.21087425910245555 0.13750956022944533
4 0.6075359864521592 0.18005736137667305 0.21168501270110077 0.15663001912045887
5 0.6075359864521592 0.4182600382409178 0.2106964436917866 0.1570267686424474
6 0.6082387806943269 0.6500956022944551 0.21330863674851822 0.21032504780114722
7 0.8241574936494496 0.16252390057361377 0.22177603725656225 0.17208413001912046
8 0.8216934801016089 0.3951625239005736 0.21609441151566466 0.15663001912045882
9 0.821337849280271 0.6341682600382409 0.21330863674851822 0.1338432122370937
2 0.5045131244707874 0.8580305927342257 0.8552074513124471 0.1261137667304015