0 0.18204911092294665 0.17367112810707455 0.21450465707027946 0.16252390057361374
1 0.18346316680778998 0.40550669216061186 0.21309906858594413 0.15455066921606114
3 0.1838103302286198 0.642925430210325 0.2123878069432684 0.14818355640535372
12 0.3962066045723963 0.17447418738049714 0.2095681625740898 0.1704971319311664
11 0.39690939881456394 0.40869980879541107 0.2109822184589331 0.15137667304015298
10 0.39690939881456394 0.6421223709369025 0.2109822184589331 0.13703632887189285
4 0.6075359864521592 0.18005736137667305 0.21168501270110077 0.15615678776290629
5 0.6075359864521592 0.4182600382409178 0.21027095681625735 0.1577437858508604
6 0.6082387806943269 0.6500956022944551 0.21309906858594418 0.21032504780114722
7 0.8241574936494496 0.16252390057361377 0.2215664690939881 0.17208413001912046
8 0.8216934801016089 0.3951625239005736 0.21662150719729045 0.15615678776290634
9 0.821337849280271 0.6341682600382409 0.21309906858594418 0.1338432122370937
2 0.5045131244707874 0.8580305927342257 0.855207451312447 0.12586998087954118