0 0.18085106382978725 0.15872380952380952 0.21560000000000004 0.15556190476190473
1 0.18404255319148935 0.3960380952380952 0.21205957446808507 0.1761904761904762
3 0.18404255319148935 0.6531809523809524 0.21347234042553195 0.1825333333333334
12 0.39610212765957453 0.1872952380952381 0.21063829787234048 0.19365714285714283
11 0.39716595744680855 0.40714285714285714 0.21134468085106387 0.17300952380952384
10 0.39680851063829786 0.6365142857142857 0.21063829787234042 0.17777142857142864
4 0.6095744680851064 0.19127619047619052 0.21205957446808515 0.2142857142857143
5 0.6085106382978723 0.4396761904761905 0.20851063829787234 0.21270476190476192
6 0.6081531914893618 0.6849142857142857 0.21205957446808515 0.27777142857142867
8 0.8237617021276596 0.269847619047619 0.21914893617021286 0.5396761904761904
7 0.8212765957446808 0.16746666666666668 0.2127659574468085 0.3317523809523809
7 0.8217021276595745 0.14857142857142858 0.21872340425531914 0.29714285714285715
9 0.8219829787234044 0.5833333333333334 0.22411063829787237 0.31586666666666674
2 0.5028340425531915 0.8587238095238094 0.8524851063829786 0.17460952380952374