0 0.18114406779661016 0.16540076335877862 0.21398305084745764 0.1494847328244275
1 0.1825593220338983 0.4015648854961832 0.21256779661016947 0.16062977099236644
3 0.1832627118644068 0.6313549618320611 0.21398305084745764 0.14631679389312968
12 0.3937118644067796 0.18368320610687022 0.21398305084745758 0.20515267175572519
11 0.3940677966101695 0.39599236641221375 0.211864406779661 0.15902671755725187
10 0.39548305084745766 0.6361259541984733 0.21044915254237292 0.16221374045801526
4 0.6069915254237288 0.18368320610687022 0.21256779661016942 0.2305916030534351
5 0.6045169491525424 0.4484732824427481 0.21610169491525424 0.3180725190839694
6 0.6055762711864408 0.6798664122137404 0.21398305084745764 0.3228435114503816
7 0.8209745762711864 0.151087786259542 0.22104237288135586 0.2989885496183206
8 0.8213305084745761 0.3522519083969466 0.21751694915254233 0.26240458015267176
9 0.8206186440677967 0.6067175572519085 0.21892372881355934 0.25604961832061063
2 0.5024745762711864 0.8452671755725191 0.8552288135593219 0.1637977099236642