0 0.1826677994902294 0.17095419847328244 0.21566057774001698 0.15449904580152674
1 0.1819626168224299 0.4039503816793893 0.21403355989804584 0.16587309160305336
3 0.18549702633814785 0.6345419847328244 0.21077527612574345 0.13947041984732822
12 0.3957774001699235 0.18129770992366412 0.2140335598980458 0.17906965648854958
11 0.39507221750212407 0.40791984732824427 0.21240441801189464 0.1471851145038168
10 0.39507221750212407 0.6432824427480915 0.21240441801189464 0.13764312977099236
4 0.6092438402718777 0.17971374045801528 0.2122281223449448 0.1658730916030534
5 0.6081818181818183 0.43973282442748085 0.2107752761257434 0.272662213740458
6 0.6085386576040782 0.6583969465648855 0.2115909090909091 0.2980295801526718
7 0.8220050977060323 0.17333969465648852 0.21990866610025486 0.25763358778625955
8 0.8230671197960917 0.40314885496183206 0.21909515717926933 0.23672232824427483
9 0.8209430756159728 0.6416984732824428 0.21583899745114699 0.1926669847328244
2 0.5048173322005098 0.8675190839694656 0.8581138487680544 0.16181774809160288