0 0.18114406779661016 0.16540076335877862 0.21366525423728813 0.1490124045801527
1 0.1825593220338983 0.4015648854961832 0.21267584745762716 0.161817748091603
3 0.1832627118644068 0.6313549618320611 0.21366525423728813 0.1467891221374044
12 0.3937118644067796 0.18368320610687022 0.21430084745762712 0.20586832061068702
11 0.3940677966101695 0.39599236641221375 0.211864406779661 0.15855438931297705
10 0.39548305084745766 0.6361259541984733 0.2102394067796611 0.16221374045801526
4 0.6069915254237288 0.18368320610687022 0.2126758474576271 0.23083492366412212
5 0.6045169491525424 0.4484732824427481 0.21610169491525424 0.31711354961832067
6 0.6055762711864408 0.6798664122137404 0.21430084745762712 0.3226001908396947
7 0.8209745762711864 0.15108778625954197 0.22115042372881355 0.29946087786259534
8 0.8213305084745761 0.3522519083969466 0.21772669491525426 0.2616889312977099
9 0.8206186440677967 0.6067175572519085 0.21871398305084744 0.25580629770992347
2 0.5024745762711864 0.8452671755725191 0.8557563559322032 0.16404103053435132