0 0.18074702886247876 0.17288718929254301 0.21240025466893042 0.1702533460803059
1 0.18215619694397284 0.3991395793499044 0.2162924448217317 0.1665869980879541
3 0.18533955857385404 0.6421223709369025 0.21222410865874364 0.1661902485659654
12 0.39331918505942276 0.17686424474187382 0.21059634974533115 0.188972275334608
11 0.3957979626485569 0.40869980879541107 0.2071668081494058 0.15479445506692158
10 0.39721561969439734 0.6445124282982791 0.2104202037351443 0.1643546845124285
4 0.6069609507640068 0.1959847036328872 0.21059634974533106 0.20809273422562138
5 0.6069609507640068 0.4541108986615679 0.2089707130730051 0.26179254302103255
6 0.6087266553480476 0.6604588910133844 0.2104202037351443 0.18204110898661585
7 0.8213073005093379 0.17208413001912046 0.21972198641765703 0.16108986615678778
8 0.8206027164685908 0.39755258126195026 0.2164685908319185 0.15336042065009567
9 0.8223684210526315 0.6293881453154876 0.21728140916808147 0.17797801147227552
2 0.5033276740237691 0.8652007648183556 0.8523280984719862 0.16985181644359462