0 0.18074702886247876 0.17288718929254301 0.21292869269949063 0.17049713193116633
1 0.18215619694397284 0.3991395793499044 0.2157640067911715 0.16730401529636713
3 0.18533955857385404 0.6421223709369025 0.21222410865874367 0.16571701720841292
12 0.39331918505942276 0.17686424474187382 0.21080645161290326 0.18801147227533457
11 0.3957979626485569 0.40869980879541107 0.20727504244482176 0.15455066921606114
10 0.39721561969439734 0.6445124282982791 0.21010186757215624 0.16411089866156794
4 0.6069609507640068 0.1959847036328872 0.21080645161290315 0.20713193116634795
5 0.6069609507640068 0.4541108986615679 0.20939728353140924 0.2613193116634798
6 0.6087266553480476 0.6604588910133844 0.2101018675721562 0.18323135755258135
7 0.8213073005093379 0.17208413001912046 0.21929541595925292 0.16252390057361377
8 0.8206027164685908 0.39755258126195026 0.2164685908319186 0.15455066921606114
9 0.8223684210526315 0.6293881453154876 0.21717317487266546 0.178451242829828
2 0.5033276740237691 0.8652007648183556 0.8524363327674023 0.1688910133843213