0 0.18114406779661016 0.1741412213740458 0.21529025423728815 0.150844465648855
1 0.1832627118644068 0.39599236641221375 0.21529025423728815 0.18129770992366412
3 0.18290677966101698 0.6313549618320611 0.21610169491525424 0.14901240458015286
12 0.3940677966101695 0.18129770992366412 0.211864406779661 0.17986641221374045
11 0.39583050847457624 0.40711832061068703 0.21204025423728823 0.15855438931297716
10 0.39583050847457624 0.646469465648855 0.21204025423728823 0.150844465648855
2 0.5041694915254238 0.8563931297709924 0.857521186440678 0.17358301526717554
4 0.6075593220338983 0.19083969465648856 0.21204025423728812 0.19815362595419844
5 0.6075593220338983 0.4389312977099237 0.21204025423728812 0.2172375954198473
6 0.607906779661017 0.6552099236641221 0.210239406779661 0.16809637404580172
7 0.8204830508474577 0.1407442748091603 0.21871398305084744 0.2235209923664122
8 0.8226016949152543 0.3737213740458015 0.21871398305084744 0.21580629770992374
9 0.821542372881356 0.6218129770992367 0.21790254237288137 0.2062643129770994