0 0.18114406779661016 0.1741412213740458 0.21539830508474572 0.15108778625954203
1 0.1832627118644068 0.39599236641221375 0.21539830508474572 0.18129770992366412
3 0.18290677966101698 0.6313549618320611 0.21610169491525427 0.14948473282442756
12 0.3940677966101695 0.18129770992366412 0.211864406779661 0.18129770992366412
11 0.39583050847457624 0.40711832061068703 0.21256779661016953 0.15902671755725187
10 0.39583050847457624 0.646469465648855 0.21256779661016953 0.15108778625954192
2 0.5041694915254238 0.8563931297709924 0.8572033898305086 0.17333969465648863
4 0.6075593220338983 0.19083969465648856 0.21256779661016942 0.19719465648854959
5 0.6075593220338983 0.4389312977099237 0.21256779661016942 0.2162786259541985
6 0.607906779661017 0.6552099236641221 0.2104491525423728 0.16856870229007642
7 0.8204830508474577 0.1407442748091603 0.21892372881355934 0.22423664122137404
8 0.8226016949152543 0.3737213740458015 0.21892372881355934 0.21627862595419844
9 0.821542372881356 0.6218129770992367 0.21822033898305093 0.2067366412213741