0 0.1826677994902294 0.17095419847328244 0.2152336448598131 0.15425572519083972
1 0.1819626168224299 0.4039503816793893 0.21382327952421412 0.16540076335877865
3 0.18549702633814785 0.6345419847328244 0.21098555649957518 0.13994274809160312
12 0.3957774001699235 0.18129770992366412 0.21382327952421407 0.17811068702290073
11 0.39507221750212407 0.40791984732824427 0.21240441801189464 0.14790076335877864
10 0.39507221750212407 0.6432824427480915 0.21240441801189464 0.1383587786259542
4 0.6092438402718777 0.17971374045801528 0.2116992353440952 0.1654007633587786
5 0.6081818181818183 0.43973282442748085 0.21098555649957512 0.2719465648854961
6 0.6085386576040782 0.6583969465648855 0.2116992353440952 0.29898854961832055
7 0.8220050977060323 0.17333969465648852 0.2194817332200509 0.25763358778625955
8 0.8230671197960917 0.40314885496183206 0.21877655055225148 0.2369656488549618
9 0.8209430756159728 0.6416984732824428 0.21594732370433312 0.1924236641221375
2 0.5048173322005098 0.8675190839694656 0.8581138487680545 0.16062977099236633