0 0.18085106382978725 0.15872380952380952 0.21538936170212764 0.1560333333333333
1 0.18404255319148935 0.3960380952380952 0.21195106382978726 0.17547619047619048
3 0.18404255319148935 0.6531809523809524 0.21358085106382976 0.18277619047619065
12 0.39610212765957453 0.1872952380952381 0.2103191489361702 0.1941285714285714
11 0.39716595744680855 0.40714285714285714 0.21113404255319157 0.1732523809523809
10 0.39680851063829786 0.6365142857142857 0.21095744680851064 0.17730000000000018
4 0.6095744680851064 0.19127619047619052 0.21195106382978726 0.215
5 0.6085106382978723 0.4396761904761905 0.20914893617021277 0.2131761904761904
6 0.6081531914893618 0.6849142857142857 0.21195106382978726 0.2765857142857145
8 0.8237617021276596 0.26984761904761895 0.21946808510638297 0.5392047619047619
7 0.8212765957446808 0.16746666666666665 0.2127659574468085 0.33150952380952375
7 0.8217021276595745 0.14857142857142858 0.21872340425531914 0.29714285714285715
9 0.8219829787234044 0.5833333333333334 0.2239 0.3161095238095238
2 0.5028340425531915 0.8587238095238094 0.8526957446808509 0.1750809523809522