0 0.18302312464749013 0.83125 0.21489001692047377 0.15
1 0.18274111675126903 0.59375 0.21432600112803157 0.16875
2 0.18104906937394247 0.365 0.21545403271291597 0.16125
12 0.3948110547095319 0.819375 0.20755781161872533 0.18875
11 0.3965031020868584 0.595 0.20642978003384094 0.1775
10 0.392272983643542 0.361875 0.2092498589960519 0.17
4 0.6057529610829103 0.81125 0.2098138747884941 0.2025
5 0.6049069373942471 0.53875 0.21150592216582065 0.29
6 0.6040609137055838 0.31375 0.2098138747884941 0.3375
7 0.8181049069373942 0.83 0.2137619853355894 0.30625
8 0.8178228990411731 0.6275 0.21432600112803157 0.27375
9 0.8181049069373942 0.384375 0.21489001692047377 0.2375
9 0.49802594472645234 0.13875 0.8522278623801467 0.185