0 0.8148984198645598 0.1342557352052651 0.21952595936794583 0.19050772770335217
1 0.8154627539503386 0.37354311829114556 0.21331828442437922 0.15894098195030376
2 0.8182844243792325 0.607763409035409 0.21275395033860045 0.17656589652233007
3 0.5053611738148984 0.8441941226754275 0.8459367945823928 0.19990041169599748
12 0.6001693002257337 0.17923518639300878 0.21275395033860045 0.2231653927439926
11 0.6046839729119639 0.39328236191128635 0.21049661399548533 0.1765365875560282
10 0.6077878103837472 0.6130153618307318 0.20936794582392776 0.18030027060436318
4 0.3902370203160271 0.18259064318101306 0.21162528216704288 0.21433461735404058
5 0.39334085778781036 0.4451448017906349 0.20711060948081264 0.2646538331745851
6 0.3958803611738149 0.6737012498584569 0.208803611738149 0.27727027333759896
7 0.17663656884875847 0.17654788321054277 0.2200902934537246 0.26734125141847936
8 0.18171557562076748 0.40821997330084686 0.2178329571106095 0.24464191726326046
9 0.18594808126410836 0.6329761021124563 0.21839729119638826 0.2534653654116369