0 0.18018363827566536 0.17002518891687657 0.22001515611841554 0.18765743073047858
1 0.1841934507271786 0.4093198992443325 0.21372540118315936 0.1561712846347607
2 0.18536681835129387 0.6429471032745592 0.21320703189272674 0.17380352644836272
3 0.5022178013754517 0.8507556675062973 0.84642927453253 0.1889168765743073
12 0.39554275599362193 0.1952141057934509 0.2133285102804273 0.22040302267002518
11 0.39497223176555335 0.4093198992443325 0.21094969554961163 0.17380352644836272
10 0.3958273171504358 0.6290931989924433 0.20983087697705685 0.17758186397984888
4 0.6054339959074837 0.17947103274559195 0.21217685971119676 0.21158690176322417
5 0.6069650441668427 0.4420654911838791 0.2077935150116697 0.2619647355163728
6 0.6086896130780663 0.6706549118387909 0.20951934926568205 0.27455919395465994
7 0.8184028076957881 0.15365239294710328 0.22077976538391678 0.26448362720403024
8 0.8178798898628995 0.38602015113350124 0.21846333144678529 0.24181360201511334
9 0.8176194398748946 0.610831234256927 0.21905064793023715 0.2506297229219144