0 0.18346610661279128 0.17110985721706876 0.21528377866740817 0.1527707414474675
1 0.18380755481588296 0.40860622107343686 0.2147689830933327 0.1715134691602037
2 0.18271599410263129 0.6373344042116458 0.21587732659087044 0.1640280137347311
12 0.39528520947979867 0.1857156010845859 0.20805329515028434 0.19142620171303945
11 0.3975662588035812 0.410112417946377 0.20689573143437992 0.18016165713851195
10 0.3939481117419586 0.6431828757918993 0.20969612230924412 0.1726980185748306
4 0.6062484446144694 0.19656043652120755 0.21034545314685554 0.20520529086209421
5 0.6061177547660702 0.46904952809031203 0.21226719487656037 0.2927271077238853
6 0.6058623736978086 0.6940386196594165 0.21069983871909634 0.3402052908620942
7 0.8185511702505865 0.18054845267598843 0.21456591556891375 0.3090061968729401
8 0.8188007407127268 0.38304481653235656 0.2150446163161867 0.27651346916020386
9 0.8197209707737708 0.6261734526759885 0.21551347301978666 0.2402707414474675
9 0.5002867934234339 0.8676714296538419 0.8527135018680324 0.19598842605544178