0 0.19850377731319663 0.8809910365346257 0.20453512922136052 0.14154546307803306
1 0.19246979963847136 0.6423319092247761 0.2161872513134998 0.13620990479165906
2 0.1841418701028841 0.3259443477477735 0.22623088503708194 0.15279091751146054
3 0.510983349466998 0.10707356231996545 0.9021127002855066 0.1796981569569537
12 0.3935207459834785 0.8770812964537548 0.19293148904431254 0.16516255701340157
11 0.3962004068724349 0.6522449976868944 0.19869694769651802 0.1396428583089714
10 0.40029733036845605 0.36435335476046615 0.21369209950500892 0.1380061506976318
4 0.581892864848885 0.8648597782403651 0.19301390829996762 0.19624116761669225
5 0.5929907024225843 0.6081371509508531 0.19982602071190816 0.2511708616541467
6 0.6062203552447083 0.33315957772811877 0.20896844642102924 0.24214708857904724
7 0.7713356006284535 0.9202958957577186 0.19284422159714837 0.13225579284521144
8 0.7877943506664645 0.684666167725558 0.19951088826381483 0.1323408799356824
9 0.8185409721588705 0.40351341063816193 0.21703028102985134 0.13987684780776674