0 0.8719886294884953 0.15679203717114207 0.2560227410230095 0.1693360138610057
1 0.8708715570833965 0.4957948094755861 0.25825688583320705 0.18293477880887646
2 0.8702367945903646 0.834807442508523 0.2582033854404237 0.14901675226714461
12 0.6168471324153615 0.15662666487992583 0.2551329275949012 0.1693162924040194
11 0.6177288972460844 0.4854402242019597 0.2613738372358217 0.16600534772349004
10 0.6131919090517453 0.8329668764200558 0.25978406615858274 0.15581613474108003
4 0.3574675872358216 0.15820551148541256 0.26296360831306054 0.17619456070589998
5 0.3599118520665446 0.48699934935046013 0.26648858411256365 0.32538654599275396
6 0.3583953247427898 0.7955035078071261 0.26484427088084705 0.2948583499594965
7 0.1175011173882468 0.11693929181387974 0.2318772347764936 0.23387858362775948
8 0.11530787919390761 0.46296711330101786 0.2287976865718917 0.25372679034711687
9 0.11701634582002865 0.8087199644369315 0.2303601865718917 0.2537465118041031