0 0.8550363036774492 0.8462305784762768 0.26647199650290365 0.17269820782648185
1 0.8534867292900888 0.519541783925012 0.26527687638152736 0.1779738220333313
2 0.8525874764187759 0.17564952663590214 0.2653472249886729 0.20442884848835777
12 0.5926280380672655 0.8548614490291269 0.2604401170103059 0.17791225769670752
11 0.5910819811102624 0.5268499031551108 0.26406065167800735 0.17531292830367257
10 0.5896133076211197 0.1697378281805656 0.26280221781020013 0.15677901870099817
4 0.33142192743917254 0.8661224311433237 0.2652417020779544 0.1647463088058181
5 0.32980903930538097 0.5632431604015826 0.26553013136725206 0.2732119172714266
6 0.32786591581805524 0.15719698202731647 0.2667111817671991 0.2626452977735719
7 0.1011177951795057 0.8809591945797971 0.2022355903590114 0.1745279830117184
8 0.09977534608317441 0.5251775664700813 0.19955069216634883 0.17186708928205965
9 0.09897769559217184 0.19715062951190915 0.1979553911843437 0.1347992700767108