0 0.18541666666666667 0.8839779005524862 0.2175 0.17495395948434622
1 0.17708333333333334 0.6639042357274402 0.22666666666666666 0.20810313075506445
2 0.16583333333333333 0.42357274401473294 0.23666666666666666 0.2430939226519337
3 0.49166666666666664 0.1869244935543278 0.9391666666666667 0.18968692449355432
12 0.39958333333333335 0.8839779005524862 0.20416666666666666 0.2154696132596685
11 0.3983333333333333 0.6639042357274402 0.2125 0.23388581952117865
10 0.39375 0.4152854511970534 0.2275 0.27624309392265195
4 0.6029166666666667 0.8793738489871087 0.20166666666666666 0.2283609576427256
5 0.6058333333333333 0.6565377532228361 0.21166666666666667 0.2504604051565378
6 0.615 0.4208103130755064 0.2225 0.26703499079189685
7 0.7975 0.8968692449355433 0.20666666666666667 0.20626151012891344
8 0.8108333333333333 0.6685082872928176 0.21 0.20810313075506445
9 0.8270833333333333 0.4539594843462247 0.21416666666666667 0.21731123388581952