0 0.8601814438177866 0.10884353741496598 0.2367996873772551 0.16132167152575316
1 0.8621094905086694 0.35082604470359574 0.23733910189707808 0.17881438289601556
2 0.8655080624239768 0.5947521865889213 0.23637674308313983 0.1836734693877551
3 0.5149439187788639 0.8527696793002916 0.9306729102621667 0.17006802721088435
12 0.627303956045729 0.12001943634596696 0.2354200657436265 0.19047619047619047
11 0.6292462064226736 0.36686103012633625 0.23391545167265315 0.17687074829931973
10 0.6341153035624059 0.6127308066083577 0.23341012599937905 0.17103984450923226
4 0.39587284723179084 0.12487852283770651 0.2369161576029628 0.20116618075801748
5 0.39861853791404506 0.39601554907677355 0.23453156609721038 0.2206025267249757
6 0.40075663638337927 0.6263362487852284 0.2329360484354409 0.17589893100097181
7 0.16248151157482185 0.12730806608357628 0.23885223817968854 0.19533527696793002
8 0.16568423539773983 0.3877551020408163 0.23884655670526372 0.1933916423712342
9 0.1678535819764102 0.6287657920310982 0.24020913391561804 0.15840621963070942