0 0.8533333333333334 0.8890814558058926 0.25583333333333336 0.15944540727902945
1 0.8504166666666667 0.6464471403812825 0.25583333333333336 0.13344887348353554
2 0.8545833333333334 0.36741767764298094 0.25833333333333336 0.17504332755632582
12 0.60625 0.8968804159445407 0.2375 0.16291161178509533
11 0.6066666666666667 0.6516464471403813 0.24083333333333334 0.17677642980935876
10 0.6045833333333334 0.38128249566724437 0.2425 0.15944540727902945
4 0.37625 0.8960138648180243 0.22833333333333333 0.1854419410745234
5 0.3720833333333333 0.67157712305026 0.235 0.19930675909878684
6 0.37 0.41161178509532065 0.23666666666666666 0.16464471403812825
7 0.15125 0.902946273830156 0.22916666666666666 0.19410745233968804
8 0.14041666666666666 0.6793760831889082 0.23583333333333334 0.17157712305025996
9 0.13166666666666665 0.41594454072790293 0.24083333333333334 0.16291161178509533
3 0.49291666666666667 0.1438474870017331 0.9775 0.19410745233968804