0 0.16697695092325096 0.09953343701399689 0.23712724486003395 0.14774494556765164
12 0.3965821011183754 0.10653188180404355 0.2321805749666343 0.16485225505443235
4 0.6232851292213605 0.1181959564541213 0.22380360790971887 0.15085536547433903
7 0.8569624063487234 0.09486780715396578 0.24470481592418006 0.17262830482115085
1 0.1623287226107813 0.34603421461897355 0.23547997095940384 0.15396578538102643
11 0.3948650840470998 0.35769828926905134 0.23296542638487647 0.14930015552099535
10 0.3886495769939006 0.6360808709175739 0.2439151163144288 0.18662519440124417
2 0.15697563803997025 0.6337480559875583 0.24542179266129424 0.13530326594090203
3 0.5106122611457428 0.864696734059098 0.9622436014562531 0.18506998444790046
5 0.6199184141537002 0.374805598755832 0.22385208982481003 0.16640746500777606
6 0.6245677536786438 0.6632970451010887 0.22962724486003405 0.14774494556765164
8 0.8548602358555907 0.3561430793157076 0.24736965443549025 0.2255054432348367
9 0.8582183657527065 0.6314152410575428 0.24402662471913875 0.2223950233281493