0 0.844482421875 0.1820684212323757 0.228515625 0.1452370550307882
1 0.8408203125 0.3925602510405614 0.22705078125 0.14033719810751388
12 0.60693359375 0.17262542729002198 0.24658203125 0.15228320708450432
11 0.60302734375 0.38702634783542006 0.248046875 0.1571830640077786
4 0.3681640625 0.15782554328373016 0.23974609375 0.21470366644255767
5 0.36474609375 0.38442781360470346 0.2373046875 0.20686275907043394
2 0.8388671875 0.6044970394382605 0.232421875 0.15797781932618626
10 0.603271484375 0.5911250695982078 0.248046875 0.17671431400777848
6 0.36181640625 0.595399402451252 0.24462890625 0.25186985618680535
7 0.1396484375 0.15657822331451832 0.216796875 0.18709288714459393
8 0.1376953125 0.37828063671221734 0.22314453125 0.17544799631211583
9 0.133544921875 0.5765711167448277 0.220703125 0.1373336514399921