0 0.8133910321575176 0.9008810572687225 0.2387939115267007 0.1395007342143906
1 0.8163289600797384 0.6549192364170338 0.2404993637254404 0.1512481644640235
2 0.8145526534978794 0.36930983847283405 0.25477753879681697 0.18502202643171806
3 0.482912096278276 0.12481644640234948 0.9371466376260703 0.14537444933920704
12 0.5929161871927414 0.8832599118942731 0.21300906010845855 0.15418502202643172
11 0.5884268379875992 0.6593245227606461 0.2188181524842461 0.14684287812041116
10 0.5809020414238165 0.39941262848751835 0.2213375452502828 0.1527165932452276
4 0.38746073499400163 0.8715124816446402 0.19808663117260475 0.1776798825256975
5 0.37925289903366877 0.6571218795888399 0.20722420869021657 0.16886930983847284
6 0.3655362807679957 0.41483113069016153 0.21303330106600432 0.16152716593245228
7 0.18500194462182928 0.8839941262848752 0.2030575420235499 0.16886930983847284
8 0.17012501789907514 0.6688693098384728 0.21632784886726455 0.14977973568281938
9 0.1531065795448781 0.43612334801762115 0.21547997095940383 0.14537444933920704