0 0.11162203550615411 0.8605039175937897 0.20688752806465216 0.18477407137744264
0 0.10776873376696651 0.5425626222199349 0.20436422306417235 0.1906107573081023
1 0.11029752485652862 0.20985883423633042 0.20095551820033583 0.18078048075380904
12 0.3168073901161836 0.8479582742881993 0.20861895161667213 0.20045241904793537
11 0.3129467053442409 0.5329523996579845 0.2069564363703657 0.21217133165141525
10 0.3121135507774149 0.19148789018562037 0.20858449746381535 0.18675378891094918
4 0.5249218344945961 0.8480929393889919 0.2094649753053354 0.2004638042334755
5 0.5202471191759286 0.5203782933885441 0.20862879566034556 0.2043663133727886
6 0.5215265628198424 0.17986379453354318 0.2052200907965089 0.1945360368184955
7 0.730940907738697 0.840428278803928 0.20780738208086563 0.21413966399938175
8 0.7246036771737231 0.5009947202000007 0.2069712024358758 0.21804217313869487
9 0.7258658937412087 0.16732953641349282 0.20612025672537587 0.21607384079072828