0 0.13840579710144926 0.07191780821917808 0.23623188405797102 0.1410958904109589
1 0.14094202898550726 0.24315068493150685 0.23405797101449274 0.16027397260273973
2 0.1398550724637681 0.426027397260274 0.23333333333333334 0.16712328767123288
12 0.3695652173913043 0.07328767123287672 0.2289855072463768 0.14657534246575343
11 0.3717391304347826 0.23424657534246576 0.23043478260869565 0.15342465753424658
4 0.6036231884057971 0.08082191780821918 0.2391304347826087 0.14520547945205478
5 0.6054347826086957 0.236986301369863 0.23695652173913043 0.1506849315068493
10 0.37282608695652175 0.4212328767123288 0.2326086956521739 0.17671232876712328
6 0.6068840579710145 0.4246575342465753 0.23405797101449274 0.20273972602739726
7 0.8402173913043478 0.06027397260273973 0.23550724637681159 0.11506849315068493
8 0.8409420289855073 0.2054794520547945 0.2398550724637681 0.1780821917808219
9 0.8416666666666667 0.36095890410958903 0.24420289855072463 0.22602739726027396
3 0.4923913043478261 0.7732876712328767 0.9442028985507246 0.17671232876712328