0 0.166015625 0.6739832225974933 0.2138671875 0.10190699188693304
1 0.16796875 0.5834420009411181 0.2216796875 0.12654676244125077
2 0.16796875 0.4611910306953225 0.2216796875 0.10455452440761559
12 0.37890625 0.6613936843035585 0.2109375 0.10188441298727857
11 0.380859375 0.5630904962823707 0.212890625 0.10189946558704831
10 0.380859375 0.46994689990462174 0.20703125 0.113497257334958
4 0.17236328125 0.3512637088766282 0.21875 0.10194462338635697
1 0.1728515625 0.2503619092840092 0.2216796875 0.13495555933646422
4 0.5888671875 0.6662459914307969 0.208984375 0.09540105508349876
6 0.5927734375 0.48063573440523916 0.205078125 0.15293886708965151
5 0.59033203125 0.5569429212428493 0.2080078125 0.1225604110604572
7 0.80126953125 0.7034586408277992 0.2216796875 0.19058298495095324
8 0.802734375 0.5909214179878464 0.224609375 0.16085135945216011
9 0.81201171875 0.5004366435806072 0.2431640625 0.16358168127157552
8 0.173828125 0.1339399401117077 0.2177734375 0.10064343602567018