0 0.12712506050124206 0.8288135593220339 0.2542501210024841 0.16610169491525423
1 0.12836991881430254 0.48983050847457626 0.2567398376286051 0.17966101694915254
2 0.1316176386618774 0.15423728813559323 0.25820338544042354 0.14576271186440679
12 0.3813529764868743 0.8355932203389831 0.2551329275949012 0.16610169491525423
11 0.38223474131759716 0.5067796610169492 0.2613738372358217 0.16271186440677965
10 0.388635253123258 0.15932203389830507 0.25978406615858285 0.15254237288135594
4 0.6407234313073344 0.8372881355932204 0.2629636083130606 0.17288135593220338
5 0.6400426961380573 0.5084745762711864 0.2664885841125638 0.3220338983050847
6 0.6432136688143025 0.2 0.26484427088084705 0.29152542372881357
7 0.8788819614597596 0.8830508474576271 0.2318772347764934 0.23389830508474577
8 0.8837199732654204 0.535593220338983 0.23036018657189175 0.25084745762711863
9 0.8838659398915414 0.18983050847457628 0.23192268657189175 0.25084745762711863