0 0.8066666666666666 0.09867330016583747 0.23833333333333334 0.1310116086235489
1 0.81125 0.3524046434494196 0.23833333333333334 0.12935323383084577
2 0.8183333333333334 0.6077943615257048 0.24166666666666667 0.0978441127694859
3 0.48625 0.8756218905472637 0.92 0.16086235489220563
12 0.5829166666666666 0.12935323383084577 0.2125 0.14262023217247097
11 0.58625 0.3582089552238806 0.21416666666666667 0.12935323383084577
10 0.5904166666666667 0.6194029850746269 0.2225 0.12603648424543948
4 0.3779166666666667 0.13930348258706468 0.20833333333333334 0.12603648424543948
5 0.37625 0.3656716417910448 0.20833333333333334 0.13764510779436154
6 0.37375 0.6044776119402985 0.21666666666666667 0.208955223880597
7 0.16333333333333333 0.12437810945273632 0.2225 0.14593698175787728
8 0.1625 0.3474295190713101 0.2175 0.1625207296849088
9 0.15291666666666667 0.5961857379767828 0.22833333333333333 0.15091210613598674