0 0.17 0.10857664233576643 0.2325 0.13503649635036497
1 0.17375 0.36678832116788324 0.2325 0.12956204379562045
2 0.17166666666666666 0.6523722627737226 0.23083333333333333 0.12773722627737227
12 0.40041666666666664 0.10857664233576643 0.225 0.15145985401459855
11 0.4008333333333333 0.3531021897810219 0.22583333333333333 0.10948905109489052
10 0.4 0.6496350364963503 0.22916666666666666 0.13138686131386862
4 0.6270833333333333 0.09671532846715329 0.23 0.14051094890510948
5 0.6266666666666667 0.38594890510948904 0.235 0.18065693430656934
6 0.6266666666666667 0.6824817518248175 0.2275 0.22992700729927007
7 0.8625 0.0885036496350365 0.23583333333333334 0.177007299270073
8 0.8604166666666667 0.36405109489051096 0.23416666666666666 0.15693430656934307
9 0.8583333333333333 0.6395985401459854 0.23916666666666667 0.1478102189781022
3 0.5154166666666666 0.9352189781021898 0.9191666666666667 0.12043795620437957