0 0.209011802341493 0.08678774079443555 0.208769670569155 0.1431212166709528
1 0.18260749362255624 0.4401649107728995 0.2337551259946276 0.1386995185400118
2 0.16831048139138002 0.6669180861459869 0.22958361113645182 0.13708905038812633
3 0.5104974952359227 0.9296776152236628 0.9790050095281545 0.14064476955267444
11 0.39959358532258854 0.2766570134030393 0.2204175000760221 0.4061503743979362
12 0.40955237569476094 0.2634642339941684 0.1947926389775813 0.47316077702056597
10 0.3964453166759575 0.7398307253530232 0.22662843674083055 0.2591183597476822
4 0.614537553317115 0.12642838899948997 0.20905086567668452 0.23388803983214215
5 0.616481122506039 0.4848099505484899 0.22334843351409764 0.2762963389037952
6 0.6223537969776823 0.7660584475356287 0.2322780944030539 0.4678831049287426
7 0.8262745187606643 0.15143265937817957 0.21670115961346748 0.28248328313151394
8 0.8406356686939329 0.4833467208444946 0.22896844642102926 0.20750248101440036
9 0.8537562372071015 0.6837962786647831 0.2387599741861368 0.14031909127689082