0 0.8484593245874688 0.12154421215346808 0.27505763838082814 0.15618546259243438
1 0.8523788664034706 0.46370153250941876 0.27062721900301173 0.2199533580199774
2 0.8559625912439675 0.8244810317925068 0.27219750245236024 0.2359314354306545
12 0.5795695672906171 0.14378706176082767 0.27055599843914413 0.19158456369373625
11 0.5850549412707259 0.5001081486777323 0.26979979006854105 0.19512034768343306
10 0.5863077230060294 0.8467341967009496 0.26986210806192545 0.21994304271889425
4 0.31334657007446387 0.16156118370092068 0.2689634585635868 0.16674123805610877
5 0.3177265648527395 0.5347417152006559 0.2735763806363142 0.1756683780895586
6 0.3197733908832007 0.8928822706178254 0.2736431499149403 0.20226412277040967
7 0.08997423684439398 0.18053069842574151 0.1793876117483286 0.1424847024392971
8 0.09087784774846737 0.5404597764399259 0.17956566315799824 0.21340668825489995
9 0.09486638448571617 0.9100993662994227 0.18098905419436936 0.17087412736770452