0 0.1577122103968287 0.83837890625 0.22112355410743234 0.14453125
1 0.15709861115895452 0.62744140625 0.2235365529853085 0.134765625
2 0.15721743379608027 0.41650390625 0.22895878000513137 0.15234375
12 0.39741711345724917 0.82421875 0.2534694275703524 0.185546875
11 0.3951399816397731 0.62890625 0.25726772955628185 0.1484375
10 0.39646388334723076 0.41259765625 0.25336147955628185 0.1484375
4 0.6386450953805235 0.830078125 0.2423554290460599 0.2255859375
5 0.6380400183542864 0.6220703125 0.23787567567968848 0.1962890625
7 0.8666553947072492 0.82421875 0.21787034811575046 0.201171875
8 0.8650595514949502 0.611328125 0.22362461583889237 0.1650390625
6 0.638349007609377 0.392578125 0.2403881003599979 0.220703125
9 0.8680966986832266 0.396484375 0.22117752811446767 0.1630859375