0 0.13181666666666667 0.10133437990580847 0.26060833333333333 0.18552590266875982
1 0.13295833333333335 0.37819466248037675 0.25833333333333336 0.19693877551020406
2 0.14090833333333333 0.6678963893249608 0.25909166666666666 0.1541287284144426
12 0.3890166666666667 0.11773940345368916 0.2507583333333333 0.20122448979591837
11 0.38939166666666664 0.36106750392464676 0.2515166666666666 0.18552590266875987
10 0.39507499999999995 0.6664835164835164 0.24620833333333328 0.16270015698587126
4 0.6359833333333333 0.12987441130298277 0.24015000000000006 0.21978021978021978
5 0.6375 0.37105180533751964 0.23712499999999997 0.21122448979591835
6 0.6367416666666667 0.6393563579277864 0.24015000000000006 0.22833594976452126
7 0.8784083333333332 0.10918367346938775 0.24318333333333336 0.21835164835164836
8 0.87765 0.3446624803767661 0.2446999999999999 0.19552590266875977
9 0.8738666666666668 0.6436420722135008 0.23560833333333334 0.19693877551020414
3 0.50625 0.9246467817896389 0.9875 0.15070643642072212