0 0.1650317910479278 0.1440809968847352 0.2462454296116093 0.13239875389408098
1 0.16707447035967046 0.3987538940809969 0.246269670569155 0.14018691588785046
2 0.16706048139138002 0.661993769470405 0.24869694769651807 0.11682242990654206
3 0.5220198273697894 0.9166666666666666 0.9478733107462031 0.11993769470404984
12 0.4025342151436824 0.14485981308411214 0.24624542961160936 0.13239875389408098
11 0.4046132558917435 0.411214953271028 0.2462163404625545 0.12305295950155763
10 0.4075110853986106 0.6728971962616822 0.2412211886540637 0.12461059190031153
4 0.6408869412430522 0.15109034267912771 0.23875027780311844 0.13395638629283488
5 0.6396568896153257 0.4252336448598131 0.2437599741861368 0.13707165109034267
8 0.866236288834828 0.397196261682243 0.22292664085280345 0.13707165109034267
7 0.8766887613315764 0.1409657320872274 0.24211270028550644 0.14330218068535824
6 0.6387489649198378 0.6690031152647975 0.238735733228591 0.1292834890965732
9 0.866668055682259 0.6697819314641744 0.2320981557109792 0.13862928348909656