0 0.8415971251668279 0.8386075949367089 0.22539755170374862 0.12974683544303797
1 0.8431940486628493 0.5893987341772152 0.22870664407953617 0.12183544303797468
2 0.842714911112801 0.33781645569620256 0.2370981557109792 0.14082278481012658
12 0.6202986432517368 0.8544303797468354 0.21956421837041526 0.12974683544303797
11 0.6143931426520034 0.6060126582278481 0.2303199806396026 0.10443037974683544
10 0.6093258235771125 0.3560126582278481 0.23369209950500894 0.11708860759493671
4 0.3936950030746888 0.8338607594936709 0.2339732946125384 0.2088607594936709
5 0.391503141038637 0.5973101265822784 0.23217087858361612 0.16455696202531644
6 0.38149642435761016 0.3275316455696203 0.23155086567668443 0.23417721518987342
7 0.1748698561062973 0.8583860759493671 0.2448454134779448 0.22151898734177214
8 0.160589812545403 0.6234177215189873 0.2396369412430522 0.15348101265822786
9 0.14879764850573587 0.3924050632911392 0.24460785209399746 0.1439873417721519
3 0.48513789565489174 0.09098101265822785 0.968876330782356 0.17721518987341772