0 0.13033919597989949 0.8633387888707038 0.26067839195979897 0.19803600654664485
1 0.13128140703517588 0.5597381342062193 0.26256281407035176 0.2193126022913257
2 0.13379396984924624 0.24058919803600654 0.26319095477386933 0.22749590834697217
12 0.3853643216080402 0.8756137479541735 0.25690954773869346 0.2127659574468085
11 0.3885050251256281 0.563011456628478 0.25879396984924624 0.2127659574468085
10 0.3922738693467337 0.234860883797054 0.2543969849246231 0.2078559738134206
4 0.6394472361809045 0.851063829787234 0.2550251256281407 0.28314238952536824
5 0.6444723618090452 0.4828150572831424 0.25879396984924624 0.4762684124386252
6 0.6444723618090452 0.1890343698854337 0.25879396984924624 0.37643207855973815
7 0.882537688442211 0.8494271685761048 0.23241206030150754 0.3011456628477905
8 0.8853643216080402 0.5376432078559739 0.2292713567839196 0.29623567921440264
9 0.8853643216080402 0.2332242225859247 0.2292713567839196 0.24386252045826515