0 0.8691358024691358 0.8564625850340136 0.24753086419753087 0.17959183673469387
1 0.8654320987654321 0.6047619047619047 0.24444444444444444 0.19319727891156463
2 0.8632716049382716 0.3251700680272109 0.24444444444444444 0.2054421768707483
12 0.6243827160493827 0.8734693877551021 0.24753086419753087 0.18095238095238095
11 0.6228395061728395 0.6163265306122448 0.24691358024691357 0.2163265306122449
10 0.620679012345679 0.33741496598639453 0.24876543209876542 0.20952380952380953
4 0.3814814814814815 0.8659863945578231 0.24444444444444444 0.2217687074829932
7 0.13580246913580246 0.9 0.24814814814814815 0.1891156462585034
5 0.379320987654321 0.6170068027210884 0.24753086419753087 0.22312925170068026
6 0.3765432098765432 0.2938775510204082 0.24938271604938272 0.3360544217687075
8 0.1367283950617284 0.6755102040816326 0.24567901234567902 0.308843537414966
9 0.13364197530864197 0.4122448979591837 0.24259259259259258 0.2748299319727891
3 0.4959876543209877 0.13333333333333333 0.9839506172839506 0.2503401360544218