0 0.8593172384065683 0.17519480040817037 0.27192902461439644 0.35038960081634074
1 0.8293711241194056 0.4582865826835138 0.23203028102985135 0.11934167708324865
12 0.6145884593279608 0.12883529506125532 0.2424132881590727 0.24250338106725397
4 0.3732730087425877 0.11043071831713004 0.23890541993141057 0.1863923665512979
7 0.1294939195935329 0.1037355706842709 0.25119694769651807 0.11955010400794014
11 0.6055968831618599 0.45293157848451304 0.23177388248610442 0.30469087049475796
2 0.8274240957545648 0.7698447795750065 0.23753934113830988 0.28294745119363135
10 0.5982283399388433 0.7629910462385777 0.22550906010845856 0.16599815272423368
5 0.37470537153041694 0.43675017483596884 0.23222420869021657 0.1816469730334044
6 0.3732283399388433 0.7654377970936526 0.22961270028550662 0.14579424174145283
8 0.1375832526650106 0.4268672660839701 0.2462066440795363 0.12261099656422408
9 0.1399047029885282 0.7710904331482746 0.2380090601084586 0.16613408332729337
3 0.48046466910783264 0.9472996628011255 0.9219624063487237 0.10503819278958991