0 0.8708513287373977 0.859563485760803 0.22863269121795007 0.14924081453165827
1 0.8690174058871896 0.6309119159196741 0.19980189936975018 0.13220940331473102
2 0.8792925937726765 0.31223600600944845 0.22344013164107596 0.13245812094605453
12 0.6519347636502334 0.8591188802780271 0.22041667665454936 0.1510130401106776
11 0.6547077745210602 0.6360921807605957 0.2347214560817298 0.12514212861876903
10 0.6500477125977494 0.32748251893167324 0.24596690490176104 0.10667371993460655
4 0.4273117643716006 0.8753434233752505 0.23276760521511738 0.15671901400980662
5 0.42203319060688005 0.5992562356821917 0.24133639671464 0.264612215940081
6 0.4116039121560116 0.326832451057804 0.23609600297693564 0.2329596338786408
7 0.1857458509866241 0.8867426984578259 0.2565792363194522 0.21087107736603697
8 0.1772166099714341 0.6626676790000218 0.26155056290248746 0.158880536750897
9 0.170946162598148 0.3754172611400279 0.25326877636794526 0.14020666567564122
3 0.5135696718187475 0.10020244406222616 0.9728367392820901 0.19238599814342708