0 0.1630859375 0.32429022082018927 0.22265625 0.08958990536277603
1 0.16552734375 0.44353312302839115 0.220703125 0.10725552050473186
2 0.16845703125 0.5545741324921135 0.21728515625 0.09842271293375394
4 0.1689453125 0.6656151419558359 0.21826171875 0.1028391167192429
3 0.4990234375 0.7703470031545742 0.87158203125 0.1028391167192429
12 0.37451171875 0.32933753943217664 0.201171875 0.08832807570977919
11 0.37451171875 0.44605678233438484 0.19970703125 0.11482649842271293
10 0.3798828125 0.5539432176656152 0.21337890625 0.11293375394321767
4 0.58544921875 0.33690851735015775 0.21826171875 0.10473186119873817
7 0.81005859375 0.33690851735015775 0.228515625 0.09968454258675079
5 0.5859375 0.44227129337539434 0.21875 0.10410094637223975
8 0.81005859375 0.44227129337539434 0.2294921875 0.10599369085173502
6 0.5927734375 0.5451104100946372 0.21435546875 0.09526813880126182
9 0.810546875 0.546372239747634 0.228515625 0.1028391167192429