0 0.8325942619313096 0.13196153448184283 0.23371149227104562 0.14530838019537862
1 0.8260749094994344 0.3900988979696591 0.2337017958880271 0.14165874515888227
2 0.8253161675282557 0.6756828395754985 0.23203028102985135 0.13981269468511978
12 0.6026185028888552 0.11990729902960984 0.22625512599462752 0.16163618955979725
11 0.5994688452266318 0.3644009970415936 0.22698179911476019 0.12150082063609455
10 0.5970143474397317 0.6609126108014078 0.23037331074620282 0.1434410967661015
4 0.3755884996621223 0.09694131614003806 0.23206421837041527 0.1525864173128569
5 0.3735724854036799 0.3852465593066139 0.23717087858361613 0.19279610158086
6 0.37028223018769174 0.6826599653477948 0.22980177975436258 0.24197062627374585
7 0.14061031652391337 0.08573579058038587 0.23711270028550657 0.17089829136188198
8 0.13990248056358046 0.35215914824461947 0.23544118542733078 0.1690522408881194
9 0.13875373697903526 0.6277012852612154 0.24125027780311845 0.16000246864117912
3 0.4783680279509411 0.9280524140011623 0.9203830071292212 0.1438951719976753