0 0.8354166666666667 0.8468343078107746 0.24583333333333332 0.13507205575425504
1 0.8341666666666666 0.5921750036748189 0.24583333333333332 0.1428602177480247
2 0.835 0.32892606624520676 0.24833333333333332 0.11952291788732812
3 0.48083333333333333 0.0781045361356367 0.9475 0.1302412344159754
12 0.5979166666666667 0.848638173069532 0.24583333333333332 0.13507205575425504
11 0.5966666666666667 0.5822966259429221 0.24583333333333332 0.12572626136173168
10 0.5945833333333334 0.3206370380527778 0.24083333333333334 0.12722952151926184
4 0.3595833333333333 0.8449993869728548 0.23833333333333334 0.13654812979117328
5 0.3616666666666667 0.5708334296916595 0.24333333333333335 0.13971776682990492
8 0.135 0.6013356878047122 0.2225 0.13949121582480548
7 0.12375 0.8576885549424815 0.24166666666666667 0.14593017234451253
6 0.36333333333333334 0.3270458352062671 0.23833333333333334 0.1318752325949116
9 0.13541666666666666 0.32874548700267875 0.23166666666666666 0.14114853066580316