0 0.1372868974424761 0.20292207792207792 0.2630272408266178 0.18831168831168832
1 0.13895445745273885 0.5194805194805194 0.2646079215447771 0.19480519480519481
2 0.14219360782208118 0.8392857142857143 0.2614556504675382 0.18506493506493507
12 0.39279655405833436 0.21753246753246752 0.25984769867214014 0.16883116883116883
11 0.3959993429913583 0.5243506493506493 0.2614011083130604 0.16558441558441558
10 0.3984027012062229 0.8246753246753247 0.2582761083130605 0.16558441558441558
10 0.39920213192438214 0.8311688311688312 0.2614829215447771 0.19480519480519481
4 0.6475340510332723 0.2353896103896104 0.2631545058537325 0.23376623376623376
5 0.653085135145836 0.5438311688311688 0.26148292154477704 0.19480519480519481
6 0.6539714451560987 0.8603896103896104 0.26143746974937904 0.17857142857142858
7 0.8880454215447771 0.19480519480519481 0.22230224687674216 0.1525974025974026
8 0.8873323492378742 0.5162337662337663 0.2253353015242517 0.15584415584415584
9 0.888568117191855 0.8457792207792207 0.2228637656162899 0.16558441558441558