0 0.158203125 0.1796875 0.2275390625 0.134765625
1 0.16015625 0.390625 0.22607421875 0.1298828125
12 0.39599609375 0.17578125 0.24560546875 0.140625
11 0.39794921875 0.390625 0.24658203125 0.1455078125
4 0.634765625 0.1669921875 0.23779296875 0.2041015625
5 0.63623046875 0.3935546875 0.23583984375 0.1962890625
2 0.16015625 0.6025390625 0.23095703125 0.1474609375
10 0.39599609375 0.5947265625 0.24658203125 0.1650390625
6 0.63720703125 0.6044921875 0.24267578125 0.240234375
7 0.86328125 0.1708984375 0.21533203125 0.1767578125
8 0.86328125 0.392578125 0.2216796875 0.1650390625
9 0.86572265625 0.5908203125 0.2197265625 0.126953125