0 0.15284940122380372 0.17560074502052547 0.22012426570973326 0.13927541349114247
1 0.15541612546167793 0.3865609709182245 0.22253726458760947 0.12953819586326631
2 0.15847113094955212 0.5975268782903483 0.22747121035743234 0.14717313560751388
12 0.392612539397078 0.18424972396308315 0.2519790171854409 0.17968377182875195
11 0.39318068683955415 0.37956222396308315 0.2562656004213705 0.14262553009857482
10 0.39771473976349025 0.5954279882584812 0.25235935042137037 0.14258007830317654
4 0.6337808658388924 0.17240793482891514 0.2403767374111485 0.21958647894255767
5 0.6363390678651294 0.38043847322661417 0.23638810603198945 0.19122071464715962
7 0.8618025281144676 0.17310805838527854 0.21638277846805143 0.19587058669574442
8 0.8633983713267666 0.38601004633412805 0.22213704619119312 0.1598059518888415
6 0.6399363286100388 0.6099647495731627 0.2384122494622989 0.21565750304485864
9 0.8693944272634901 0.6009162925528004 0.21968995846676842 0.15782441951671777