0 0.19255769882418425 0.9008810572687225 0.23879391152670063 0.1395007342143906
1 0.18799562674640508 0.6549192364170338 0.24049936372544028 0.1512481644640235
2 0.18788598683121271 0.36930983847283405 0.25477753879681697 0.18502202643171806
3 0.5179120962782761 0.12481644640234948 0.9371466376260703 0.14537444933920704
12 0.4129161871927414 0.8832599118942731 0.21300906010845855 0.15418502202643172
11 0.41592683798759905 0.6593245227606461 0.2188181524842463 0.14684287812041116
10 0.42173537475714984 0.39941262848751835 0.2213375452502828 0.1527165932452276
4 0.618294068327335 0.8715124816446402 0.19808663117260455 0.1776798825256975
5 0.6250862323670021 0.6571218795888399 0.20722420869021657 0.16886930983847284
6 0.6372029474346624 0.41483113069016153 0.21303330106600432 0.16152716593245228
7 0.8208352779551626 0.8839941262848752 0.2030575420235497 0.16886930983847284
8 0.8342916845657418 0.6688693098384728 0.21632784886726444 0.14977973568281938
9 0.8497732462115448 0.43612334801762115 0.2154799709594037 0.14537444933920704