0 0.14650044277168592 0.3212624510539068 0.2366320838817247 0.0694158215097992
1 0.1469883984711565 0.42997823129434803 0.23278548936318472 0.0826607376675188
2 0.1484131463496537 0.5475362140255466 0.23082668288875996 0.08138180510162511
12 0.369630770335624 0.32274238264454735 0.22549251872252085 0.0895587986996526
11 0.3701158852978822 0.4320902741365689 0.22297725330499896 0.07310551858014899
10 0.3681226644263794 0.5496739994775506 0.22644919606203429 0.08514137496995715
4 0.5937802714577478 0.3147332904301172 0.21917042910743234 0.09519999225999248
7 0.8203399307205355 0.31365903440465376 0.23281105599809626 0.08834973893174129
5 0.5918040950095194 0.42852434826161717 0.225478315036459 0.0863982424417512
8 0.8218101303944307 0.4211032371105678 0.23085793099809626 0.08833502886900817
6 0.5922579618624413 0.5448254635210218 0.22399642686318466 0.08259454238521965
9 0.8227380748112908 0.5405612311121905 0.23724251683185704 0.09660028284343442
3 0.4843045434531967 0.7725587787729808 0.9066988364795562 0.10669904685785922