0 0.13235343686647932 0.17302935801407887 0.2599386022629363 0.21787460120629268
1 0.13076593837901035 0.49311869306532785 0.2615318767580207 0.25597714674131666
2 0.12790631050124207 0.8564706887217861 0.25581262100248414 0.19709322463255244
12 0.39249150614832 0.1765979785555181 0.26463519262201596 0.22139520151574896
11 0.38768985577897774 0.5174787556300073 0.2630090601084586 0.19715361732955194
10 0.3852455909482548 0.8531390249373118 0.2630181504675383 0.2006138249420087
4 0.6549142380961432 0.20262775222942642 0.2613556565176623 0.16253141030598459
5 0.6493449732654204 0.5383282833347305 0.2613374757995032 0.15561099508107115
6 0.6437847987937771 0.8705686068275778 0.2645533793902993 0.19025333300363828
7 0.8901704820460191 0.16153576819292545 0.21942268657189173 0.25887368918177767
8 0.8876762202403583 0.516227179368742 0.22262949980360816 0.2900558194918879
9 0.8820842295119362 0.8605782295051878 0.22716246369925486 0.23129268277712292