4 0.1368838082114349 0.10596267324044446 0.25473761749180107 0.20962215576174356
12 0.38560635051959374 0.11354150523046332 0.25176955640958465 0.22446718432394488
4 0.633319156346555 0.12485685788998825 0.24976173075411826 0.22195692214126023
7 0.8779940172497266 0.1511038569252771 0.24367419359961032 0.18713085023340484
1 0.13450875869027043 0.47819276441840086 0.2547609121056588 0.21954771407439874
2 0.12958461743888808 0.8703100629773185 0.2568036796819117 0.236946313726066
11 0.3827540951117865 0.4758532562468948 0.24778302336597394 0.2318536078493945
5 0.6294658999377466 0.4871830452086802 0.2507802027155123 0.229415527178012
8 0.8761485864963847 0.5109197820612845 0.245629606373897 0.1673086062126156
10 0.3768085700722777 0.876669854631646 0.2527996756779076 0.2368885685170243
6 0.6246669672358494 0.8259504678370767 0.2539113260947326 0.2840494068043963
9 0.8718035650672726 0.869531103163861 0.2487199641788663 0.20457275879185358