0 0.18916666666666668 0.1239830050405492 0.22083333333333333 0.13404449835314844
1 0.17916666666666667 0.3536689122894542 0.22333333333333333 0.1535317041756528
2 0.16916666666666666 0.6020673943886585 0.22916666666666666 0.14910165149403104
3 0.5104166666666666 0.8676099113161829 0.955 0.18812460024454306
12 0.40625 0.12774879046832444 0.215 0.1220074851665067
11 0.40125 0.364971983613735 0.21916666666666668 0.14899713958125946
10 0.39791666666666664 0.60820061936337 0.2275 0.1685453106862138
4 0.6179166666666667 0.14493101916889728 0.20666666666666667 0.15934554160646244
5 0.6208333333333333 0.3702609030077271 0.2175 0.14748271494110682
6 0.625 0.6218014556260726 0.22583333333333333 0.17152190401013312
7 0.8333333333333334 0.15092489492657984 0.22416666666666665 0.13707334763345352
8 0.84375 0.38082418066406026 0.22916666666666666 0.1311375796377436
9 0.85375 0.6159586326965925 0.23666666666666666 0.14169500548848987