0 0.13088751034963034 0.8817192651473275 0.2604632002315565 0.18888474884081086
1 0.13075425756895082 0.5780948059418817 0.26150851513790163 0.21183609306215934
2 0.1316498748239196 0.25896015249624565 0.26241705624060685 0.22000987730142127
12 0.3862248791216747 0.8864082141132085 0.2561027594640374 0.20518470823741233
11 0.3878650835776372 0.5738202055120897 0.2579871815745901 0.20521327368656567
10 0.3898540753346074 0.24568867631343497 0.2535792334028358 0.20023663733848612
4 0.6397600501366502 0.8542437203795269 0.25374733652551423 0.27552305305043356
5 0.6430948564855603 0.4860330351409733 0.2566911203934116 0.4686871632292289
6 0.642180472346783 0.1922285432023033 0.25709634173859486 0.36886035116672633
7 0.8831663999575706 0.8495357277808767 0.2305974908881232 0.3009285444382466
8 0.8848303581156508 0.5338887871495132 0.22865094371049402 0.28823547008408634
9 0.8845678683825087 0.22945551915488718 0.23041842451831412 0.23589087677710258