0 0.12946875 0.15494915254237288 0.258921875 0.15494915254237285
1 0.12909375 0.4947457627118644 0.2581875 0.1694915254237288
2 0.12946875000000002 0.8321355932203388 0.2574375 0.1372203389830508
12 0.38615625 0.15979661016949154 0.25296874999999996 0.1549491525423729
11 0.3835625 0.48830508474576273 0.259671875 0.15335593220338986
10 0.38653125 0.836949152542373 0.2581875 0.14366101694915262
4 0.64546875 0.16867796610169492 0.26115625 0.16305084745762716
5 0.641734375 0.4963728813559322 0.26265625000000004 0.31152542372881353
6 0.641375 0.8054915254237288 0.26190625 0.2808813559322034
7 0.8850468749999999 0.1299322033898305 0.22990625000000006 0.2275932203389831
8 0.88578125 0.4786101694915254 0.22842187500000008 0.243728813559322
9 0.8839218750000001 0.8248474576271186 0.2321406249999999 0.242135593220339