0 0.15087890625 0.6756160287597119 0.2197265625 0.10172135745087404
1 0.1533203125 0.5654381244842558 0.21875 0.10171398844541348
2 0.1533203125 0.45334186102637103 0.21875 0.09538086621615445
4 0.1572265625 0.3425416980361796 0.2119140625 0.09279603428622842
3 0.482421875 0.2531653045302241 0.8720703125 0.08131136418135926
8 0.15625 0.1519073499300226 0.21875 0.09158099287859911
12 0.375 0.6665409077231247 0.2216796875 0.08780322655742476
11 0.37255859375 0.5632925928725515 0.216796875 0.10676574821790012
10 0.3720703125 0.44675945935145533 0.2158203125 0.1092916281041433
4 0.59765625 0.6625212309617539 0.220703125 0.0941289797812235
5 0.60009765625 0.563742946698964 0.2216796875 0.0966695976783874
6 0.59814453125 0.45226525745308443 0.2236328125 0.10681733125612254
7 0.82421875 0.6629642157827059 0.2333984375 0.08409178128539362
8 0.81640625 0.5736082403064708 0.2119140625 0.09532928317793189
9 0.8154296875 0.45897135895142205 0.2138671875 0.09661064563470455