0 0.1525 0.8659074136349594 0.235 0.13830167974949256
1 0.155 0.5881011170835986 0.24166666666666667 0.1449136775247991
2 0.15916666666666668 0.31109280148056784 0.24166666666666667 0.14654766445290368
12 0.3754166666666667 0.8878742935787004 0.2225 0.12508719045674038
11 0.38708333333333333 0.629571271328123 0.22916666666666666 0.10882337123858289
10 0.39666666666666667 0.34269724348036806 0.23416666666666666 0.10888040878574907
3 0.5179166666666667 0.08067796839716415 0.9641666666666666 0.1613559367943283
4 0.5954166666666667 0.9033384977125367 0.22416666666666665 0.17902777159991323
5 0.6108333333333333 0.6229338737721728 0.23166666666666666 0.1660414324958262
6 0.62875 0.35067066569874866 0.24 0.29358747546659336
7 0.8183333333333334 0.889357665237977 0.23666666666666666 0.205314156317502
8 0.8416666666666667 0.648078418122443 0.25166666666666665 0.2022172951027916
9 0.8533333333333334 0.4208211475058525 0.24583333333333332 0.16456905195135924