0 0.1333709018063801 0.8476190476190476 0.23357288641604565 0.15714285714285714
1 0.13211091668620092 0.6297619047619047 0.23615432718501328 0.15
2 0.13153984972885352 0.4 0.23485981915091292 0.1523809523809524
12 0.3650924956946988 0.8630952380952381 0.23088539145781586 0.13095238095238096
11 0.3645403669854339 0.6273809523809524 0.23093084325321392 0.14523809523809525
10 0.36460519109628714 0.4023809523809524 0.23090811735551484 0.1380952380952381
4 0.5956029098404804 0.85 0.2322935289804112 0.16428571428571428
5 0.5944944307049616 0.5845238095238096 0.2351325299233015 0.23809523809523808
6 0.5978637025941627 0.34404761904761905 0.23386074778690022 0.24761904761904763
7 0.8268060297987102 0.8238095238095238 0.23250563735893573 0.23095238095238096
8 0.8281274854474988 0.6130952380952381 0.23755488940837566 0.18095238095238095
9 0.8275109666947532 0.3976190476190476 0.23224050188578035 0.14761904761904762
3 0.4825312827715061 0.17023809523809524 0.9300738402608837 0.12142857142857143