0 0.83154296875 0.31953428201811124 0.21533203125 0.1054333764553687
1 0.830810546875 0.41009055627425617 0.22314453125 0.13001293661060803
2 0.83251953125 0.5323415265200517 0.22314453125 0.10802069857697283
12 0.618896484375 0.3386157826649418 0.21240234375 0.1054333764553687
11 0.618408203125 0.4372574385510996 0.21435546875 0.1054333764553687
10 0.61962890625 0.5300776196636481 0.20849609375 0.11642949547218628
4 0.82958984375 0.6426261319534282 0.22021484375 0.1054333764553687
1 0.830322265625 0.7432082794307892 0.2236328125 0.1384217335058215
4 0.408935546875 0.34023285899094435 0.2099609375 0.09831824062095731
6 0.407470703125 0.5261966364812419 0.20703125 0.1558861578266494
5 0.408935546875 0.44954721862871927 0.20947265625 0.12548512289780078
7 0.1962890625 0.30983182406209575 0.22412109375 0.19404915912031048
8 0.1962890625 0.42238033635187583 0.2265625 0.16429495472186287
9 0.188232421875 0.5129366106080206 0.2451171875 0.16752910737386806
8 0.8310546875 0.859961190168176 0.21923828125 0.10413971539456662