0 0.8086115487388713 0.18497576736672053 0.23364361758991778 0.10339256865912763
1 0.8094031168381401 0.4765751211631664 0.23114846578142664 0.1050080775444265
2 0.8082398286790675 0.7253634894991923 0.23614361758991775 0.10339256865912763
3 0.4635471332336603 0.9006462035541195 0.9252763469160205 0.09208400646203554
12 0.5835703391110437 0.1987075928917609 0.218696947696518 0.12116316639741519
11 0.5848609931326344 0.462843295638126 0.22280058787356607 0.10016155088852989
10 0.5778546752572102 0.7148626817447497 0.22363392120689943 0.10016155088852989
4 0.36944488207220466 0.18497576736672053 0.21620179588802718 0.12277867528271405
5 0.3631797818914404 0.4676898222940226 0.2186824031219907 0.11631663974151858
6 0.35744528087780725 0.7124394184168013 0.22379875971820978 0.15508885298869143
7 0.15251911496291803 0.13247172859450726 0.2339878391870658 0.21809369951534732
8 0.1379012886827839 0.42164781906300486 0.24231147613738088 0.2148626817447496
9 0.12628012422921703 0.684168012924071 0.24559147936411377 0.19709208400646203