0 0.16552734375 0.6845250752718699 0.2236328125 0.09631833820404904
1 0.166259765625 0.5652876788962967 0.22216796875 0.11397294168074738
2 0.167724609375 0.4542576810978316 0.21875 0.105114440224169
4 0.166748046875 0.3432093305239377 0.2197265625 0.10953818511982959
3 0.495361328125 0.23337677497994588 0.873046875 0.12896042883406195
12 0.376953125 0.6763352458132855 0.2021484375 0.09426408930077959
11 0.375244140625 0.5596031559682771 0.201171875 0.12075517090354158
10 0.379150390625 0.451746085077733 0.21484375 0.11959611679294654
4 0.587646484375 0.6656162512160786 0.2197265625 0.11143092959932471
7 0.812255859375 0.6622573879435484 0.22998046875 0.10646069264413868
5 0.586669921875 0.5602461340806706 0.22021484375 0.11080368532791231
8 0.810791015625 0.5568836002530545 0.23095703125 0.11277718201929467
6 0.592041015625 0.45713193605412195 0.2158203125 0.10193784276116233
9 0.809814453125 0.45277531277064315 0.22998046875 0.10961526677663079