0 0.79125 0.9154929577464789 0.20833333333333334 0.14084507042253522
1 0.81875 0.5618153364632238 0.23333333333333334 0.13615023474178403
2 0.83375 0.3348982785602504 0.22916666666666666 0.13458528951486698
3 0.49166666666666664 0.07042253521126761 0.98 0.14084507042253522
11 0.60125 0.7276995305164319 0.21916666666666668 0.40375586854460094
12 0.59125 0.741001564945227 0.19333333333333333 0.47104851330203446
10 0.6058333333333333 0.2644757433489828 0.22583333333333333 0.2566510172143975
4 0.3858333333333333 0.8802816901408451 0.20833333333333334 0.23161189358372458
5 0.385 0.5219092331768388 0.2225 0.27386541471048514
6 0.38 0.24021909233176839 0.23083333333333333 0.46635367762128327
7 0.17416666666666666 0.8575899843505478 0.21583333333333332 0.28012519561815336
8 0.16083333333333333 0.5258215962441315 0.22833333333333333 0.20500782472613457
9 0.14833333333333334 0.325508607198748 0.23833333333333334 0.13771517996870108