0 0.8273580134306429 0.802748962999665 0.24874058142010028 0.1480720436678146
1 0.8247397883449062 0.5479592025173786 0.24544603361883996 0.16184877714062323
12 0.5877819523845733 0.7972694706496656 0.23203028102985135 0.13232704091095965
11 0.5901443345328 0.5494484614262147 0.22623088503708194 0.1443465144711035
2 0.8198033704407618 0.22837245846094217 0.2353393734056389 0.12373165458841008
4 0.36151983190580045 0.7988592102115406 0.22378906333519155 0.165041758876228
5 0.36015403091581827 0.5432209639688336 0.2321951195411617 0.19104897528056242
7 0.12154005808119236 0.838264630366512 0.24308011616238473 0.30865361306463013
6 0.36379065402159066 0.2867794482595733 0.22926418610308624 0.3343593875098476
10 0.5910848836855712 0.2143880123761283 0.2287163404625547 0.1391953115167561
8 0.12464040041896904 0.5749246998555436 0.23990359177605436 0.2654053836886773
9 0.13560761462504034 0.23048569114696235 0.23549936372544034 0.18072647324125973
3 0.4839897076765834 0.06887764960304846 0.9153539179801665 0.1371122230266476