0 0.8436803613381697 0.9156716417910448 0.24716383559850164 0.16865671641791044
1 0.8462693810686519 0.7268656716417911 0.24928718703850217 0.18507462686567164
2 0.8503008468264062 0.5171641791044777 0.24998421949159355 0.1865671641791045
4 0.8515925638928835 0.2955223880597015 0.2535096993579583 0.208955223880597
4 0.35555410360126877 0.8813432835820896 0.25134199855695966 0.1761194029850746
12 0.6001410147495605 0.8970149253731343 0.2430784031221312 0.19552238805970149
11 0.6013238742935876 0.7156716417910448 0.24862644042622745 0.19701492537313434
10 0.6046643552383865 0.505223880597015 0.24371092741377062 0.17313432835820897
5 0.35684985242783696 0.6582089552238806 0.24967826776730495 0.32985074626865674
5 0.3608107623840029 0.4746268656716418 0.2513782843977764 0.18955223880597014
7 0.11639318515952278 0.8798507462686567 0.23278637031904556 0.1746268656716418
8 0.1180352033112869 0.6865671641791045 0.2360704066225738 0.16716417910447762
9 0.11903058601109402 0.4701492537313433 0.23806117202218804 0.18208955223880596
3 0.4931846672112752 0.08582089552238806 0.9754874051417762 0.16119402985074627