0 0.865607714995078 0.8961037210756748 0.2480049095895347 0.1827659180329158
1 0.8652519751709874 0.6444069985109204 0.24495440236614544 0.1963317831362426
2 0.8666726708863844 0.3641625936188638 0.2449867236428732 0.20857668109542626
12 0.6208492416958703 0.8909244428171119 0.2480085008425044 0.1841264622506029
11 0.6226378350605766 0.6331329752242463 0.24748458946909996 0.21949269649575814
10 0.6240621220289432 0.35424911454987673 0.24931848505610324 0.212713721651449
4 0.37787797769505954 0.861279114884308 0.24502981867850973 0.22490321170767102
7 0.13193162278322368 0.8737710806262593 0.24864733231093997 0.19229764297143404
5 0.37907263025345156 0.6123232692916996 0.24811982968456583 0.2263033329989022
6 0.3803802015003022 0.2892217215425001 0.25026975553290487 0.3392522493110557
8 0.1359686956728486 0.6493406503182079 0.2464942267698067 0.3119938724690615
9 0.1361979185226478 0.38540694520897856 0.24331802569247712 0.2779406899533408
3 0.502203794642885 0.13976856549157374 0.98461140783038 0.2629573071002215