0 0.87109375 0.2041522491349481 0.2578125 0.21453287197231835
1 0.86875 0.5224913494809689 0.2625 0.25259515570934254
2 0.865625 0.8858131487889274 0.259375 0.19377162629757785
12 0.6125 0.1903114186851211 0.2640625 0.2179930795847751
11 0.6109375 0.5311418685121108 0.2625 0.19377162629757785
10 0.60625 0.8667820069204152 0.2625 0.1972318339100346
4 0.34921875 0.19896193771626297 0.2609375 0.15916955017301038
5 0.3484375 0.5346020761245674 0.2609375 0.1522491349480969
6 0.34765625 0.8667820069204152 0.2640625 0.18685121107266436
7 0.1125 0.1453287197231834 0.221875 0.2560553633217993
8 0.11015625 0.49653979238754326 0.2203125 0.28719723183391005
9 0.1109375 0.8408304498269896 0.221875 0.22837370242214533