0 0.8595790990119188 0.13132696049967618 0.2361997789804112 0.16679292189472122
1 0.8634432507987646 0.3491356214417277 0.2374791364160457 0.1596639167276045
2 0.8659636551064955 0.5800533724547577 0.23619220368117824 0.16441196951376874
12 0.6284820332429512 0.12664282905073468 0.232210200688848 0.14056088977702394
11 0.6309872869522161 0.3623224848256695 0.2322556524842462 0.15484660406273829
10 0.6328755878413629 0.5872947808741886 0.23223292658654712 0.14770374691988114
4 0.397952680849087 0.1481422478043992 0.23361833821144376 0.17390807508609762
5 0.40166532665127264 0.41356995636549837 0.23775942248766727 0.24775915482284258
6 0.4002453921124549 0.6552435490200353 0.2364952156504989 0.25965006475186425
7 0.16672304734354168 0.18512478302212437 0.2351325299233015 0.24058859372850463
8 0.16735471669475321 0.3958252167606697 0.23887969863940817 0.1906301496557258
9 0.1699281480971152 0.610076301107033 0.23356531111681264 0.15724140841943088
3 0.517542299883961 0.824228040453627 0.9314668271850132 0.15990416265436455