0 0.14182192580697592 0.29628899232787276 0.256866454462168 0.1692511325363075
1 0.14211590371941063 0.595371922847285 0.2580400457146296 0.17388350627721025
2 0.14298655342429836 0.8932934009073312 0.2533659283723386 0.1622824177801114
12 0.39183204964075363 0.2968577167522126 0.24522503105281104 0.15525995863767109
11 0.3955658106403512 0.5820435260489161 0.24986540228250942 0.15531370302391542
10 0.39644995879027584 0.884583941753304 0.25325119158952397 0.12302144780320634
4 0.6424222198782438 0.2974197231282718 0.2544247828419857 0.1276538215441091
5 0.6467124050027387 0.5745156734990966 0.25337942681737563 0.1669013554244532
6 0.6457787978825638 0.850517351893361 0.2559020891077801 0.23621229228270238
7 0.8851172593188124 0.2761291103213546 0.2297654813623753 0.22436935404750383
8 0.8852828086369557 0.5659674475038027 0.2294343827260886 0.1805028825228178
9 0.8851633966701316 0.8719787844897275 0.2296732066597368 0.1620405680420118