0 0.13295854271356783 0.12001636661211129 0.26032663316582916 0.18548281505728317
1 0.13121231155778892 0.4237152209492635 0.26242462311557785 0.20731587561374792
2 0.13226130653266333 0.7428641571194763 0.26172738693467335 0.21639934533551558
12 0.3880527638190955 0.11911620294599018 0.2554459798994975 0.20184942716857607
11 0.38909547738693473 0.43189852700490994 0.25753768844221103 0.20184942716857612
10 0.39049623115577886 0.7601309328968905 0.2533479899497487 0.19639934533551565
4 0.6417525125628141 0.15548281505728315 0.2533479899497488 0.2709656301145663
5 0.6441959798994975 0.5237315875613748 0.2554459798994975 0.4655319148936171
6 0.6424497487437186 0.8173322422258592 0.2561432160804021 0.36533551554828153
7 0.8849120603015075 0.15639934533551555 0.23017587939698497 0.3127823240589198
8 0.8859547738693467 0.4791816693944353 0.22808417085427143 0.2854991816693945
9 0.8849120603015075 0.7837806873977087 0.23017587939698497 0.23276595744680856