0 0.8108333333333333 0.8779940119760479 0.22083333333333333 0.1317365269461078
1 0.8208333333333333 0.6482035928143712 0.22333333333333333 0.15119760479041916
2 0.8308333333333333 0.3997005988023952 0.22916666666666666 0.1467065868263473
3 0.4895833333333333 0.1377245508982036 0.955 0.1781437125748503
12 0.59375 0.8764970059880239 0.215 0.11976047904191617
11 0.59875 0.6392215568862275 0.21916666666666668 0.1467065868263473
10 0.6020833333333333 0.39595808383233533 0.2275 0.1661676646706587
4 0.38208333333333333 0.8615269461077845 0.20666666666666667 0.15718562874251496
5 0.37916666666666665 0.6362275449101796 0.2175 0.14520958083832336
6 0.375 0.3847305389221557 0.22583333333333333 0.1691616766467066
7 0.16666666666666666 0.8577844311377245 0.22416666666666665 0.1347305389221557
8 0.15625 0.6279940119760479 0.22916666666666666 0.12874251497005987
9 0.14625 0.3929640718562874 0.23666666666666666 0.13922155688622753