0 0.13671875 0.12147716229348883 0.23486328125 0.15354713313896987
1 0.1376953125 0.36345966958211856 0.2353515625 0.17103984450923226
2 0.13720703125 0.6073858114674441 0.234375 0.17589893100097181
3 0.49072265625 0.8532555879494655 0.92919921875 0.1379980563654033
12 0.36962890625 0.12439261418853255 0.2333984375 0.1827016520894072
11 0.37060546875 0.37123420796890183 0.23193359375 0.16909620991253643
10 0.36865234375 0.6171039844509232 0.2314453125 0.16326530612244897
4 0.60107421875 0.12147716229348883 0.23486328125 0.1933916423712342
5 0.6015625 0.39261418853255586 0.23193359375 0.21282798833819241
6 0.60205078125 0.6229348882410107 0.23095703125 0.16812439261418854
7 0.83447265625 0.11564625850340136 0.23681640625 0.18756073858114675
8 0.83447265625 0.3760932944606414 0.23681640625 0.18561710398445092
9 0.8349609375 0.6171039844509232 0.23828125 0.15063168124392615