0 0.8403626245138833 0.8726708074534162 0.2421735822823414 0.2080745341614907
1 0.8411776827965777 0.6024844720496895 0.23726771651988146 0.18322981366459629
2 0.8427697886003139 0.3416149068322981 0.2421080028802855 0.18633540372670807
12 0.6052720073556168 0.8680124223602484 0.235807306337877 0.2329192546583851
11 0.6076692661384191 0.6071428571428571 0.23734266440794524 0.2080745341614907
10 0.6076416974980152 0.34937888198757766 0.23250237804754123 0.20496894409937888
4 0.3701860744403541 0.8618012422360248 0.23735203289395324 0.2111801242236025
5 0.3717407063000585 0.6133540372670807 0.24378388824047342 0.2080745341614907
6 0.37331875937478287 0.35714285714285715 0.24212673985230151 0.19254658385093168
7 0.1294125439985854 0.8726708074534162 0.25184478651714165 0.2111801242236025
8 0.12936623838616573 0.6211180124223602 0.24697639469871355 0.19875776397515527
9 0.13015787545384 0.358695652173913 0.2503375339050974 0.2453416149068323
3 0.4884327509838244 0.09782608695652174 0.9602107753470979 0.15527950310559005