0 0.13278465882043505 0.8638214785707915 0.2296843575275532 0.15668657257963392
1 0.1325600935772151 0.6342729821300954 0.2008475864092495 0.13779642530322733
2 0.1186907730246217 0.31629394333337246 0.22449179795067903 0.13990387899403017
12 0.3516802964622363 0.8614779799643483 0.22146834296415235 0.15845879815865324
11 0.34633492288338724 0.637451622651803 0.2357731223913329 0.1325878866667451
10 0.34791173711913376 0.3289284713033409 0.2470185712113641 0.11411947798258229
4 0.576279378660454 0.8749932138187976 0.2348470207539088 0.1641755858678399
5 0.5789885793522043 0.5990087573212851 0.24444356148261925 0.2720796016081719
6 0.5868454950950506 0.3258664739632798 0.23817541851572682 0.24041620573667408
7 0.8178213749650155 0.8840400353904974 0.2586586518582436 0.21832764922407025
8 0.8242921278867773 0.6592086688638741 0.26362997844127867 0.16633710860893047
9 0.8274793275724992 0.3720772029145132 0.2553541711768401 0.14952197359315414
3 0.4849066421477817 0.10547045865402499 0.9698132842955633 0.21094091730804998