0 0.8574529519280701 0.06712328767123288 0.2380943096532417 0.13424657534246576
1 0.8572342124913417 0.23150684931506849 0.2360257920773534 0.1684931506849315
2 0.8606955750129086 0.4143835616438356 0.23532223348971207 0.17534246575342466
12 0.6263103949130294 0.07260273972602739 0.2308816593912762 0.14520547945205478
11 0.6264328952233627 0.23013698630136986 0.23238152457803826 0.16164383561643836
4 0.39265057719809693 0.08424657534246575 0.2410518818397297 0.15342465753424658
5 0.3927688616897265 0.2404109589041096 0.23889483207106593 0.1589041095890411
10 0.6277329921575623 0.41712328767123286 0.23462710653947746 0.18493150684931506
6 0.3937087476926982 0.4280821917808219 0.2368811201383241 0.21095890410958903
7 0.15601632402186208 0.07123287671232877 0.23661130774129416 0.1232876712328767
8 0.15718783848560214 0.21643835616438356 0.2418776991697753 0.1863013698630137
9 0.1583909715896191 0.3719178082191781 0.24709771659251692 0.23424657534246576
3 0.5125247571944088 0.7732876712328767 0.9462929783559894 0.20821917808219179