0 0.8645833333333334 0.9065934065934066 0.2625 0.18681318681318682
1 0.8658333333333333 0.6342229199372057 0.26 0.20565149136577707
2 0.8604166666666667 0.34379905808477235 0.2608333333333333 0.16326530612244897
12 0.6075 0.8861852433281004 0.2525 0.2087912087912088
11 0.6091666666666666 0.6428571428571429 0.25333333333333335 0.19309262166405022
10 0.60625 0.336734693877551 0.2475 0.17111459968602827
4 0.36041666666666666 0.8657770800627943 0.2425 0.22762951334379905
5 0.36125 0.6240188383045526 0.23916666666666667 0.21821036106750394
6 0.3645833333333333 0.3563579277864992 0.2425 0.23547880690737832
7 0.12 0.8775510204081632 0.24 0.2260596546310832
8 0.12208333333333334 0.6420722135007849 0.24416666666666667 0.20408163265306123
9 0.1275 0.34379905808477235 0.2375 0.20408163265306123
3 0.4975 0.08320251177394035 0.9883333333333333 0.1664050235478807