0 0.8539479157669446 0.12962962962962962 0.26523466721723976 0.15873015873015872
1 0.8530791104686944 0.45634920634920634 0.26403954709586347 0.164021164021164
2 0.8533737684186047 0.8002645502645502 0.2641098957030096 0.19047619047619047
12 0.5915431675871182 0.1335978835978836 0.25920278772464245 0.164021164021164
11 0.5912754397799133 0.46164021164021163 0.2616141325495386 0.16137566137566137
10 0.5903257335834453 0.8187830687830688 0.26157192338525104 0.1455026455026455
4 0.33095572160185704 0.13624338624338625 0.26400437279229066 0.15079365079365079
5 0.33015023005003796 0.43915343915343913 0.2630836122387831 0.25925925925925924
6 0.32907037893035035 0.8452380952380952 0.26426466263873016 0.24867724867724866
7 0.1002959257760531 0.13227513227513227 0.2005918515521062 0.164021164021164
8 0.0998228313929978 0.48677248677248675 0.1996456627859956 0.16137566137566137
9 0.09935853058583571 0.8174603174603174 0.19871706117167143 0.12433862433862433