0 0.8447265625 0.17145004450483667 0.220703125 0.147099276439992
1 0.8447265625 0.3823875445048367 0.22314453125 0.13736205881211583
2 0.843994140625 0.5933165222931995 0.228515625 0.1550026800307882
12 0.60498046875 0.18282059681227897 0.2529296875 0.18848987875202627
11 0.606689453125 0.37815298197276564 0.2568359375 0.15142595554742433
10 0.604736328125 0.5944388498250666 0.2529296875 0.15138050375202639
4 0.36376953125 0.174154573446447 0.24169921875 0.22839826734025676
5 0.36376953125 0.382162385946447 0.2373046875 0.19905025907043394
7 0.1357421875 0.1773606998900836 0.21728515625 0.2037001311190187
8 0.13671875 0.3902626878389331 0.22314453125 0.16763549631211583
6 0.36279296875 0.6116432104975975 0.23974609375 0.22349272894255767
9 0.133056640625 0.6050638267807473 0.220703125 0.1656539639399921