0 0.16064453125 0.33065358611494994 0.2236328125 0.09631833820404889
1 0.164794921875 0.44986528860492275 0.22216796875 0.11397294168074738
2 0.169189453125 0.5608732630728732 0.21875 0.105114440224169
4 0.171142578125 0.6718995903162523 0.2197265625 0.10953818511982945
3 0.502685546875 0.7665681666937675 0.873046875 0.12896042883406178
12 0.372314453125 0.3293778578985152 0.2021484375 0.09426408930077945
11 0.373779296875 0.44608608913546605 0.201171875 0.12075517090354174
10 0.380615234375 0.5539211366954954 0.21484375 0.11959611679294654
4 0.583251953125 0.3306312948207027 0.2197265625 0.11143092959932485
7 0.807861328125 0.32389552086925827 0.22998046875 0.10646069264413882
5 0.585205078125 0.43597938862559626 0.22021484375 0.11080368532791231
8 0.809326171875 0.42924728522923755 0.23095703125 0.11277718201929467
6 0.59326171875 0.5384424837726746 0.2158203125 0.10193784276116233
9 0.81103515625 0.533335384658677 0.22998046875 0.10961526677663079