0 0.8555867127012868 0.8271457639111336 0.27505763838082814 0.15618546259243432
1 0.8524322818263715 0.48497812825409964 0.27062721900301173 0.2199533580199774
2 0.8488485569858747 0.12419862897101157 0.27219750245236024 0.23593143543065448
12 0.5866591194798805 0.8343176915326775 0.27055599843914396 0.19158456369373625
11 0.5849993002052041 0.4779450281103565 0.26979979006854105 0.19512034768343306
10 0.5791536271807609 0.13049434707094376 0.26986210806192545 0.21994304271889414
4 0.3204183171227602 0.8449996148912103 0.2689634585635867 0.16674123805610877
5 0.3168012076429503 0.47092224326769666 0.2735763806363142 0.1756683780895586
6 0.31207871896130723 0.11370431622701364 0.2736431499149403 0.20226412277040967
7 0.09547792608596258 0.8489188382323819 0.18244805551267443 0.14252596364363007
8 0.09074876047645689 0.4890413367236139 0.17956566315799824 0.21340668825489995
9 0.0886752267345451 0.120262483434104 0.1771634994889371 0.17082255086228845