0 0.15666666666666668 0.24905183312262957 0.2375 0.14538558786346398
1 0.16916666666666666 0.5120101137800253 0.23666666666666666 0.17825537294563842
2 0.17666666666666667 0.7288242730720607 0.23 0.17193426042983564
12 0.38958333333333334 0.24336283185840707 0.23 0.15802781289506954
11 0.3929166666666667 0.4740834386852086 0.225 0.14285714285714285
10 0.39708333333333334 0.7168141592920354 0.22416666666666665 0.1706700379266751
4 0.6216666666666667 0.22376738305941846 0.23666666666666666 0.15170670037926676
7 0.86875 0.2579013906447535 0.2625 0.515802781289507
5 0.62 0.4974715549936789 0.23333333333333334 0.2667509481668774
8 0.8558333333333333 0.461441213653603 0.245 0.1997471554993679
6 0.6145833333333334 0.7383059418457648 0.22583333333333333 0.5233881163084703
3 0.50875 0.9190897597977244 0.8575 0.16182048040455121
9 0.8395833333333333 0.6776232616940582 0.23583333333333334 0.1125158027812895