0 0.86953125 0.1903114186851211 0.2578125 0.2041522491349481
1 0.86875 0.5086505190311419 0.2609375 0.2422145328719723
2 0.86875 0.8719723183391004 0.2578125 0.18339100346020762
12 0.609375 0.18685121107266436 0.2625 0.20761245674740483
11 0.6109375 0.5259515570934256 0.2609375 0.18339100346020762
10 0.609375 0.8633217993079585 0.2609375 0.18685121107266436
4 0.346875 0.20588235294117646 0.2609375 0.14878892733564014
5 0.34921875 0.5415224913494809 0.2609375 0.14186851211072665
6 0.35078125 0.8719723183391004 0.2625 0.17647058823529413
7 0.109375 0.15916955017301038 0.21875 0.24567474048442905
8 0.109375 0.513840830449827 0.21875 0.2768166089965398
9 0.1125 0.856401384083045 0.225 0.2179930795847751