0 0.15786828816824489 0.8062959191457136 0.22893037263300753 0.1452370550307882
1 0.16091821867397688 0.5958040893375279 0.22745132519694566 0.14033719810751388
12 0.39545262550839966 0.8157389130880673 0.24701666404349432 0.15228320708450438
11 0.39873533369028213 0.6013379925426692 0.24849571147955607 0.15718306400777848
4 0.6342732900282225 0.8305387970943592 0.24036253372508654 0.21470366644255767
5 0.6370322077449502 0.6039365267733858 0.2378984015773875 0.20686275907043394
2 0.1622549036988903 0.38386730093982885 0.23287355221676848 0.15797781932618626
10 0.3978974789878946 0.39723927077988164 0.24855252622380375 0.1767143140077787
6 0.639348296007076 0.3929649379268373 0.2453532942391572 0.25186985618680535
7 0.862800277977072 0.831786117063571 0.21733377433313983 0.18709288714459404
8 0.8641085556298617 0.610083703665872 0.2236473417365914 0.17544799631211583
9 0.8676822766007484 0.4117932236332615 0.2210951467353084 0.137333651439992