0 0.8450406267372328 0.1820684212323757 0.22893037263300764 0.1452370550307882
1 0.8419906962315008 0.3925602510405614 0.22745132519694566 0.14033719810751388
12 0.6074562893970781 0.17262542729002198 0.24701666404349432 0.15228320708450432
11 0.6041735812151956 0.38702634783542006 0.24849571147955607 0.1571830640077786
4 0.3686356248772552 0.15782554328373016 0.24036253372508654 0.21470366644255767
5 0.36587670716052745 0.38442781360470346 0.2378984015773875 0.20686275907043394
2 0.8406540112065874 0.6044970394382605 0.23287355221676842 0.15797781932618626
10 0.6050114359175831 0.5911250695982078 0.24855252622380375 0.17671431400777848
6 0.36356061889840163 0.595399402451252 0.24535329423915708 0.25186985618680535
7 0.14010863692840564 0.15657822331451832 0.21733377433313994 0.18709288714459393
8 0.13880035927561604 0.37828063671221734 0.22364734173659134 0.17544799631211583
9 0.13522663830472928 0.5765711167448277 0.2210951467353085 0.1373336514399921