0 0.85 0.8909286197449315 0.25416666666666665 0.15212207641653616
1 0.8491666666666666 0.6483043872142747 0.25416666666666665 0.12785864487407517
2 0.8558333333333333 0.3700608124508646 0.25666666666666665 0.167750245375692
12 0.6029166666666667 0.893051646675518 0.23666666666666666 0.15710964240261913
11 0.6054166666666667 0.6486539803160155 0.23916666666666667 0.17100470910874202
10 0.6058333333333333 0.37828498739590205 0.24166666666666667 0.15370393526027218
4 0.3729166666666667 0.8871690141414167 0.22666666666666666 0.17951897696460972
5 0.37041666666666667 0.6618959699289955 0.23333333333333334 0.19346445814049815
6 0.37083333333333335 0.4019255905270795 0.23583333333333334 0.15883266176169902
7 0.14833333333333334 0.889886354061785 0.2275 0.18819457112372778
8 0.13916666666666666 0.6646939730009886 0.23416666666666666 0.16747800723895742
9 0.1325 0.4013430936916085 0.23916666666666667 0.15713989108447857
3 0.49583333333333335 0.13784816509962147 0.9766666666666667 0.17126255899209647