0 0.15909166666666666 0.15031645569620253 0.22424166666666664 0.12226265822784807
1 0.15605833333333333 0.3991613924050633 0.227275 0.1136392405063291
2 0.15492499999999998 0.6508860759493671 0.23560833333333334 0.1337816455696202
12 0.3803 0.14169303797468355 0.21818333333333328 0.12226265822784811
11 0.38484999999999997 0.3905379746835443 0.22879166666666673 0.09637658227848096
10 0.38825833333333337 0.6401107594936709 0.23257500000000003 0.1093196202531646
4 0.6068166666666667 0.16973101265822785 0.23181666666666673 0.20137658227848104
5 0.607575 0.4063607594936709 0.23029999999999992 0.15678797468354436
6 0.6159083333333334 0.6760601265822784 0.22879166666666662 0.2272784810126582
7 0.8257583333333333 0.15246835443037973 0.24242500000000006 0.2128955696202532
8 0.8386333333333333 0.3876582278481013 0.23787500000000003 0.14528481012658223
9 0.8488666666666667 0.619240506329114 0.24318333333333328 0.13664556962025318
3 0.5109833333333333 0.9098101265822784 0.9674250000000001 0.14528481012658218