0 0.8612953005422931 0.8248051995918297 0.27192902461439644 0.3503896008163406
1 0.829574748162789 0.5417134173164861 0.23203028102985135 0.11934167708324865
12 0.6168574129542335 0.8711647049387448 0.2424132881590727 0.24250338106725397
4 0.37567286353960677 0.88956928168287 0.23890541993141065 0.1863923665512979
7 0.13195195268866153 0.896264429315729 0.251196947696518 0.11955010400794014
11 0.6058489891203345 0.547068421515487 0.23177388248610442 0.30469087049475796
2 0.8256884431942964 0.23015522042499342 0.23753934113830988 0.28294745119363135
10 0.5965508656766846 0.2370089537614222 0.22550906010845856 0.16599815272423352
5 0.3750738340851108 0.5632498251640311 0.23222420869021657 0.1816469730334044
6 0.3715508656766845 0.23456220290634758 0.22961270028550654 0.14579424174145283
8 0.1380292862838505 0.5731327339160299 0.2462066440795363 0.12261099656422408
9 0.13820783596033293 0.22890956685172528 0.2380090601084586 0.1661340833272933
3 0.4776478698410284 0.05270033719887447 0.9219624063487235 0.10503819278958973