0 0.128125 0.8271963998491583 0.25625 0.1693360138610056
1 0.12890625 0.48820348827320736 0.2578125 0.18291505735189037
2 0.13203125 0.15257082502025177 0.2578125 0.1490167522671445
12 0.38359375 0.8307516026488491 0.2546875 0.16931629240401952
11 0.38359375 0.5019380433268151 0.2609375 0.16600534772349004
10 0.3890625 0.15441139110871907 0.259375 0.15581613474107997
4 0.64296875 0.8291727560433624 0.2625 0.17619456070590003
5 0.64140625 0.5003789181783147 0.265625 0.32538654599275396
6 0.64375 0.1918747597216488 0.2640625 0.29485834995949645
7 0.88125 0.8719279457173599 0.23125 0.23681708071871674
8 0.88515625 0.5244210149562502 0.2296875 0.2537465118041031
9 0.884375 0.17866816382033654 0.23125 0.25376623326108944