0 0.15738893884420155 0.12909080250487 0.2421735822823414 0.21078470332808477
1 0.15820399712689578 0.39927713790859676 0.23726771651988143 0.18588577944785847
2 0.15818579697250007 0.6601376692287659 0.24210800288028553 0.1890455728933023
12 0.39250766146049215 0.13638708558685597 0.235807306337877 0.23555715264720334
11 0.39168430832703033 0.39723858300980336 0.23734266440794524 0.21073049994475287
10 0.3932670456447587 0.6550115920623049 0.23250237804754115 0.20757070649930923
4 0.6276310683197867 0.14523616369989786 0.23735203289395312 0.2138360900068647
5 0.627575394221359 0.39367433477161995 0.24378388824047342 0.21080277112252885
6 0.6275431413379512 0.6498764809986216 0.24212673985230163 0.1952567530175257
7 0.8683390193594994 0.13706773375187867 0.25184478651714154 0.21399870015686037
8 0.8699030197052119 0.3886295626801565 0.24697639469871352 0.20152213652508133
9 0.870694656772886 0.6510519229286037 0.2503375339050973 0.24814212304564626
3 0.5139936868922425 0.9079104377794358 0.9602107753470979 0.1660479085941904