0 0.7994890714020237 0.12157221206581353 0.2045351292213604 0.13893967093235832
1 0.8067884270606318 0.360146252285192 0.21618725131349986 0.13345521023765997
2 0.816793830858378 0.676416819012797 0.22623088503708194 0.14990859232175502
3 0.49113531022249174 0.8994515539305301 0.9021127002855066 0.16819012797074953
12 0.6045060400723058 0.12797074954296161 0.19293148904431254 0.16270566727605118
11 0.6030190342945954 0.35283363802559414 0.19869694769651802 0.13711151736745886
10 0.6004492911239498 0.6407678244972578 0.21369209950500892 0.13528336380255943
4 0.4162114922710454 0.1425959780621572 0.19301390829996762 0.19378427787934185
5 0.4064759965114115 0.39945155393053017 0.19982602071190825 0.24862888482632542
6 0.39470564933353547 0.6745886654478976 0.20896844642102924 0.23948811700182815
7 0.22648756138394735 0.08957952468007313 0.19284422159714817 0.12979890310786105
8 0.21127964475529173 0.32541133455210236 0.19951088826381483 0.12979890310786105
9 0.18202626624769766 0.6069469835466179 0.2170302810298514 0.13711151736745886