0 0.13445867287543656 0.7545955882352942 0.25378346915017463 0.12867647058823528
1 0.1379511059371362 0.5257352941176471 0.2561117578579744 0.12683823529411764
2 0.14144353899883585 0.2821691176470588 0.2561117578579744 0.13786764705882354
3 0.5075669383003493 0.07077205882352941 0.9848661233993015 0.14154411764705882
12 0.3882421420256112 0.7545955882352942 0.25844004656577413 0.10477941176470588
11 0.3917345750873108 0.5367647058823529 0.25145518044237486 0.13970588235294118
10 0.3940628637951106 0.28400735294117646 0.25378346915017463 0.125
4 0.6391152502910361 0.7702205882352942 0.2572759022118743 0.12316176470588236
5 0.6420256111757858 0.546875 0.2549476135040745 0.14705882352941177
6 0.6443538998835856 0.2959558823529412 0.2572759022118743 0.14522058823529413
7 0.8818393480791619 0.7775735294117647 0.23166472642607683 0.17095588235294118
8 0.8835855646100116 0.546875 0.23282887077997672 0.15073529411764705
9 0.8847497089639115 0.3023897058823529 0.23050058207217694 0.15625