0 0.8722688385543371 0.13350785340314136 0.23397794789132575 0.2670157068062827
1 0.8745451564954896 0.43455497382198954 0.23692467981459986 0.27486910994764396
2 0.8767675004296069 0.7604712041884817 0.24381175058442262 0.29842931937172773
12 0.6358981024961514 0.1531413612565445 0.23888916776344926 0.2801047120418848
11 0.6372006986745163 0.45287958115183247 0.23983164141690083 0.2643979057591623
10 0.6389290798842089 0.7814136125654451 0.23992254500769716 0.306282722513089
4 0.3995529330728772 0.16099476439790575 0.2379353311611485 0.2905759162303665
5 0.4008441663023925 0.46596858638743455 0.23797510148212186 0.3089005235602094
7 0.1665973250274791 0.18193717277486912 0.2321554968030951 0.32722513089005234
8 0.16690915501978207 0.4882198952879581 0.23304683718672375 0.2879581151832461
6 0.40015954863420883 0.7814136125654451 0.23794669410999802 0.29581151832460734
9 0.16576750421093456 0.7892670157068062 0.23212140795654657 0.31151832460732987