0 0.8651839927616906 0.8665605334631362 0.26046320023155645 0.18888474884081122
1 0.8674322386347636 0.5629360742576903 0.26302692486557244 0.21183609306215934
2 0.8672026386430152 0.24380142081205433 0.2624170562406069 0.22000987730142127
12 0.6098429695739359 0.8712494824290172 0.2561027594640375 0.20518470823741197
11 0.6095987519193458 0.5586614738278984 0.2579871815745901 0.20521327368656567
10 0.6090751808622457 0.23052994462924362 0.2535792334028358 0.20023663733848612
4 0.356468592850218 0.8390849886953354 0.25374733652551423 0.27552305305043356
5 0.35477827357098746 0.47087430345678194 0.2566911203934116 0.4686871632292289
6 0.357004592949798 0.18074999355073756 0.25709634173859486 0.36149998710147513
7 0.11418232144453479 0.8419563619387811 0.22836464288906957 0.3160872761224379
8 0.11358545267389111 0.5187300554653218 0.22717090534778223 0.28823547008408634
9 0.11483828906455142 0.21429678747069586 0.22967657812910283 0.23589087677710258