0 0.1497476141286929 0.893899919883727 0.24281789966413142 0.15487045777317748
1 0.1499497205096563 0.7364730581678419 0.24417824601615956 0.14456289088236687
2 0.14837846850727177 0.5687423829997341 0.24487462484624312 0.14457039775954222
12 0.3872431807885691 0.9010174941217454 0.2344086853274027 0.13800618169868503
11 0.38846352122679484 0.7351922753159036 0.23927118289743562 0.13418776209697758
3 0.5088186392494366 0.2525882492295588 0.9718536093183117 0.13950435172423575
10 0.38691455199875585 0.5745583743413442 0.2399148933517932 0.11742107542576598
4 0.6303158552093898 0.910010497213328 0.24144539907155133 0.1613070569220523
5 0.6284024909122397 0.7442190593547756 0.24148996462024233 0.17550060530914907
7 0.8719390521808001 0.9009539979302292 0.24699212123111552 0.153625176455585
8 0.8696896527091602 0.7390372812522001 0.23937651964888731 0.16773614919375177
6 0.627543823394008 0.581642167632073 0.24620255989013212 0.12394025022357064
9 0.8712662853894626 0.575788954169061 0.24772901419637278 0.16653590913921182
4 0.14651372117233005 0.41843481610892364 0.24627143391992762 0.14587573409453838
8 0.14657582163949115 0.10552032998670888 0.2455223867141181 0.12909403366897587