0 0.16064453125 0.66934641388505 0.2236328125 0.09631833820404904
1 0.164794921875 0.5501347113950773 0.22216796875 0.11397294168074738
2 0.169189453125 0.4391267369271268 0.21875 0.105114440224169
4 0.171142578125 0.3281004096837476 0.2197265625 0.10953818511982959
3 0.502685546875 0.23343183330623252 0.873046875 0.12896042883406195
12 0.372314453125 0.6706221421014849 0.2021484375 0.09426408930077959
11 0.373779296875 0.553913910864534 0.201171875 0.12075517090354174
10 0.380615234375 0.4460788633045046 0.21484375 0.11959611679294654
4 0.583251953125 0.6693687051792973 0.2197265625 0.11143092959932471
7 0.807861328125 0.6761044791307417 0.22998046875 0.10646069264413868
5 0.585205078125 0.5640206113744037 0.22021484375 0.11080368532791231
8 0.809326171875 0.5707527147707625 0.23095703125 0.11277718201929467
6 0.59326171875 0.46155751622732544 0.2158203125 0.10193784276116233
9 0.81103515625 0.466664615341323 0.22998046875 0.10961526677663079