0 0.7903652811818955 0.9293934292763477 0.2104557300018583 0.1412131414473046
1 0.8201053473299201 0.5809281829019689 0.23461270028550663 0.14653334925959083
2 0.8360714503235176 0.3549756893123275 0.2312745187606642 0.14493198569269894
3 0.49565907624212313 0.08365993712458991 0.9813181524842463 0.16721061922925579
11 0.6014331961971847 0.7381580901941736 0.22377022617539183 0.41244657364557924
12 0.5914719817292577 0.7505683969895859 0.1998120317436178 0.47947518543819617
10 0.6087457074147278 0.2742474285556994 0.22915267769837613 0.2669703996372484
4 0.38480074467420033 0.8806193423296065 0.21157025844272104 0.238761315340787
5 0.38660475138952183 0.5222031883766218 0.22587267447164322 0.28414837879336136
6 0.38323207691787853 0.24048573377657043 0.23646415383575706 0.47518095149716655
7 0.17345620493977237 0.8485018076858307 0.21922540057101314 0.2903353230210801
8 0.16242596424408237 0.5158416919460319 0.23065935404524163 0.2153454163189728
9 0.15097206239758046 0.31541034329573076 0.24045088181034904 0.14816202658146346