0 0.8572587776343913 0.11612903225806452 0.2442349658054026 0.16
1 0.855315724178219 0.2735483870967742 0.24559531215743105 0.14967741935483872
2 0.8554942185204364 0.44129032258064516 0.24629169098751463 0.14967741935483872
12 0.619738902493411 0.09870967741935484 0.23582575146867416 0.1432258064516129
11 0.617125804395018 0.2645161290322581 0.24068824903870709 0.1393548387096774
3 0.49223206973628086 0.7419354838709677 0.9733436009028958 0.16
10 0.616933826547848 0.42516129032258065 0.24133195949306452 0.12258064516129032
4 0.3762998072967202 0.08129032258064516 0.24285031097227047 0.1625806451612903
5 0.377162526228469 0.24516129032258063 0.2429070307615138 0.18064516129032257
7 0.1346482504306882 0.07870967741935483 0.24840513595886946 0.15741935483870967
8 0.13585105595044408 0.24 0.24079358579015878 0.17290322580645162
6 0.37662843608653335 0.40774193548387094 0.24761962603140358 0.12903225806451613
9 0.13288166560997464 0.4032258064516129 0.24914608033764418 0.17161290322580644
4 0.855966208195211 0.5916129032258064 0.24768850006119877 0.15096774193548387
8 0.8527704029926739 0.9045161290322581 0.24693945285538954 0.13419354838709677