0 0.14345114345114346 0.7123397931812514 0.26195426195426197 0.18614422451103044
1 0.14345114345114346 0.40781304421005793 0.2598752598752599 0.17377460381221982
2 0.14085239085239085 0.09457239528030616 0.25467775467775466 0.1891447905606123
12 0.3996881496881497 0.7032161408182873 0.2588357588357588 0.19228115148750594
11 0.3996881496881497 0.4202943301186989 0.25467775467775466 0.21692462613926766
10 0.3981288981288981 0.10343985840000844 0.26403326403326405 0.17588010035387378
4 0.6543659043659044 0.6910240249670856 0.25571725571725573 0.1613810414269444
5 0.6559251559251559 0.4049978382495621 0.2609147609147609 0.14497999029331232
7 0.8918918918918919 0.7232681111567908 0.2130977130977131 0.23084908459104075
8 0.8924116424116424 0.4279946360232404 0.2151767151767152 0.19177837607174428
6 0.6564449064449065 0.09943629727239033 0.2598752598752599 0.17994744331839266
9 0.8913721413721414 0.10187491962367447 0.21725571725571727 0.18151425191458778