0 0.16214906172182506 0.15498442367601245 0.24793633723582162 0.14018691588785046
1 0.16627507436690106 0.40965732087227413 0.24712724486003396 0.14797507788161993
2 0.16876108539861057 0.6728971962616822 0.24955937017890614 0.1261682242990654
3 0.525891132992921 0.9158878504672897 0.948217734014158 0.15109034267912771
12 0.39962966895578855 0.14875389408099687 0.24710300390248838 0.14018691588785046
11 0.40378961894142845 0.4143302180685358 0.24790724808676695 0.1308411214953271
10 0.40918744844829547 0.67601246105919 0.24207876294494268 0.13239875389408098
4 0.6375390633351915 0.14641744548286603 0.2404411854273307 0.14174454828660435
5 0.6388114358032195 0.42133956386292837 0.2446175484770157 0.14485981308411214
8 0.8653665940651762 0.3855140186915888 0.2246175484770159 0.14485981308411214
7 0.8733166424661698 0.12850467289719625 0.24380360790971886 0.15109034267912771
6 0.6404010870119771 0.6643302180685359 0.24042664085280346 0.13707165109034267
9 0.8678816942459404 0.6580996884735203 0.23378906333519126 0.14641744548286603