0 0.86328125 0.8075141265277689 0.2625 0.1914850500267549
1 0.8625 0.49094624044041346 0.2640625 0.19799744557808915
2 0.86015625 0.171112712048477 0.2609375 0.18821940772217385
12 0.6078125 0.7898153759625377 0.259375 0.1719667524305799
11 0.60546875 0.4829688605576143 0.2609375 0.16873888824165442
10 0.60390625 0.1826252961751112 0.2578125 0.1687011101259988
10 0.603125 0.1761223451526908 0.2609375 0.1979596674624336
4 0.353125 0.7688793166794673 0.2625 0.23693959548130036
5 0.3484375 0.4603810910644255 0.2609375 0.19795966746243362
6 0.3484375 0.14382264950598392 0.2609375 0.1817259012286673
7 0.1125 0.8065548173584052 0.221875 0.15527964880894699
8 0.1125 0.4851262459298337 0.225 0.15856418017135576
9 0.11171875 0.15557134685546528 0.2234375 0.16828555085378769