0 0.14919663351185922 0.14668439716312057 0.2733511859219587 0.14184397163120568
1 0.14885233358837033 0.4892021276595745 0.2684850803366488 0.20469858156028373
2 0.14885233358837033 0.8502659574468087 0.2698775822494262 0.22083333333333335
12 0.41802601377199694 0.15473404255319145 0.26848508033664886 0.17730496453900707
11 0.4162892119357307 0.5109574468085106 0.26778882938026016 0.18053191489361706
10 0.41837796480489675 0.8583156028368792 0.26778882938026016 0.20469858156028367
4 0.6844299923488906 0.1579609929078014 0.26709257842387146 0.15150709219858155
5 0.6840780413159908 0.5319148936170213 0.2719586840091814 0.1611879432624113
6 0.6854705432287681 0.8897517730496453 0.2719586840091814 0.18696808510638296
7 0.9093343534812548 0.16602836879432625 0.18133129303749043 0.13218085106382976
8 0.9107268553940321 0.5254609929078015 0.17854628921193583 0.2031028368794326
9 0.9103749043611323 0.8945921985815602 0.1792425401683244 0.1611879432624113