0 0.83125 0.8221597651539118 0.2525 0.1286233724320479
1 0.8279166666666666 0.5778148921353324 0.25166666666666665 0.11950984006511148
2 0.8279166666666666 0.3016388678561216 0.25916666666666666 0.1226241958591914
3 0.4820833333333333 0.0847733149402696 0.9583333333333334 0.1452056210661588
12 0.5933333333333334 0.8234329208276179 0.2275 0.11166656682608606
11 0.5891666666666666 0.5836315715877776 0.22833333333333333 0.11167539509590567
10 0.58625 0.31956425382702136 0.235 0.10567621852304923
4 0.3675 0.8278689877794101 0.22916666666666666 0.18300440545980687
5 0.3591666666666667 0.5902996732147523 0.23333333333333334 0.18001364544319792
6 0.3491666666666667 0.3314683925505164 0.24666666666666667 0.23630057302586155
7 0.14541666666666667 0.8643801787532448 0.21833333333333332 0.27123964249351046
8 0.13458333333333333 0.603094961326964 0.225 0.17840791206215162
9 0.125 0.3473029961633434 0.22083333333333333 0.1647067145673796