0 0.1647489291216875 0.8786496350364964 0.23371149227104543 0.14233576642335766
1 0.17126828155356263 0.6204379562043796 0.23370179588802717 0.1386861313868613
2 0.17202702352474142 0.33485401459854014 0.23203028102985138 0.13686131386861314
12 0.39472468816414186 0.8877737226277372 0.2262551259946276 0.15875912408759124
11 0.3978743458263652 0.6432481751824818 0.22698179911476007 0.11861313868613138
10 0.4003288436132654 0.3467153284671533 0.23037331074620293 0.14051094890510948
4 0.6217546913908747 0.9078467153284672 0.23206421837041527 0.14963503649635038
5 0.6237707056493171 0.6195255474452555 0.23717087858361613 0.1897810218978102
6 0.6270609608653053 0.3220802919708029 0.22980177975436258 0.23905109489051096
7 0.8567328745290836 0.916058394160584 0.23711270028550643 0.1678832116788321
8 0.8574407104894165 0.6496350364963503 0.2354411854273307 0.16605839416058393
9 0.8585894540739618 0.3740875912408759 0.24125027780311825 0.15693430656934307
3 0.518975163102056 0.07208029197080291 0.9203830071292212 0.14416058394160583