0 0.8338486306488934 0.8133535660091047 0.2529023998952577 0.125948406676783
1 0.8297347384825903 0.5690440060698028 0.2520399774128695 0.11684370257966616
2 0.8288523676279287 0.2928679817905918 0.25954967379588806 0.11987860394537178
3 0.4823378633875626 0.07966616084977238 0.9587648223776458 0.13505311077389984
12 0.5959440844609996 0.8171471927162367 0.22784906978865743 0.10925644916540213
11 0.5910114035358903 0.5773899848254932 0.22868240312199078 0.10925644916540213
10 0.5872511515466352 0.3133535660091047 0.23532967702262075 0.10318664643399089
4 0.37013256798945726 0.8239757207890743 0.22974360145625308 0.18057663125948406
5 0.3610404926849452 0.58649468892261 0.2339005717399014 0.17754172989377845
6 0.35021387603263865 0.3277693474962064 0.24741328815907263 0.2336874051593323
7 0.1481752876353613 0.8634294385432474 0.2191963114219584 0.2701062215477997
8 0.13650564126670314 0.6016691957511381 0.22556239021505903 0.17602427921092564
9 0.12610538766408153 0.34597875569044007 0.22135208982481017 0.16236722306525037