4 0.13442442442442445 0.12406947890818859 0.25311311311311313 0.19496277915632754
12 0.38324324324324327 0.12406947890818859 0.2502502502502503 0.20915632754342436
4 0.630990990990991 0.12851116625310172 0.24810810810810807 0.20736972704714637
7 0.8775175175175175 0.1488833746898263 0.24495495495495498 0.17369727047146402
1 0.1354954954954955 0.49627791563275436 0.25239239239239236 0.20560794044665015
2 0.13413413413413414 0.8883374689826302 0.25425425425425424 0.22332506203473945
11 0.38395395395395393 0.4865260545905707 0.24595595595595598 0.21801488833746901
5 0.6306306306306306 0.4909677419354839 0.24881881881881876 0.21622828784119102
8 0.8778778778778779 0.5086848635235732 0.24424424424424424 0.15384615384615385
10 0.38181181181181184 0.8870967741935484 0.2502502502502503 0.2215632754342431
6 0.6288388388388388 0.8295037220843673 0.250960960960961 0.26940446650124084
9 0.8764464464464465 0.8658312655086848 0.247107107107107 0.18965260545905696