0 0.8671482412060302 0.8928502685008575 0.2600502512562814 0.18888474884081086
1 0.8687185929648241 0.5892734183773343 0.26256281407035176 0.21183609306215934
2 0.8677763819095478 0.2701101994825447 0.2619346733668342 0.22000987730142127
12 0.6118090452261307 0.8897979807461056 0.2556532663316583 0.20518470823741197
11 0.6108668341708543 0.5771814066958332 0.25753768844221103 0.20521327368656567
10 0.6096105527638191 0.2490117902316402 0.25314070351758794 0.20023663733848612
4 0.35835427135678394 0.8499493811900982 0.25314070351758794 0.27552305305043356
5 0.3558417085427136 0.4816625214204684 0.2556532663316583 0.4686871632292289
6 0.3574120603015075 0.18790563856372108 0.2562814070351759 0.36886035116672633
7 0.11494974874371859 0.8436988543371522 0.22989949748743718 0.31260229132569556
8 0.11400753768844221 0.5221864748129107 0.22801507537688442 0.2882354700840865
9 0.11494974874371859 0.21778177226743836 0.22989949748743718 0.23589087677710258