0 0.1458162031438936 0.12915343915343913 0.2645949214026602 0.15873015873015872
1 0.14545344619105202 0.45595238095238094 0.26389359129383316 0.16494708994709
2 0.14475211608222488 0.799867724867725 0.26389359129383316 0.1898412698412698
12 0.40828295042321644 0.13383597883597884 0.2589117291414752 0.16494708994708993
11 0.40756952841596134 0.4621957671957672 0.26175332527206774 0.16185185185185186
10 0.40756952841596134 0.8193386243386243 0.26175332527206774 0.14473544973544983
4 0.6689721886336155 0.13616402116402115 0.26389359129383316 0.15095238095238095
5 0.6689721886336155 0.43962962962962965 0.2624667472793228 0.2598941798941799
6 0.6689721886336155 0.8450000000000001 0.26389359129383316 0.24899470899470902
7 0.8997460701330109 0.13227513227513227 0.20050785973397817 0.16494708994708993
8 0.8997460701330109 0.48708994708994713 0.20050785973397817 0.16185185185185186
9 0.8997460701330109 0.8169841269841269 0.20050785973397817 0.12449735449735465