0 0.133544921875 0.8674355456300256 0.236328125 0.1640581434679323
1 0.136474609375 0.6254869615472906 0.23681640625 0.18155650870584378
2 0.13818359375 0.38158060819873696 0.23583984375 0.18640428746228518
3 0.493896484375 0.15197739052845607 0.93017578125 0.18083864508247807
12 0.366455078125 0.8754774356395744 0.23486328125 0.19319570081542242
11 0.369384765625 0.6286697650650999 0.2333984375 0.17957329703560423
10 0.36962890625 0.382802815516903 0.23291015625 0.17373673937786746
4 0.59765625 0.8888445322532647 0.236328125 0.20390265270019664
5 0.6005859375 0.6177414292200925 0.23388671875 0.22331072932890927
6 0.60302734375 0.38744899884988326 0.232421875 0.17859017200195795
7 0.8310546875 0.9032956248126204 0.23828125 0.19340875037475913
8 0.833251953125 0.6452168382627748 0.23828125 0.19615072978400985
9 0.8359375 0.4042372445445632 0.23974609375 0.1611822686464325