0 0.170075 0.10866788321167882 0.23257499999999998 0.13437956204379564
1 0.17386666666666664 0.3666240875912409 0.23257499999999992 0.12939781021897814
2 0.17159166666666664 0.6527919708029197 0.2310583333333333 0.12773722627737227
12 0.40037500000000004 0.10866788321167882 0.22500000000000006 0.1509671532846715
11 0.4007583333333333 0.3533576642335766 0.2257583333333333 0.10948905109489052
10 0.4 0.649470802919708 0.22879166666666662 0.13105839416058404
4 0.627275 0.09704379562043795 0.23030000000000012 0.14100364963503648
5 0.6265166666666667 0.38569343065693434 0.23484999999999995 0.18082116788321173
6 0.6265166666666667 0.6826459854014598 0.227275 0.23058394160583945
7 0.8625 0.08875912408759125 0.23560833333333334 0.17750000000000002
8 0.860225 0.36414233576642335 0.23409166666666664 0.15759124087591245
9 0.8583333333333333 0.639507299270073 0.23939166666666664 0.1476459854014598
3 0.5155333333333334 0.9347992700729927 0.9189416666666667 0.12109489051094882