0 0.14095127610208816 0.7037110076721272 0.25638051044083526 0.1692511325363075
1 0.14037122969837587 0.404628077152715 0.25754060324825984 0.17388350627721025
2 0.14037122969837587 0.10670659909266882 0.2529002320185615 0.16228241778011146
12 0.3909512761020882 0.7031422832477874 0.24477958236658934 0.1552599586376712
11 0.3938515081206497 0.4179564739510839 0.2494199535962877 0.15531370302391556
10 0.3938515081206497 0.11541605824669593 0.2529002320185615 0.12302144780320615
4 0.6415313225058005 0.7025802768717282 0.25406032482598606 0.1276538215441091
5 0.6450116009280742 0.42548432650090334 0.2529002320185615 0.1669013554244532
6 0.6432714617169374 0.14948264810663914 0.2552204176334107 0.23621229228270246
7 0.8845707656612529 0.7238708896786453 0.2296983758700696 0.2243693540475037
8 0.8845707656612529 0.4340325524961974 0.2308584686774942 0.1805028825228178
9 0.8839907192575406 0.12802121551027246 0.23201856148491878 0.16204056804201172