0 0.8408333333333333 0.8913398692810458 0.235 0.13562091503267973
1 0.8429166666666666 0.613562091503268 0.24166666666666667 0.14215686274509803
2 0.84375 0.3366013071895425 0.24166666666666667 0.1437908496732026
12 0.6175 0.9011437908496732 0.2225 0.12254901960784313
11 0.6104166666666667 0.6413398692810458 0.22916666666666666 0.10620915032679738
10 0.6058333333333333 0.3545751633986928 0.23416666666666666 0.10620915032679738
3 0.4875 0.08006535947712418 0.9683333333333334 0.16013071895424835
4 0.39708333333333334 0.9027777777777778 0.22416666666666665 0.17647058823529413
5 0.38666666666666666 0.6225490196078431 0.23166666666666666 0.16339869281045752
6 0.37416666666666665 0.34967320261437906 0.24 0.2908496732026144
7 0.17458333333333334 0.8839869281045751 0.23666666666666666 0.2173202614379085
8 0.15541666666666668 0.6339869281045751 0.25166666666666665 0.19934640522875818
9 0.14833333333333334 0.40604575163398693 0.24583333333333332 0.16176470588235295