0 0.1608980815206728 0.6662043220579403 0.21579507141561804 0.10709292557996841
1 0.16446961285540607 0.5756725082764209 0.22371551942968848 0.1317326961342863
2 0.166471355938546 0.45343282748045255 0.22361893436446756 0.10974045810065111
12 0.37407403783525234 0.6584678943169842 0.21286538391561804 0.10707034668031408
11 0.37767965801653414 0.5601741141706525 0.21481850891561804 0.10708539928008369
10 0.37930942730011696 0.4670399256677594 0.20900742644822845 0.11803636049759247
4 0.1728122358960445 0.3438402103767859 0.22067788391561804 0.1071305570793925
1 0.17520851590117587 0.2429497002339941 0.22424073026344948 0.14014525617944212
4 0.5837553254950976 0.6681695488472592 0.21039272955628174 0.09993639509619073
6 0.5909168529564446 0.482901522836614 0.20771586766818362 0.15748173340222837
5 0.5871650975839899 0.5588777681091388 0.2100237592692018 0.12709951422309185
7 0.7954918419193238 0.7102296640723269 0.22497331491371408 0.1957764449438736
8 0.7989143973256718 0.5980271459474018 0.22728404725194462 0.166041056295138
9 0.8098101474104051 0.5075517794150186 0.2458529384380066 0.16941820864495444
8 0.17816125484940437 0.12653902051151983 0.21969563994119323 0.10582936971870566