0 0.1733786338756263 0.8744696909662006 0.24531513244809341 0.11136968608417505
1 0.18097019390806282 0.618946855743981 0.2530090601084586 0.17823506249201915
2 0.18475357564238978 0.34343433810798724 0.2514345090804654 0.20993516990500427
12 0.40967469169496307 0.8875759434680272 0.2328781589377121 0.13292683558807433
11 0.41485594327031844 0.6629670539710711 0.2355575420235499 0.19472558932669357
10 0.4231814487101512 0.37321080000125395 0.23570298776882376 0.2448090617807837
3 0.5228927035122395 0.13490486079505587 0.9357854070244791 0.26980972159011174
4 0.6384901422803362 0.9074474054327899 0.2287405814201001 0.14289496722571257
5 0.6436932107174826 0.6903510368039473 0.22457391475343344 0.1428464043725324
6 0.6449911370263371 0.4198760041252705 0.22966603039210706 0.17462421235060555
7 0.8722813519081639 0.9189133465647215 0.24291209627827584 0.1447295300083271
8 0.8695822982531712 0.7069175946023297 0.23540239989525769 0.1413032187089974
9 0.8742935530552594 0.46394962149085855 0.236119376632372 0.10124615331636116