4 0.8680393319476287 0.15272200337718053 0.254737617491801 0.20962215576174356
12 0.6193167896394698 0.13796832916372545 0.25176955640958465 0.22446718432394488
4 0.3715836010253831 0.12819187040885835 0.24976173075411814 0.22195692214126025
7 0.12481355966477865 0.13455888021431617 0.2466771966026133 0.18717415914018612
1 0.8631617799239617 0.5248726948927045 0.25476091210565865 0.21954771407439874
2 0.8607663476156717 0.8985983710685375 0.2567570904541963 0.20280325786292497
11 0.614963032730161 0.5002006805177246 0.24778302336597394 0.2318536078493945
5 0.3682308451170753 0.49043865806511794 0.25078020271551243 0.229415527178012
8 0.12164167071130749 0.49307636535219984 0.24328334142261498 0.16729416991035503
10 0.6135336595020856 0.8906264500962248 0.25278220471751434 0.21874709980755047
6 0.3669354159186815 0.8291411173333425 0.2539113260947327 0.2840494068043963
9 0.12174325094949524 0.8516443775479952 0.2434865018989905 0.20452944988507216