0 0.8104166666666667 0.8999300820748823 0.2375 0.12546945521745
1 0.8125 0.6462228591470671 0.2375 0.12381108042474666
2 0.8175 0.3908910299246222 0.24083333333333334 0.09234055193261376
3 0.48291666666666666 0.1307983953158352 0.9191666666666667 0.13833676000246062
12 0.5858333333333333 0.8741126606253757 0.21166666666666667 0.13843736114756647
11 0.5875 0.646105422913306 0.2125 0.12518001094824827
10 0.5895833333333333 0.3841063260219749 0.22083333333333333 0.120301367993206
4 0.38125 0.8692564795000199 0.2075 0.12180537250900147
5 0.3770833333333333 0.6436692669808579 0.2075 0.13341399605792353
6 0.3729166666666667 0.4039858687237189 0.215 0.20481094542491957
7 0.16666666666666666 0.8891601425575308 0.22083333333333333 0.14186024029834676
8 0.16416666666666666 0.6660797885120369 0.21583333333333332 0.15838609937153797
9 0.15208333333333332 0.41718367154311664 0.2275 0.145254175022207