0 0.8626309662398137 0.7726305365623491 0.25145518044237486 0.12363355007199693
1 0.8614668218859138 0.5437595479046083 0.2549476135040745 0.12182739839816037
2 0.8608847497089639 0.3001880241639733 0.2549476135040745 0.13285681016286624
3 0.49417927823050056 0.07071630285799732 0.9883585564610011 0.13040319395128877
12 0.6088474970896391 0.7629461856454589 0.2572759022118743 0.10162819924305357
11 0.6076833527357393 0.5451046087524241 0.25029103608847497 0.13465226729660926
10 0.6082654249126892 0.2923526030812944 0.25261932479627475 0.1199677740238554
4 0.35797438882421423 0.7698326887258617 0.2561117578579744 0.11816162235001863
5 0.3573923166472643 0.5464817532205207 0.25378346915017463 0.14203729209336094
6 0.3573923166472643 0.2946435179264031 0.2549476135040745 0.14020975133933683
7 0.11525029103608847 0.7676028771163319 0.23050058207217694 0.16572046011501673
8 0.11583236321303841 0.536909694974614 0.23166472642607683 0.14734880171393402
9 0.11583236321303841 0.29334351850402585 0.23166472642607683 0.15286350759628697