0 0.15167151654103053 0.6654391835481723 0.22166296862725515 0.1067989087424717
1 0.1550834782660763 0.5552133807372238 0.22068640612725515 0.10679153973701126
2 0.15604551152948493 0.44310606377114853 0.22065799875513137 0.10045841750775239
4 0.16092089663592454 0.33255255134054656 0.2133224170562818 0.09786990107509606
3 0.48695767384307176 0.24554227950481283 0.8734701448446447 0.10095141209752259
8 0.161530678484998 0.14191451873165944 0.2201526730818571 0.09665485966746669
12 0.3757670436561191 0.6580481867886863 0.22306531615858272 0.09287709334629227
11 0.3743274409905011 0.5548256634572245 0.21875600702495424 0.11184329950949777
10 0.37478130784342306 0.43828884543339813 0.21779080747380375 0.1143691793957411
4 0.5984204529189067 0.6557347413207979 0.22211716103070667 0.099202846570091
5 0.6018835479137754 0.5569085585225158 0.2235933677295563 0.10174714896998518
6 0.6008952969143964 0.445449291790287 0.22559194452495435 0.11189488254772034
7 0.824999997342181 0.6578250053915495 0.2347670217353086 0.0891656480742614
8 0.8180076565202353 0.5685777227458547 0.21382206125513137 0.10040683446952982
9 0.8179817643347944 0.4539445258935362 0.2157808677295563 0.10168819692630233