0 0.17083333333333334 0.12368948247078465 0.2447 0.10776293823038399
1 0.17916666666666667 0.3786644407345576 0.252275 0.17454090150250415
2 0.18370833333333333 0.6541235392320535 0.2507583333333333 0.20641068447412353
12 0.4072 0.10776293823038396 0.23257499999999992 0.13051752921535895
11 0.412875 0.3323706176961603 0.23485000000000003 0.19123539232053424
10 0.42196666666666666 0.6214858096828046 0.23484999999999995 0.2413188647746243
3 0.5225 0.8647746243739566 0.935 0.2704507512520868
4 0.6359833333333333 0.08499165275459097 0.22803333333333342 0.13963272120200332
5 0.6416666666666667 0.30202003338898165 0.2242416666666666 0.13963272120200332
6 0.6439416666666666 0.5729215358931553 0.22879166666666662 0.17150250417362273
7 0.8697 0.0713355592654424 0.24242499999999997 0.14265442404006679
8 0.8674250000000001 0.2830550918196995 0.23485000000000003 0.13811352253756262
9 0.8731083333333334 0.5258764607679466 0.23560833333333334 0.09864774624373962