0 0.16875 0.8133535660091047 0.2525 0.125948406676783
1 0.17208333333333334 0.5690440060698028 0.25166666666666665 0.11684370257966616
2 0.17208333333333334 0.2928679817905918 0.25916666666666666 0.11987860394537178
3 0.5179166666666667 0.07966616084977238 0.9583333333333334 0.13505311077389984
12 0.4066666666666667 0.8171471927162367 0.2275 0.10925644916540213
11 0.41083333333333333 0.5773899848254932 0.22833333333333333 0.10925644916540213
10 0.41375 0.3133535660091047 0.235 0.10318664643399089
4 0.6325 0.8239757207890743 0.22916666666666666 0.18057663125948406
5 0.6408333333333334 0.58649468892261 0.23333333333333334 0.17754172989377845
6 0.6508333333333334 0.3277693474962064 0.24666666666666667 0.2336874051593323
7 0.8545833333333334 0.8634294385432474 0.21833333333333332 0.2701062215477997
8 0.8654166666666666 0.6016691957511381 0.225 0.17602427921092564
9 0.875 0.34597875569044007 0.22083333333333333 0.16236722306525037