0 0.14125 0.8192930251603692 0.2708333333333333 0.3549700851846739
1 0.17208333333333334 0.5345815916759536 0.23166666666666666 0.11934167708324865
12 0.3858333333333333 0.8686817059228541 0.24166666666666667 0.24250338106725397
4 0.6270833333333333 0.892333203945084 0.23833333333333334 0.1863923665512979
7 0.8708333333333333 0.9043296450972715 0.25083333333333335 0.11955010400794014
11 0.3958333333333333 0.5448029114644919 0.23083333333333333 0.30469087049475796
2 0.175 0.22308682906588884 0.23666666666666666 0.28294745119363135
10 0.4041666666666667 0.23492468451450677 0.225 0.16599815272423352
5 0.6266666666666667 0.5660046853860412 0.23166666666666666 0.1816469730334044
6 0.6291666666666667 0.23737143536958144 0.22916666666666666 0.14579424174145283
8 0.86375 0.5810438950141048 0.24583333333333332 0.1226109965642239
9 0.8625 0.23679354182918813 0.2375 0.1661340833272933
3 0.5225 0.05318968736988941 0.9216666666666666 0.10503819278958976