0 0.17333333333333334 0.09359469233452788 0.23333333333333334 0.14530838019537864
1 0.175 0.3517851382111302 0.23333333333333334 0.14165874515888227
2 0.17041666666666666 0.6383398792037585 0.23166666666666666 0.13981269468511978
12 0.4033333333333333 0.09978863206477667 0.22583333333333333 0.16163618955979725
11 0.40208333333333335 0.344330104226668 0.22666666666666666 0.12150082063609455
10 0.39875 0.6409054168530254 0.23 0.1434410967661015
4 0.6304166666666666 0.09415841559856256 0.23166666666666666 0.1525864173128569
5 0.6275 0.38251674115392453 0.23666666666666666 0.1927961015808601
6 0.625 0.6790814373025246 0.22916666666666666 0.24197062627374585
7 0.8658333333333333 0.09332245133172723 0.23666666666666666 0.18664490266345446
8 0.86125 0.3667650965152877 0.235 0.16905224088811932
9 0.8570833333333333 0.6423656241595483 0.24083333333333334 0.16000246864117912
3 0.5116666666666667 0.9214011906862655 0.92 0.15588117538557428