0 0.8150962065531389 0.8728626292163404 0.23383269705877371 0.1723706628452515
1 0.8251901906813299 0.6215024450523494 0.23454482560437895 0.13119408595861357
2 0.8389299386920747 0.33467903150755257 0.24875027780311862 0.14453659519549367
3 0.4949614922710454 0.12281238551432948 0.9646078520939974 0.16100696720144203
12 0.5962807559677655 0.8531380498512263 0.2079945155339313 0.17042609493068844
11 0.5985210999189087 0.6232857229907018 0.22289270351223953 0.13600224144897055
10 0.6010811467065359 0.3604796746888174 0.23116785854746336 0.11632872958424156
4 0.3891683334853775 0.8456351350374245 0.21449149549777832 0.1128421454059567
5 0.3805729200074327 0.6150836842684033 0.22036846255469386 0.12773625546967415
6 0.37439751136958727 0.35732061325319936 0.22972420869021656 0.1920920975255564
7 0.17879772463804752 0.8637059785749307 0.2130478456405316 0.18860551334727135
8 0.16518534248982078 0.6274459725816356 0.23047512276789472 0.16409509230283958
9 0.14690720775260552 0.36323209189964223 0.23799936372544034 0.1724185856608274