0 0.15180389176315934 0.31560802249163983 0.23763137227942377 0.074480066553808
1 0.1518042173136888 0.42432748024776445 0.23378477776088374 0.08772498271152751
2 0.15282087568519154 0.5419038505573794 0.231825971286459 0.08644605014563397
12 0.37498535259692023 0.3255060934294443 0.22649180712022 0.09462304374366132
11 0.3749885188846621 0.43485766243714913 0.22397654170269798 0.07816976362415771
10 0.3723430678811649 0.5524064513791396 0.2274484844597333 0.09020562001396615
4 0.5991007648724955 0.32592985062491103 0.22065799875513137 0.10026791481968458
7 0.8256888315074069 0.33332521916617736 0.23381034439579507 0.09341398397575015
5 0.596682410070724 0.4396878108152615 0.22647760343415801 0.09146248748575993
8 0.8266600380835116 0.4407878094505079 0.23185721939579507 0.09339927391301703
6 0.596472683842802 0.5559907648325076 0.2249957152608837 0.08765878742922852
9 0.8269527967916516 0.5602549972413389 0.23873008647955607 0.10166820540312665
3 0.48761786430319715 0.7795628181147676 0.9077663025703523 0.12693396193979462