0 0.81375 0.8797678275290216 0.23833333333333334 0.1310116086235489
1 0.81375 0.6260364842454395 0.23833333333333334 0.12935323383084577
2 0.81625 0.36981757877280264 0.24166666666666667 0.0978441127694859
3 0.4795833333333333 0.1252072968490879 0.92 0.16086235489220563
12 0.5891666666666666 0.8640132669983416 0.2125 0.14262023217247097
11 0.58875 0.6359867330016584 0.21416666666666667 0.12935323383084577
10 0.5883333333333334 0.37396351575456055 0.2225 0.12603648424543948
4 0.38416666666666666 0.8689883913764511 0.20833333333333334 0.12603648424543948
5 0.37833333333333335 0.6434494195688225 0.20833333333333334 0.13764510779436154
6 0.37166666666666665 0.4046434494195688 0.21666666666666667 0.208955223880597
7 0.17 0.8988391376451078 0.2225 0.14593698175787728
8 0.16541666666666666 0.6766169154228856 0.2175 0.1625207296849088
9 0.15166666666666667 0.42786069651741293 0.22833333333333333 0.15091210613598674