0 0.12384711436654433 0.1607806691449814 0.2296843575275532 0.15427509293680297
1 0.12921042575570463 0.3903345724907063 0.20084758640924946 0.13568773234200743
2 0.12406937520337047 0.7091078066914498 0.22449179795067906 0.137546468401487
12 0.34273079346813806 0.1524163568773234 0.22146834296415235 0.15613382899628253
11 0.34293742090104673 0.3763940520446097 0.2357731223913329 0.13011152416356878
10 0.352665848186369 0.6849442379182156 0.2470185712113641 0.11152416356877323
4 0.5666964156496864 0.12639405204460966 0.2348470207539088 0.16171003717472118
5 0.576834080322787 0.4024163568773234 0.24444356148261925 0.2695167286245353
6 0.5910707833724326 0.6747211895910781 0.23817541851572682 0.2379182156133829
7 0.8076378379231494 0.10594795539033457 0.25864669331803575 0.21189591078066913
8 0.8201744664712632 0.32899628252788105 0.26362997844127867 0.16356877323420074
9 0.8308618813795803 0.6161710037174721 0.25535417117684034 0.14684014869888476
3 0.4931303490529315 0.8996282527881041 0.9749520304415038 0.20074349442379183