0 0.18882196559559317 0.8819241873345746 0.23871634046255455 0.13377097732327237
1 0.18808019229469636 0.6281928440509925 0.23871149227104543 0.13211260253056922
2 0.18483114670653586 0.37194499415143556 0.24195270996570534 0.10064207403843624
3 0.5207827051256059 0.13123256171963785 0.9204702745763855 0.17151390399883035
12 0.41335924110958977 0.8687698011555571 0.2129169444697851 0.14508050846068607
11 0.41310928144375114 0.6407480912300273 0.21454482560437876 0.13183280640367412
10 0.4127599338519754 0.3787296980540828 0.22286846255469384 0.1286125382413351
4 0.6183737856841172 0.8761183685411211 0.2087017958880271 0.1284485198221207
5 0.6235477649722089 0.6506469337296396 0.208735733228591 0.14005714337104275
6 0.6295162920615609 0.41191814871883964 0.217277538796817 0.2114637408803456
7 0.8326277197979483 0.9084486873826062 0.22292664085280345 0.148513035753773
8 0.8365613954690582 0.686279529943071 0.21797512276789463 0.16503889482696402
9 0.8495841667426888 0.43768250538565934 0.2287745187606642 0.15355569712802958