0 0.124697265625 0.15102094240837696 0.23136718749999996 0.2577486910994764
1 0.124326171875 0.4520680628272251 0.23512695312499998 0.26379581151832454
2 0.12357421875 0.7782984293193718 0.2411328125 0.2879581151832461
12 0.36169921875 0.15908376963350787 0.23663085937499997 0.2698429319371728
11 0.361328125 0.45910994764397905 0.23738281250000004 0.25371727748691103
10 0.361328125 0.7883507853403141 0.23738281250000004 0.296020942408377
4 0.597958984375 0.15607329842931936 0.23587890624999996 0.2798952879581152
5 0.597958984375 0.46112565445026177 0.23587890624999996 0.2980366492146596
7 0.830830078125 0.16612565445026178 0.2298632812500001 0.316151832460733
8 0.831953125 0.47321989528795816 0.2306152343750001 0.27787958115183253
6 0.599833984375 0.776282722513089 0.23512695312499998 0.2839267015706807
9 0.83458984375 0.7742670157068062 0.22986328124999988 0.30005235602094243