0 0.16819134676397623 0.7948009433442839 0.2487405814201002 0.1480720436678146
1 0.17223978834490616 0.5400915673844287 0.2454460336188399 0.16184877714062323
12 0.40778195238457327 0.7950990885440243 0.23203028102985135 0.13232704091095965
11 0.40681100119946667 0.5472378870593577 0.22623088503708194 0.1443465144711035
2 0.17897003710742845 0.22064549624224677 0.2353393734056391 0.12373165458840998
4 0.6340198319058004 0.8021449275659144 0.22378906333519163 0.165041758876228
5 0.6368206975824849 0.5465569216497267 0.2321951195411617 0.19104897528056242
7 0.8751510512138266 0.846520685499763 0.2458581298971156 0.3069586290004739
6 0.634623987354924 0.2900450694833393 0.22926418610308624 0.3343593875098476
10 0.4077515503522378 0.21217743800927133 0.2287163404625546 0.1391953115167561
8 0.8721404004189691 0.5839378144331376 0.23990359177605416 0.2654053836886773
9 0.8631076146250403 0.23925765215726286 0.2354993637254404 0.18072647324125982
3 0.5148230410099167 0.06924942801929258 0.9153539179801665 0.13711222302664763