0 0.8333333333333334 0.10858138384285435 0.23666666666666666 0.15031456246704714
12 0.60375 0.11308711928155077 0.23166666666666666 0.1673675842728547
4 0.3770833333333333 0.1222901523941793 0.22333333333333333 0.15328021522447285
7 0.14333333333333334 0.09642405400852927 0.24416666666666667 0.17527935324200608
1 0.83875 0.3551409731022186 0.235 0.15651730638676428
11 0.60625 0.36428067058704516 0.2325 0.15182453268624654
10 0.6133333333333333 0.642740159783613 0.24333333333333335 0.18926719487527052
2 0.845 0.6429226740720198 0.245 0.13796336230858608
3 0.4920833333333333 0.8700395466615384 0.9616666666666667 0.19551131508840183
5 0.38125 0.3789450344300343 0.22333333333333333 0.16883231475790983
6 0.3775 0.667395765014561 0.22916666666666666 0.15023313094558743
8 0.14625 0.35773099398417213 0.24666666666666667 0.22818363549617846
9 0.14375 0.6329760118855207 0.24333333333333335 0.22503702380217566