0 0.1625 0.2327869491948626 0.2375 0.1474817718029358
1 0.16916666666666666 0.4958040701031908 0.23666666666666666 0.18034420185374364
2 0.17166666666666666 0.712640294489326 0.23 0.17396424908700836
12 0.3954166666666667 0.2411637929776211 0.23 0.16005780155224233
11 0.39375 0.47250180099326977 0.225 0.14484300132611636
10 0.39208333333333334 0.7152178115373634 0.22416666666666665 0.17264854136428182
4 0.6279166666666667 0.2356305117099303 0.23666666666666666 0.1537955292873721
7 0.87125 0.2794975234732665 0.2575 0.530717711013382
5 0.62 0.5092648108462082 0.23333333333333334 0.2688103569495163
8 0.8566666666666667 0.4879655234458434 0.245 0.20190953472113887
6 0.60875 0.7436546199352202 0.22583333333333333 0.5126907601295595
3 0.49875 0.9193986711151202 0.8575 0.16120265776975964
9 0.8354166666666667 0.7026957956832904 0.23583333333333334 0.11459727665802824