0 0.87548828125 0.1505235602094241 0.2314453125 0.25654450261780104
1 0.87548828125 0.45157068062827227 0.2353515625 0.2643979057591623
2 0.87646484375 0.7787958115183246 0.2412109375 0.2879581151832461
12 0.63818359375 0.15968586387434555 0.236328125 0.2696335078534031
11 0.638671875 0.4594240837696335 0.2373046875 0.25392670157068065
10 0.638671875 0.7879581151832461 0.2373046875 0.29581151832460734
4 0.40185546875 0.15575916230366493 0.236328125 0.2801047120418848
5 0.40185546875 0.4607329842931937 0.236328125 0.29842931937172773
7 0.1689453125 0.1662303664921466 0.2294921875 0.31675392670157065
8 0.16796875 0.4738219895287958 0.23046875 0.2774869109947644
6 0.400390625 0.7761780104712042 0.2353515625 0.28272251308900526
9 0.16552734375 0.774869109947644 0.2294921875 0.3010471204188482