0 0.18409166666666665 0.12879736408566722 0.23181666666666667 0.16174629324546955
1 0.1757583333333333 0.38041186161449747 0.23333333333333334 0.11981878088962107
2 0.16363333333333335 0.6672158154859967 0.24696666666666667 0.13329489291598018
3 0.5087083333333333 0.8716474464579902 0.9628750000000003 0.11682042833607911
12 0.4030333333333333 0.1430313014827018 0.20605833333333332 0.16024711696869848
11 0.402275 0.37291598023064254 0.22120833333333337 0.12579901153212522
10 0.40113333333333334 0.6357660626029654 0.2295416666666667 0.10634266886326187
4 0.610225 0.14602965403624382 0.21287500000000004 0.10334431630971992
5 0.620075 0.37667215815485994 0.21894166666666667 0.11831960461285003
6 0.6280333333333333 0.6342668863261944 0.227275 0.1812191103789127
7 0.8204583333333333 0.1228171334431631 0.21060833333333334 0.17971993410214168
8 0.8356083333333334 0.35943986820428336 0.22879166666666673 0.1527677100494234
9 0.8553 0.6230313014827018 0.23636666666666656 0.16174629324546944