0 0.14793387200606384 0.9059701492537313 0.24577380245240954 0.16716417910447762
1 0.1481074687112705 0.7134328358208956 0.24787699509195615 0.1761194029850746
2 0.14694142927151946 0.503731343283582 0.2485740275450476 0.17761194029850746
4 0.1485796466844972 0.282089552238806 0.25209950741141235 0.2
4 0.6365517734527322 0.8865671641791045 0.2499318066104137 0.16716417910447762
12 0.39190438590307913 0.8932835820895523 0.24166821117558523 0.1865671641791045
11 0.3930872454471062 0.7119402985074627 0.2472162484796815 0.1880597014925373
10 0.39261622258040124 0.5014925373134328 0.24230073546722466 0.16417910447761194
5 0.6381940226258006 0.6634328358208955 0.24688207443475776 0.3208955223880597
5 0.6369574273844615 0.4798507462686567 0.24996809245123056 0.18059701492537314
7 0.8783868406294749 0.8947761194029851 0.23745376237631052 0.16567164179104477
8 0.878562453214727 0.7014925373134329 0.23951260565485874 0.1582089552238806
9 0.8794935587743863 0.48507462686567165 0.23885992256276575 0.17313432835820897
3 0.5098166838432918 0.08582089552238806 0.9746936104465069 0.12388059701492538