0 0.1380101206630824 0.7738970588235294 0.2542575647110208 0.12867647058823528
1 0.137103730554303 0.5459558823529411 0.25657908062509416 0.12683823529411764
2 0.1356728370152478 0.3023897058823529 0.2566197173874525 0.13786764705882354
3 0.5003247060153477 0.06985294117647059 0.9900374331381054 0.13970588235294118
12 0.3912589271923917 0.7610294117647058 0.2588260958081774 0.10477941176470588
11 0.3903152867181172 0.5431985294117647 0.2519699127655793 0.13970588235294118
10 0.38833618497074396 0.29044117647058826 0.2542440191235681 0.125
4 0.6421286490609535 0.7619485294117647 0.25772967939154134 0.12316176470588236
5 0.640619868394045 0.5395220588235294 0.25548943700218457 0.14705882352941177
6 0.6392194524267585 0.28768382352941174 0.2578109529162578 0.14522058823529413
7 0.8831268486994085 0.7564338235294118 0.22880216318092997 0.17095588235294118
8 0.882237390574945 0.5238970588235294 0.2322200955116395 0.15073529411764705
9 0.8807997242421635 0.2821691176470588 0.2334045582467183 0.15625