0 0.849609375 0.30807647037227415 0.2373046875 0.07448006655380807
1 0.85009765625 0.4167959281283988 0.2333984375 0.08772498271152751
2 0.849609375 0.5343722984380137 0.2314453125 0.08644605014563397
12 0.62646484375 0.3179745413100786 0.22607421875 0.09462304374366139
11 0.626953125 0.4273261103177834 0.2236328125 0.07816976362415771
10 0.630126953125 0.5448748992597738 0.22705078125 0.09020562001396601
4 0.40234375 0.3183982985055454 0.22021484375 0.10026791481968444
7 0.17578125 0.3257936670468117 0.2333984375 0.09341398397575015
5 0.4052734375 0.4321562586958958 0.22607421875 0.09146248748575993
8 0.17529296875 0.4332562573311422 0.2314453125 0.09339927391301703
6 0.406005859375 0.5484592127131419 0.224609375 0.08765878742922852
9 0.175537109375 0.5527234451219731 0.23828125 0.10166820540312665
3 0.515869140625 0.7720312659954018 0.9072265625 0.12693396193979462