0 0.17384183783555499 0.1138830157437223 0.24617270673897243 0.11972664406382609
1 0.17935006453465818 0.369381569539352 0.2546999677326709 0.18660173304230612
2 0.18063344626898514 0.6448649494634378 0.2531254167046777 0.21830184045529127
12 0.41053032136401274 0.1091288649362287 0.23373573322859112 0.14128379356772533
11 0.41320914884361365 0.33454334126217833 0.23724360145625306 0.20142281079517754
10 0.4190370783792009 0.6234357329791861 0.23738904720152695 0.2515062832492675
3 0.5162628777558166 0.8567187560840211 0.9383338889395703 0.28656248783195776
4 0.6393215309918403 0.09760464838048118 0.22959330751947013 0.1495824761235605
5 0.6424412660956536 0.3146767355827338 0.22625997418613678 0.14954362584101658
6 0.6416558590711745 0.5851274868348205 0.23052360468298597 0.18298117033025646
7 0.8730884996621224 0.09448595265756461 0.2437745187606644 0.15475593706978125
8 0.8683061126737961 0.3064574231933663 0.23625997418613678 0.1496601766886483
9 0.8713507008092178 0.5494059711635655 0.2369769509232511 0.10960311129601226