0 0.15916666666666668 0.8496835443037974 0.22416666666666665 0.12183544303797468
1 0.15625 0.6004746835443038 0.2275 0.11392405063291139
2 0.155 0.34889240506329117 0.23583333333333334 0.13449367088607594
12 0.3804166666666667 0.8583860759493671 0.21833333333333332 0.12183544303797468
11 0.385 0.6091772151898734 0.22916666666666666 0.09651898734177215
10 0.3883333333333333 0.3599683544303797 0.2325 0.10917721518987342
4 0.6066666666666667 0.8299050632911392 0.23166666666666666 0.20094936708860758
5 0.6075 0.5933544303797469 0.23 0.15664556962025317
6 0.6158333333333333 0.3235759493670886 0.22916666666666666 0.22784810126582278
7 0.8258333333333333 0.8473101265822784 0.2425 0.21360759493670886
8 0.83875 0.6123417721518988 0.2375 0.14556962025316456
9 0.84875 0.3805379746835443 0.24333333333333335 0.1360759493670886
3 0.5108333333333334 0.09018987341772151 0.9675 0.14556962025316456