0 0.14254970760233918 0.29346604215456673 0.25584795321637427 0.14489461358313818
1 0.14181286549707603 0.5993911007025761 0.25877192982456143 0.13613583138173302
12 0.39437426900584793 0.3088524590163934 0.2565847953216374 0.12587822014051522
11 0.3954736842105263 0.601592505854801 0.25146198830409355 0.14637002341920374
2 0.14363742690058479 0.9031147540983606 0.2536608187134503 0.1288056206088993
10 0.3954736842105263 0.9052927400468385 0.25292397660818716 0.13320843091334894
4 0.6491228070175439 0.32128805620608897 0.25292397660818716 0.1331850117096019
5 0.6465614035087719 0.5686416861826697 0.25658479532163747 0.26786885245901637
6 0.6487602339181288 0.860655737704918 0.25511111111111107 0.2459016393442623
7 0.8883040935672515 0.2786885245901639 0.22339181286549709 0.18266978922716628
8 0.8865497076023392 0.594847775175644 0.22690058479532163 0.18266978922716628
9 0.8877894736842105 0.9016393442622951 0.22442105263157908 0.16100702576112413