0 0.1628519733583372 0.802731411229135 0.2537599741861367 0.13353566009104703
1 0.16946586552464035 0.5584218512898331 0.25290239989525776 0.125948406676783
2 0.1732649030459686 0.2822458270106222 0.26041209627827605 0.12898330804248861
3 0.5205739550875949 0.08118361153262518 0.9588520898248102 0.16236722306525037
12 0.401148945255352 0.8141122913505311 0.22870664407953636 0.11684370257966616
11 0.4085816261804611 0.5743550834597876 0.2295399774128697 0.11684370257966616
10 0.4144227874072951 0.3110773899848255 0.23618725131349977 0.11077389984825493
4 0.6269362207693486 0.8285280728376327 0.2314345090804655 0.18816388467374812
5 0.638111629407194 0.5910470409711684 0.23559147936411365 0.18512898330804248
6 0.6514382460595006 0.3323216995447648 0.2499375291166183 0.24127465857359637
7 0.8476435011234446 0.8679817905918058 0.2216769186559221 0.26403641881638845
8 0.8626246639636451 0.6130500758725341 0.22725329783927162 0.18361153262518967
9 0.8751058268038455 0.3581183611532625 0.22304299744902248 0.16995447647951442