0 0.12483840352942376 0.1505235602094241 0.2320020969936266 0.25654450261780104
1 0.12549177308827128 0.45157068062827227 0.2359253914169009 0.2643979057591623
2 0.12522539489136641 0.7787958115183246 0.2418358996867237 0.2879581151832461
12 0.36216297618991045 0.15968586387434555 0.23691331686575046 0.2696335078534031
11 0.3623252237615456 0.4594240837696335 0.2378557905192018 0.25392670157068065
10 0.3630382488018531 0.7879581151832461 0.23794669410999802 0.29581151832460734
4 0.5984825789782733 0.15575916230366493 0.23693604276344948 0.2801047120418848
5 0.5991444707487579 0.4607329842931937 0.23697581308442262 0.29842931937172773
7 0.8314154611259723 0.1662303664921466 0.23017964590539597 0.31675392670157065
8 0.8330595968708818 0.4738219895287958 0.23107098628902456 0.2774869109947644
6 0.6012939321669417 0.7761780104712042 0.23596516173787419 0.28272251308900526
9 0.8361543726797293 0.774869109947644 0.23014555705884754 0.3010471204188482