0 0.18257500000000002 0.12696461824953445 0.22272499999999998 0.13882681564245813
1 0.16818333333333332 0.3394227188081937 0.23939166666666664 0.1438919925512104
2 0.15340833333333334 0.5832029795158287 0.25075833333333336 0.20823091247672262
12 0.39962499999999995 0.12443202979515827 0.2143916666666666 0.14050279329608936
11 0.39810833333333334 0.32672253258845435 0.22045833333333328 0.15912476722532587
10 0.39129166666666665 0.5569646182495344 0.23105833333333328 0.17607076350093107
4 0.60985 0.12273743016759776 0.20757499999999993 0.1438919925512104
5 0.6143916666666667 0.33435754189944134 0.21666666666666667 0.18791433891992546
6 0.6204583333333333 0.5586592178770949 0.227275 0.18960893854748598
7 0.8223499999999999 0.12696461824953445 0.2189416666666666 0.17607076350093112
8 0.8359833333333333 0.3368901303538175 0.2295416666666667 0.15236499068901302
9 0.8484833333333333 0.541731843575419 0.23636666666666675 0.13882681564245808
3 0.49734999999999996 0.839683426443203 0.9856083333333333 0.186219739292365