0 0.14692381217505504 0.16134751773049646 0.275057638380828 0.1524822695035461
1 0.1500782430499704 0.5035460992907801 0.2706272190030119 0.21631205673758866
2 0.15366196789046727 0.8643617021276596 0.27219750245236046 0.2322695035460993
12 0.41585140539646137 0.15780141843971632 0.27055599843914396 0.1879432624113475
11 0.41751122467113777 0.5141843971631206 0.26979979006854105 0.19148936170212766
10 0.4233568976955809 0.8617021276595744 0.26986210806192545 0.21631205673758866
4 0.6820922077535817 0.15070921985815602 0.2689634585635866 0.16312056737588654
5 0.6857093172333917 0.524822695035461 0.2735763806363142 0.17198581560283688
6 0.6904318059150347 0.8820921985815603 0.2736431499149403 0.19858156028368795
7 0.9070325987903793 0.149822695035461 0.18244805551267457 0.1400709219858156
8 0.9109872407678221 0.5079787234042553 0.17802551846435571 0.21099290780141844
9 0.9122419930855 0.87677304964539 0.175516013829 0.16843971631205673