0 0.17974040632054175 0.17235891535867665 0.21952595936794583 0.1905077277033522
1 0.18312641083521444 0.41169758913558574 0.21331828442437922 0.15894098195030376
2 0.18369074492099322 0.6453321204073879 0.21275395033860045 0.17656589652233035
3 0.5 0.8572476035421994 0.8459367945823928 0.1999004116959978
12 0.39503386004514673 0.20034317489630823 0.21275395033860045 0.22316539274399266
11 0.3939051918735892 0.41443431386403884 0.21049661399548533 0.1765365875560282
10 0.39418735891647855 0.6342112772329375 0.20936794582392776 0.18030027060436332
4 0.6049661399548533 0.1873258357145392 0.21162528216704288 0.21433461735404058
5 0.6058126410835214 0.44993128501518964 0.20711060948081264 0.2646538331745851
6 0.606941309255079 0.6785353601532524 0.208803611738149 0.27727027333759896
7 0.8180022573363431 0.16427322961080576 0.2200902934537246 0.26734125141847925
8 0.8168735891647856 0.3966263333140528 0.2178329571106095 0.24464191726326046
9 0.8160270880361173 0.6214264255751152 0.21839729119638826 0.2534653654116369