0 0.14102088167053364 0.2980600461893764 0.2559512761020882 0.16598152424942264
1 0.14066125290023201 0.5968591224018476 0.2581206496519722 0.17177829099307157
2 0.14030162412993039 0.894919168591224 0.2530510440835267 0.15877598152424943
12 0.3908120649651972 0.30168591224018476 0.24506960556844548 0.15300230946882218
11 0.3937122969837587 0.586027713625866 0.2494199535962877 0.15300230946882218
10 0.3940719257540603 0.8891454965357968 0.2530510440835267 0.12124711316397228
4 0.6413109048723897 0.3045727482678984 0.2545011600928075 0.12413394919168591
5 0.6449419953596288 0.5824249422632795 0.25305104408352674 0.1631177829099307
6 0.6431322505800464 0.8581062355658199 0.2552204176334107 0.23240184757505772
7 0.8845707656612529 0.28579676674364896 0.2291183294663573 0.2222863741339492
8 0.8845707656612529 0.5762124711316398 0.2308584686774942 0.17782909930715934
9 0.8842807424593968 0.8826558891454965 0.2314385150812065 0.1602309468822171