0 0.12996878025062103 0.1919923487516082 0.25834883118569746 0.2074738474699226
1 0.13035031489154142 0.5103415145471288 0.26070062978308284 0.24557639300494657
2 0.1290531870137731 0.8736633138550873 0.2581063740275462 0.1867126017951822
12 0.39013412060970065 0.19188393582262572 0.263045421544777 0.21099444777937892
11 0.3876807654198981 0.5309641509443871 0.26141928903121975 0.18675286359318186
10 0.38835695540963544 0.8683545240579198 0.26142837939029934 0.19021307120563863
4 0.6525841236347627 0.21429706872311188 0.2613283854404235 0.1521507874686143
5 0.6493586088040398 0.5499070107829166 0.2613102047222643 0.1452303722437009
6 0.6469279795119363 0.8803367068735362 0.2629636083130606 0.179852579267268
7 0.8902068434823376 0.17064416260292228 0.21939541549465283 0.2484930663444074
8 0.8892750816766768 0.5253154428797389 0.2194772287263696 0.279634934856518
9 0.8852501361277947 0.8678357347149572 0.22557269262201593 0.22089192904075305