0 0.13033919597989949 0.13666121112929625 0.26067839195979897 0.19803600654664485
1 0.13128140703517588 0.4402618657937807 0.26256281407035176 0.2193126022913257
2 0.13379396984924624 0.7594108019639935 0.26319095477386933 0.22749590834697217
12 0.3853643216080402 0.12438625204582651 0.25690954773869346 0.2127659574468085
11 0.3885050251256281 0.4369885433715221 0.25879396984924624 0.2127659574468085
10 0.3922738693467337 0.765139116202946 0.2543969849246231 0.2078559738134206
4 0.6394472361809045 0.14893617021276595 0.2550251256281407 0.28314238952536824
5 0.6444723618090452 0.5171849427168577 0.25879396984924624 0.4762684124386252
6 0.6444723618090452 0.8109656301145662 0.25879396984924624 0.37643207855973815
7 0.882537688442211 0.1497545008183306 0.23241206030150754 0.2995090016366612
8 0.8853643216080402 0.4607201309328969 0.2292713567839196 0.29623567921440264
9 0.8853643216080402 0.765139116202946 0.2292713567839196 0.24386252045826515