0 0.15618967540925435 0.11832036899567214 0.23454482560437875 0.1301222388511086
1 0.15743053463247303 0.3960933936445194 0.24123088503708193 0.13673423662641518
2 0.15950230309327046 0.6730399185714533 0.24123573322859107 0.13836822355451986
12 0.3790554360650752 0.09862058227274641 0.22117270673897244 0.11689824330049536
11 0.38940963184836014 0.3583151818759719 0.22862422482388106 0.10064393034019897
10 0.3973438227915456 0.6449990845665061 0.23362422482388107 0.10070096788736507
3 0.5175178020796374 0.9213984549544332 0.9649643958407252 0.15646160197797238
4 0.5994454376784416 0.08711924896392664 0.22300421191694947 0.172472811371773
5 0.6131911450931693 0.3663836666729629 0.23046057819336738 0.15785248533958118
6 0.629000793075194 0.6390883710249282 0.23833873713107928 0.2853890220524875
7 0.8223936175899176 0.10055639288793894 0.23562056851316848 0.20111278577587788
8 0.8443853908908143 0.3449548304433222 0.25056723840656825 0.19402834794654686
9 0.8542259561772502 0.5719744446133868 0.2454557300018579 0.15638961105297525