0 0.16791881295930278 0.13134703797225394 0.24793633723582162 0.14287834182843262
1 0.1658761336475601 0.3860335282288216 0.24712724486003396 0.15065744178199814
2 0.16172345594918391 0.6493096517790455 0.24955937017890614 0.12887777432005537
3 0.5125610818677895 0.9118406109998818 0.9488036079097188 0.16140294443125724
12 0.40497548123933585 0.13733586572736795 0.24710300390248827 0.14286927978822866
11 0.40289644049127477 0.4037045989745898 0.24790724808676695 0.13353254743590928
10 0.40166527765107435 0.665391372985346 0.24207876294494268 0.13502674555323527
4 0.643265180849087 0.14876281381781464 0.2404411854273307 0.1443544158653507
5 0.6374118991434803 0.4229604882397239 0.2446175484770159 0.14751499086387843
8 0.8649773497288534 0.39945851388085973 0.2246175484770159 0.14729750189898272
7 0.8782724531363508 0.14387086988216136 0.24297027457638554 0.15372739637848598
6 0.6329031571723016 0.6667707378256262 0.24042664085280346 0.139681518669089
9 0.8607955828814224 0.6720804318236071 0.23378906333519164 0.1489548167399804