0 0.17974040632054175 0.17002518891687657 0.21952595936794583 0.18765743073047858
1 0.18312641083521444 0.4093198992443325 0.21331828442437922 0.1561712846347607
2 0.18369074492099322 0.6429471032745592 0.21275395033860045 0.17380352644836272
3 0.5 0.8507556675062973 0.8459367945823928 0.1889168765743073
12 0.39503386004514673 0.1952141057934509 0.21275395033860045 0.22040302267002518
11 0.3939051918735892 0.4093198992443325 0.21049661399548533 0.17380352644836272
10 0.39418735891647855 0.6290931989924433 0.20936794582392776 0.17758186397984888
4 0.6049661399548533 0.17947103274559195 0.21162528216704288 0.21158690176322417
5 0.6058126410835214 0.4420654911838791 0.20711060948081264 0.2619647355163728
6 0.606941309255079 0.6706549118387909 0.208803611738149 0.27455919395465994
7 0.8180022573363431 0.15365239294710328 0.2200902934537246 0.26448362720403024
8 0.8168735891647856 0.38602015113350124 0.2178329571106095 0.24181360201511334
9 0.8160270880361173 0.610831234256927 0.21839729119638826 0.2506297229219144