0 0.16818333333333332 0.2190328151986183 0.24696666666666667 0.13659758203799657
1 0.17348333333333335 0.47417962003454234 0.2439416666666667 0.15072538860103624
12 0.40757499999999997 0.21274611398963733 0.2303 0.12089810017271158
11 0.4079583333333333 0.46082901554404143 0.22499999999999995 0.13345423143350602
2 0.1822 0.792901554404145 0.23409166666666673 0.1130397236614854
4 0.6337083333333333 0.2009671848013817 0.22196666666666678 0.15386873920552677
5 0.6378750000000001 0.45611398963730565 0.23030000000000012 0.18056994818652847
7 0.8765166666666666 0.14837651122625214 0.24696666666666678 0.2967530224525043
6 0.6371249999999999 0.712832469775475 0.2257583333333334 0.3234369602763385
10 0.41060833333333335 0.7960449050086357 0.227275 0.12875647668393775
8 0.8731083333333334 0.41293609671848014 0.23712500000000006 0.2543523316062177
9 0.8659083333333333 0.7583592400690846 0.23333333333333334 0.16956822107081165
3 0.5193166666666668 0.9428497409326424 0.9143916666666666 0.10834196891191714