0 0.17416666666666666 0.14747474747474748 0.22916666666666666 0.1414141414141414
1 0.16458333333333333 0.37373737373737376 0.245 0.12525252525252525
2 0.15458333333333332 0.6414141414141414 0.24583333333333332 0.14343434343434344
3 0.50375 0.8767676767676768 0.9641666666666666 0.23030303030303031
12 0.3908333333333333 0.15353535353535352 0.22 0.1717171717171717
11 0.395 0.37777777777777777 0.22666666666666666 0.15555555555555556
10 0.39125 0.6282828282828283 0.23333333333333334 0.15151515151515152
4 0.5954166666666667 0.1797979797979798 0.195 0.20404040404040405
5 0.6033333333333334 0.4222222222222222 0.20833333333333334 0.21616161616161617
6 0.6079166666666667 0.6212121212121212 0.21583333333333332 0.18383838383838383
7 0.815 0.1505050505050505 0.2425 0.1595959595959596
8 0.8258333333333333 0.36464646464646466 0.24333333333333335 0.1898989898989899
9 0.8391666666666666 0.5909090909090909 0.2608333333333333 0.1797979797979798