0 0.16745303802946454 0.32601677740250656 0.21430750176791902 0.10190699188693304
1 0.16980386623919783 0.41655799905888186 0.2222279497819894 0.12654676244125077
2 0.17034076557233774 0.5388089693046775 0.22213136471676853 0.10455452440761559
12 0.3804061592481369 0.3386063156964416 0.21137781426791902 0.10188441298727857
11 0.3827910763044188 0.4369095037176292 0.21333093926791902 0.10189946558704831
10 0.3832001424630016 0.5300531000953782 0.20752269753774177 0.113497257334958
4 0.17521822214844243 0.6487362911233717 0.21919031426791896 0.10194462338635697
1 0.1761496584035738 0.7496380907159909 0.2222648793657504 0.13495555933646422
4 0.590352893062075 0.333754008569203 0.20939628189579507 0.09540105508349861
6 0.5950744346420282 0.5193642655947608 0.20574285750769694 0.15293886708965151
5 0.5922978214009673 0.4430570787571507 0.20853903035871513 0.1225604110604572
7 0.8025989962653941 0.2965413591722007 0.22250918276601506 0.19058298495095324
8 0.8045581282903483 0.4090785820121536 0.2253081963542456 0.16085135945216011
9 0.8142331752500815 0.49956335641939276 0.24387424680309522 0.16358168127157552
8 0.1776375536018023 0.8660600598882923 0.21820807029349426 0.10064343602567018