0 0.15958333333333333 0.2402022756005057 0.23583333333333334 0.1390644753476612
1 0.16916666666666666 0.5031605562579013 0.235 0.17193426042983564
2 0.17416666666666666 0.7199747155499368 0.22833333333333333 0.16561314791403287
12 0.3925 0.2402022756005057 0.22833333333333333 0.15170670037926676
11 0.3933333333333333 0.4715549936788875 0.22333333333333333 0.13653603034134007
10 0.39458333333333334 0.7142857142857143 0.2225 0.16434892541087232
4 0.625 0.22692793931731986 0.235 0.14538558786346398
7 0.8716666666666667 0.26232616940581543 0.25666666666666665 0.5221238938053098
5 0.62 0.5006321112515802 0.23 0.2604298356510746
8 0.85625 0.47092288242730723 0.2425 0.1934260429835651
6 0.6116666666666667 0.7414664981036663 0.22 0.5170670037926675
3 0.50375 0.9247787610619469 0.8558333333333333 0.1504424778761062
9 0.8375 0.6864728192161821 0.235 0.10619469026548672