0 0.19083333333333333 0.1828234522993396 0.23333333333333334 0.106024220269899
1 0.18916666666666668 0.47444160360729104 0.23083333333333333 0.10761153288793962
2 0.18958333333333333 0.7232252725654404 0.23583333333333334 0.10605241653715725
3 0.53375 0.8946263004944801 0.925 0.10251662534759337
12 0.41583333333333333 0.19401761377113616 0.21833333333333332 0.123625640404637
11 0.41375 0.45817681340688315 0.2225 0.10267101867451554
10 0.42 0.7101257088453611 0.22333333333333333 0.10268041743026819
4 0.63 0.17787030801763773 0.21583333333333332 0.12521295302267763
5 0.6354166666666666 0.460523271032547 0.21833333333333332 0.1187791137487404
6 0.6404166666666666 0.705216474620809 0.22333333333333333 0.15760771953042974
7 0.8470833333333333 0.12291789337183182 0.23333333333333334 0.22072535112611877
8 0.8608333333333333 0.411938904370409 0.24166666666666667 0.21758832091304856
9 0.8716666666666667 0.6743369144066893 0.245 0.19985531819777197