0 0.14306428392961498 0.1446732907875469 0.26647199650290343 0.1726982078264819
1 0.14635146891347592 0.47142364967543554 0.26527687638152725 0.1779738220333313
2 0.1490797855705789 0.8153620802170135 0.265347224988673 0.20442884848835777
12 0.4054444100969404 0.14272215075838635 0.2604401170103059 0.1779122576967074
11 0.40873511251115857 0.4707952609690264 0.26406065167800735 0.17531292830367257
10 0.41210319839323717 0.8279689002801954 0.26280221781019997 0.15677901870099825
4 0.6666083115607458 0.13811011699956718 0.2652417020779543 0.16474630880581806
5 0.6698321827981756 0.44105095207793205 0.26553013136725195 0.2732119172714266
6 0.6739350085248764 0.847174085872978 0.26671118176719893 0.26264529777357176
7 0.8969273197419438 0.1291373566265169 0.20239196969493617 0.17452798301171837
8 0.8995461929579199 0.482342741969432 0.20090761408416005 0.17188248036621576
9 0.9012196836078873 0.8130459637414187 0.19756063278422534 0.13481466116086682