0 0.18186950974809854 0.1597974295074793 0.2182991714634061 0.1816696250718246
1 0.1826565370257049 0.399110457938874 0.21257703381359633 0.15136965240418032
2 0.18120100235870026 0.6327266711067374 0.2120553813234961 0.16773512113237818
3 0.49496052819565445 0.857210967334322 0.8457795772553941 0.16714749251487546
12 0.3970743170816788 0.1965978099519119 0.21161580882508554 0.2155867359562938
11 0.39369450270929596 0.4106669671949159 0.209798044980381 0.16770581216607616
10 0.3917123907526897 0.6297922259171737 0.20868250960749374 0.17272894105823988
4 0.6067457707463352 0.1911334822123274 0.21046087505618735 0.20549651472251307
5 0.6052130808871424 0.45434667271016566 0.20607753035666027 0.2558157305430576
6 0.6037723206186418 0.6822953795808 0.20723903052489356 0.26842484346449563
7 0.8203905454091162 0.17690432425697047 0.21850272984279637 0.25975526738920496
8 0.8166825991984978 0.4086020596927888 0.21618301270599707 0.23579648739015743
9 0.8135554030719961 0.6340098931510391 0.2173346632752277 0.2446272627801093