0 0.18295544275239706 0.16875 0.21503102086858433 0.15
1 0.1826001128031585 0.40625 0.21432600112803157 0.16875
2 0.18119007332205303 0.6351625 0.21573604060913706 0.1609375
12 0.3948110547095319 0.180475 0.20727580372250423 0.1890625
11 0.3965764241398759 0.4046875 0.2065707839819515 0.178125
10 0.3923463056965595 0.6382875 0.20939086294416243 0.1703125
4 0.6056119571347998 0.1890625 0.21009588268471519 0.203125
5 0.6049069373942471 0.4609375 0.21150592216582065 0.290625
6 0.6042019176536944 0.6859375 0.21009588268471519 0.3375
7 0.8181782289904118 0.1703125 0.21362098138747884 0.30625
8 0.8178228990411731 0.3726625 0.21432600112803157 0.2734375
9 0.8181782289904118 0.615625 0.21503102086858433 0.2375
9 0.49809926677946986 0.8609375 0.8523688663282571 0.184375