0 0.13285175879396985 0.11828073485267256 0.2600502512562814 0.188884748840811
1 0.13128140703517588 0.4219051940581184 0.26256281407035176 0.21183609306215934
2 0.13222361809045227 0.7410398475037544 0.2619346733668342 0.2200098773014212
12 0.38819095477386933 0.11359178588679147 0.2556532663316583 0.20518470823741217
11 0.38913316582914576 0.4261797944879103 0.25753768844221103 0.20521327368656567
10 0.3903894472361809 0.7543113236865651 0.25314070351758794 0.20023663733848612
4 0.6416457286432161 0.14575627962047316 0.25314070351758794 0.27552305305043373
5 0.6441582914572864 0.5139669648590267 0.2556532663316583 0.4686871632292289
6 0.6425879396984925 0.8077714567976967 0.2562814070351759 0.3688603511667262
7 0.8850502512562815 0.15046427221912337 0.22989949748743718 0.30092854443824674
8 0.8859924623115578 0.46611121285048684 0.22801507537688442 0.2882354700840865
9 0.8850502512562815 0.7705444808451128 0.22989949748743718 0.23589087677710238