0 0.14269005847953217 0.2939110070257611 0.256140350877193 0.1451990632318501
1 0.1415204678362573 0.5995316159250585 0.2584795321637427 0.1358313817330211
12 0.39415204678362575 0.3091334894613583 0.256140350877193 0.12646370023419204
11 0.3953216374269006 0.6018735362997658 0.25146198830409355 0.1451990632318501
2 0.14385964912280702 0.9028103044496487 0.25380116959064325 0.1288056206088993
10 0.3953216374269006 0.905152224824356 0.25263157894736843 0.13348946135831383
4 0.6491228070175439 0.32084309133489464 0.25263157894736843 0.13348946135831383
5 0.6467836257309941 0.5690866510538641 0.256140350877193 0.26697892271662765
6 0.6485380116959064 0.860655737704918 0.2549707602339181 0.2459016393442623
7 0.8883040935672515 0.2786885245901639 0.22339181286549709 0.18266978922716628
8 0.8865497076023392 0.594847775175644 0.22690058479532163 0.18266978922716628
9 0.887719298245614 0.9016393442622951 0.22456140350877193 0.16159250585480095