0 0.16789270351223948 0.1352253756260434 0.24617270673897243 0.11686143572621036
1 0.17946538605071505 0.38981636060100167 0.2546999677326709 0.18363939899833054
2 0.1869320043163881 0.6652754590984975 0.25312541670467764 0.21535893155258765
12 0.4040724047353571 0.11101836393989983 0.233735733228591 0.13856427378964942
11 0.412224486493335 0.335559265442404 0.23724360145625306 0.1986644407345576
10 0.42472989029108105 0.6243739565943238 0.23738904720152695 0.24874791318864775
3 0.5279013648150955 0.8555926544240401 0.9383387371310793 0.2888146911519199
4 0.6327327131924382 0.08013355592654424 0.22959330751947013 0.14691151919866444
5 0.640862978088625 0.29716193656093487 0.22625997418613678 0.14691151919866444
6 0.6462317184464373 0.5676126878130217 0.23052360468298597 0.18030050083472454
7 0.8660272609936985 0.0667779632721202 0.24372118865406378 0.1335559265442404
8 0.8662020736911455 0.2704507512520868 0.23625997418613678 0.14691151919866444
9 0.874821728126636 0.5125208681135225 0.23697695092325072 0.10684474123539232