0 0.14939799472831408 0.3223767383059418 0.2366320838817247 0.06763590391908976
1 0.15086316402884353 0.4310998735777497 0.23278548936318466 0.08091024020227561
2 0.1533446661503463 0.5486725663716814 0.23082668288875996 0.07964601769911504
12 0.372556729664376 0.3255372945638432 0.22549251872252085 0.08786346396965866
11 0.3740247397021178 0.43489254108723135 0.22297725330499896 0.07142857142857142
10 0.3730882730736206 0.5524652338811631 0.22644919606203429 0.08343868520859671
4 0.5966494160422522 0.3192161820480405 0.21917042910743234 0.09355246523388117
7 0.8232147567794645 0.3198482932996207 0.23281105599809626 0.0865992414664981
5 0.5956959049904806 0.4329962073324905 0.225478315036459 0.08470290771175727
8 0.8256508071055693 0.427307206068268 0.23085793099809626 0.0865992414664981
6 0.5971951631375587 0.5493046776232617 0.22399642686318466 0.08091024020227561
9 0.8276525501887092 0.5467762326169405 0.23724251683185704 0.09481668773704172
3 0.4912813940468033 0.7762326169405815 0.9066988364795562 0.09987357774968394