0 0.1259318239467812 0.15095835142518124 0.22863269121795013 0.14924081453165816
1 0.1277657467969893 0.3796099212663102 0.1998018993697501 0.13220940331473113
2 0.11749055891150231 0.698285831176536 0.2234401316410759 0.13245812094605433
12 0.34484838903394555 0.15140295690795724 0.22041667665454925 0.15101304011067743
11 0.34207537816311867 0.3744296564253886 0.2347214560817298 0.12514212861876925
10 0.3467354400864294 0.6830393182543111 0.24596690490176104 0.10667371993460643
4 0.5694713883125783 0.13517841381073373 0.23276760521511738 0.15671901400980656
5 0.5747499620772988 0.4112656015037927 0.24133639671464 0.264612215940081
6 0.5851792405281673 0.6836893861281803 0.23609600297693564 0.2329596338786408
7 0.8110373016975548 0.12377913872815845 0.2565792363194522 0.21087107736603697
8 0.8195665427127448 0.3478541581859625 0.2615505629024873 0.1588805367508972
9 0.825836990086031 0.6351045760459563 0.25326877636794526 0.14020666567564122
3 0.4848159252532382 0.9070631970260223 0.9696318505064764 0.18587360594795538