0 0.1295852334603543 0.15423728813559323 0.2591704669207086 0.15593220338983052
1 0.12835628327568313 0.49491525423728816 0.25671256655136626 0.1694915254237288
2 0.1282719370137731 0.8322033898305085 0.2565438740275462 0.13559322033898305
12 0.38551025312325793 0.15932203389830507 0.25354315651766246 0.15593220338983052
11 0.38228473829253506 0.488135593220339 0.25978406615858274 0.15254237288135594
10 0.3844734313073344 0.8372881355932204 0.258194295081344 0.1423728813559322
4 0.6448579820460191 0.1694915254237288 0.2613738372358217 0.16271186440677965
5 0.6400745123948359 0.4966101694915254 0.2633363130353249 0.31186440677966104
6 0.6392472897185908 0.8050847457627118 0.26325449980360816 0.28135593220338984
7 0.8848062711754346 0.13050847457627118 0.23029655405833438 0.2271186440677966
8 0.8846557593697739 0.47796610169491527 0.2287795058537327 0.2440677966101695
9 0.881380247564113 0.8254237288135593 0.23345791549465283 0.24067796610169492