0 0.1712788113459363 0.16161616161616163 0.22864846578142675 0.13131313131313133
1 0.16281672313449258 0.3888888888888889 0.24444301358268708 0.11515151515151516
2 0.15426009518862083 0.6555555555555556 0.24531513244809341 0.13131313131313133
3 0.5041458848850379 0.8767676767676768 0.9629557300018581 0.1898989898989899
12 0.3879551743956212 0.15757575757575756 0.2195545219873971 0.16161616161616163
11 0.3928336918047745 0.38181818181818183 0.22618725131349984 0.14747474747474748
10 0.39056584939097583 0.6323232323232323 0.232839373405639 0.1414141414141414
4 0.5929115406720391 0.17575757575757575 0.1946369412430522 0.19595959595959597
5 0.6014964243576102 0.41818181818181815 0.20716603039210704 0.2080808080808081
6 0.6072713015897155 0.6161616161616161 0.21458361113645177 0.17373737373737375
7 0.8121727470731338 0.13636363636363635 0.24202543283834227 0.1494949494949495
8 0.8237421721064994 0.3505050505050505 0.2420981557109792 0.1797979797979798
9 0.838199174657477 0.5767676767676768 0.26040724808676696 0.1696969696969697