0 0.12996878025062103 0.18863048861863402 0.25834883118569746 0.2074738474699226
1 0.13035031489154142 0.5069595235151548 0.26070062978308284 0.24557639300494657
2 0.1290531870137731 0.8702813228231133 0.2581063740275462 0.186712601795182
12 0.39013412060970065 0.18181848632270298 0.263045421544777 0.21099444777937892
11 0.3876807654198981 0.520938963242464 0.26141928903121975 0.18675286359318186
10 0.38835695540963544 0.8582890745579971 0.26142837939029934 0.19021307120563863
4 0.6525841236347627 0.19746763715924107 0.2613283854404235 0.1521507874686143
5 0.6493586088040398 0.5331379719160454 0.2613102047222643 0.1452303722437009
6 0.6469279795119363 0.8636079298046646 0.2629636083130606 0.179852579267268
7 0.8902068434823376 0.14769493774309847 0.21939541549465283 0.2484930663444074
8 0.8892750816766768 0.5023662180199151 0.2194772287263696 0.279634934856518
9 0.8852501361277947 0.8449670334511328 0.22557269262201593 0.22089192904075264