0 0.16833333333333333 0.13317757009345793 0.2475 0.14018691588785046
1 0.16708333333333333 0.3878504672897196 0.24666666666666667 0.14797507788161993
2 0.16375 0.6510903426791277 0.24916666666666668 0.1261682242990654
3 0.5154166666666666 0.9174454828660437 0.9483333333333334 0.15109034267912771
12 0.40541666666666665 0.14174454828660435 0.24666666666666667 0.14018691588785046
11 0.4041666666666667 0.40809968847352024 0.2475 0.1308411214953271
10 0.40375 0.6697819314641744 0.24166666666666667 0.13239875389408098
4 0.64375 0.1557632398753894 0.24 0.14174454828660435
5 0.63875 0.42990654205607476 0.24416666666666667 0.14485981308411214
8 0.86625 0.4088785046728972 0.22416666666666665 0.14485981308411214
7 0.87875 0.15342679127725856 0.2425 0.15109034267912771
6 0.635 0.6736760124610592 0.24 0.13707165109034267
9 0.8629166666666667 0.6814641744548287 0.23333333333333334 0.14641744548286603