0 0.12662898252826307 0.14936802973977695 0.22830421377183965 0.14737918215613383
1 0.1291983556012333 0.3783828996282528 0.1996813977389517 0.13011152416356878
2 0.11966084275436795 0.6970260223048327 0.22316546762589926 0.13011152416356878
12 0.3453956834532374 0.14737918215613385 0.21949640287769787 0.14869888475836432
11 0.3431963001027749 0.37107806691449813 0.2341829393627955 0.12347583643122678
10 0.34870503597122304 0.6797583643122677 0.24519013360739983 0.10355018587360601
4 0.5700308324768756 0.1287918215613383 0.2327132579650566 0.15401486988847582
5 0.5762692702980473 0.40494423791821565 0.2407913669064748 0.2628810408921934
6 0.5872867420349435 0.6771189591078067 0.23491264131551895 0.2310223048327137
7 0.811551901336074 0.11485130111524164 0.25620760534429593 0.20843866171003717
8 0.8207297019527235 0.3392193308550186 0.26134635149023633 0.1553345724907063
9 0.8277081192189106 0.6266542750929368 0.25326824254881813 0.138085501858736
3 0.48612538540596095 0.9052044609665427 0.9722507708119219 0.1821561338289963