0 0.15568333333333334 0.12032679738562091 0.23409166666666664 0.1277450980392157
1 0.15605833333333335 0.39810457516339864 0.2409083333333333 0.13369281045751627
2 0.157575 0.6751307189542484 0.2409083333333333 0.13517973856209153
12 0.3787916666666667 0.10323529411764706 0.22120833333333328 0.11437908496732026
11 0.38825833333333337 0.36245098039215684 0.2280333333333333 0.09803921568627451
10 0.3954583333333333 0.6491339869281045 0.23333333333333328 0.09803921568627451
3 0.51625 0.9272875816993464 0.9675 0.1454248366013072
4 0.5992416666666667 0.09357843137254902 0.22272499999999998 0.16934640522875818
5 0.6121249999999999 0.37359477124183005 0.23030000000000012 0.15596405228758173
6 0.627275 0.6461601307189543 0.23787500000000003 0.2822385620915033
7 0.8219666666666666 0.10472222222222223 0.23484999999999995 0.20944444444444446
8 0.8431833333333335 0.354281045751634 0.2500000000000001 0.1916176470588235
9 0.8526499999999999 0.5815522875816994 0.24470000000000008 0.1530065359477124