0 0.20404331558630232 0.10800281647389656 0.20368240312199068 0.13422221293212633
1 0.19634024714915582 0.3457691387739141 0.21532967702262085 0.12705850108085284
2 0.185509893517814 0.6612745311273936 0.22537331074620298 0.14363951380065454
3 0.5103044009849128 0.8938830580077197 0.9011920995050089 0.1467807569024548
12 0.3990772529268662 0.11831109403191567 0.1920787629449427 0.15783930686749495
11 0.40009267124491044 0.3440827413538435 0.19701088826381483 0.13230897227675587
10 0.4016895947409316 0.6320062919391983 0.2128393734056391 0.13068290055172524
4 0.5874711886540637 0.13875930328735275 0.19132784886726445 0.18890728158447675
5 0.5964856928944297 0.39550852029263694 0.19730662794587184 0.24382633973562243
6 0.607634436478975 0.6714267600135932 0.20727753879681698 0.23298504898193234
7 0.7773475597705809 0.08971640530399295 0.19199149549777833 0.1249325426993048
8 0.791725400571013 0.3262867998343755 0.19865331397293592 0.12318947622487636
9 0.8203911128258403 0.6083802234199934 0.21617270673897224 0.1307254440969605