0 0.1570048309178744 0.1277639751552795 0.24082125603864737 0.20751552795031053
1 0.1570048309178744 0.3980745341614907 0.23642512077294686 0.1835093167701864
2 0.15628019323671494 0.6585403726708075 0.24082125603864737 0.18773291925465835
12 0.39233494363929144 0.13198757763975155 0.23568438003220615 0.2329192546583851
11 0.39049919484702095 0.39313664596273296 0.2364251207729468 0.20751552795031053
10 0.3912238325281803 0.650776397515528 0.23202898550724643 0.20608695652173917
4 0.6269243156199678 0.13835403726708073 0.23642512077294695 0.21173913043478262
5 0.6265539452495974 0.38680124223602486 0.24301127214170687 0.2089130434782609
6 0.6254589371980677 0.6422981366459627 0.24082125603864746 0.19198757763975152
7 0.8680998389694042 0.1270496894409938 0.2517874396135265 0.21173913043478262
8 0.8684702093397746 0.3790372670807453 0.24666666666666676 0.19903726708074534
9 0.8688405797101448 0.6408695652173914 0.2488727858293075 0.24562111801242245
3 0.5112721417069244 0.9027329192546584 0.9595974235104667 0.15667701863354053