0 0.1370318559376702 0.1167192507525532 0.24800490958953464 0.18276591803291578
1 0.1373875957617608 0.3684159733173077 0.24495440236614544 0.1963317831362426
2 0.13596690004636375 0.6486603782093643 0.24498672364287302 0.20857668109542643
12 0.38179032923687783 0.1218985290111162 0.2480085008425044 0.1841264622506028
11 0.38000173587217173 0.3796899966039818 0.24748458946909996 0.21949269649575798
10 0.3785774489038049 0.6585738572783514 0.24931848505610324 0.212713721651449
4 0.6247615932376887 0.1515438569439202 0.24502981867850973 0.22490321170767116
7 0.8707079481495247 0.13905189120196876 0.24864733231094008 0.19229764297143406
5 0.6235669406792967 0.4004997025365285 0.24811982968456583 0.2263033329989022
6 0.6222593694324461 0.723601250285728 0.25026975553290487 0.3392522493110555
8 0.8666708752598997 0.36348232151002025 0.24649422676980684 0.3119938724690615
9 0.8664416524101005 0.6274160266192496 0.2433180256924771 0.2779406899533407
3 0.5004357762898634 0.8707878763932717 0.98461140783038 0.2584242472134566