0 0.1611328125 0.16796875 0.228515625 0.142578125
1 0.1611328125 0.37890625 0.22705078125 0.1376953125
12 0.39892578125 0.17236328125 0.24658203125 0.1494140625
11 0.39892578125 0.38720703125 0.248046875 0.154296875
4 0.6376953125 0.171875 0.23974609375 0.2119140625
5 0.63720703125 0.3984375 0.2373046875 0.2041015625
2 0.159423828125 0.5908203125 0.232421875 0.1552734375
10 0.395263671875 0.59130859375 0.248046875 0.173828125
6 0.63623046875 0.609375 0.24462890625 0.2490234375
7 0.8662109375 0.18359375 0.216796875 0.1845703125
8 0.8642578125 0.4052734375 0.22314453125 0.1728515625
9 0.864990234375 0.603515625 0.220703125 0.134765625