0 0.14013671875 0.11046619743026645 0.236328125 0.16405814346793232
1 0.138916015625 0.35243457004977335 0.23681640625 0.1815565087058439
2 0.13623046875 0.5963296156630287 0.23583984375 0.18640428746228518
3 0.487548828125 0.8584150661479485 0.93017578125 0.18083864508247796
12 0.373046875 0.1243389912299027 0.23486328125 0.1931957008154223
11 0.371826171875 0.3711664503411492 0.2333984375 0.17957329703560423
10 0.36767578125 0.6169881689481529 0.23291015625 0.17373673937786746
4 0.6044921875 0.13187801098733015 0.236328125 0.2039026527001967
5 0.6025390625 0.4029924217558007 0.23388671875 0.22331072932890927
6 0.60107421875 0.633296159861308 0.232421875 0.17859017200195795
7 0.837890625 0.13701010296948432 0.23828125 0.19809436438070574
8 0.83544921875 0.39742886958847873 0.23828125 0.19615072978400996
9 0.833984375 0.6384225979758131 0.23974609375 0.1611822686464325