0 0.16934632755562293 0.1884341586293148 0.25290239989525776 0.12862337243204774
1 0.1734602197219261 0.43277903164789416 0.25203997741286965 0.11950984006511164
2 0.17434259057658766 0.7089550559271051 0.2595496737958879 0.12262419585919149
3 0.5207373418140654 0.925820608842957 0.9585253163718693 0.14520562106615903
12 0.40725087374351676 0.1871610029556088 0.22784906978865724 0.11166656682608622
11 0.4121835546686259 0.4269623521954491 0.2286824031219906 0.11167539509590567
10 0.4159438066578811 0.6910296699562053 0.23532967702262084 0.10567621852304923
4 0.633062390215059 0.18272493600381653 0.22974360145625308 0.18300440545980687
5 0.642154465519571 0.42029425056847447 0.23390057173990159 0.18001364544319792
6 0.6529810821718777 0.6791255312327104 0.2474132881590727 0.23630057302586172
7 0.855019670569155 0.14562395215650184 0.2191963114219584 0.2724192282404709
8 0.8666893169378133 0.40749896245626277 0.22556239021505917 0.17840791206215179
9 0.8770895705404348 0.6632909276198834 0.22135208982481003 0.1647067145673795