0 0.18977499999999997 0.09945668135095448 0.23863333333333334 0.14016152716593247
1 0.18598333333333333 0.34508076358296624 0.24014999999999995 0.15085168869309842
2 0.18674166666666667 0.6307635829662261 0.2537916666666667 0.18555066079295157
3 0.517425 0.8750513950073421 0.9363666666666668 0.1455066079295153
12 0.40985 0.11681350954478707 0.21212500000000006 0.15352422907488986
11 0.41363333333333335 0.3404111600587371 0.21818333333333328 0.14684287812041116
10 0.4204583333333333 0.60071953010279 0.22120833333333328 0.1521879588839941
4 0.6155333333333334 0.12882525697503672 0.19772499999999998 0.17754772393538912
5 0.6231083333333334 0.3430837004405286 0.20681666666666673 0.16820851688693095
6 0.6359833333333333 0.585374449339207 0.21287500000000004 0.16152716593245228
7 0.8178 0.1161380323054332 0.20227499999999993 0.168208516886931
8 0.8321999999999999 0.33105726872246694 0.21590833333333326 0.14951541850220268
9 0.8484833333333333 0.5640088105726871 0.21515000000000006 0.14550660792951547