0 0.15384615384615385 0.08432835820895522 0.2467082467082467 0.16865671641791044
1 0.15176715176715178 0.27313432835820894 0.24878724878724878 0.18507462686567164
2 0.1483021483021483 0.4828358208955224 0.2494802494802495 0.1865671641791045
4 0.14760914760914762 0.7044776119402985 0.25294525294525294 0.208955223880597
4 0.6420651420651421 0.11865671641791045 0.25086625086625086 0.1761194029850746
12 0.3974358974358974 0.10298507462686567 0.24255024255024255 0.19552238805970149
11 0.39674289674289676 0.28432835820895525 0.2480942480942481 0.19701492537313434
10 0.39397089397089397 0.49477611940298505 0.24324324324324326 0.17313432835820897
5 0.6413721413721414 0.3417910447761194 0.24878724878724878 0.32985074626865674
5 0.6379071379071379 0.5253731343283582 0.25086625086625086 0.18955223880597014
7 0.8821898821898821 0.11865671641791045 0.23562023562023562 0.1746268656716418
8 0.8808038808038808 0.3119402985074627 0.2383922383922384 0.16716417910447762
9 0.8801108801108801 0.5283582089552239 0.23977823977823978 0.18208955223880596
3 0.5065835065835066 0.914179104477612 0.975051975051975 0.16119402985074627