0 0.16213875902371216 0.3318611987381703 0.22405892308185704 0.0946372239747634
1 0.1668260489818521 0.45110410094637227 0.22267361997380375 0.11230283911671925
2 0.17172054998123104 0.5621451104100946 0.2192158809028304 0.10347003154574133
4 0.17417364473061003 0.673186119873817 0.22021232856331707 0.10788643533123028
3 0.5061540870113167 0.7703470031545742 0.873597978019202 0.122397476340694
12 0.3738101012673184 0.33217665615141956 0.20256602587022 0.09274447949526814
11 0.37580048140160877 0.44889589905362776 0.20170877433313994 0.1192429022082019
10 0.3831221849649258 0.556782334384858 0.21537496785871513 0.11798107255520504
4 0.5847603845847741 0.3350157728706625 0.22022085077495412 0.10977917981072555
7 0.809347033687075 0.3299684542586751 0.2304520311272551 0.10473186119873817
5 0.5871879126992416 0.44037854889589906 0.22070629128774177 0.10914826498422713
8 0.8112862805515426 0.4353312302839117 0.23145700099937905 0.1110410094637224
6 0.5957061731212534 0.5429022082018927 0.21627198971676842 0.10031545741324921
9 0.8134639865665854 0.5394321766561514 0.23046623481331707 0.10788643533123028