0 0.19090833333333335 0.18505654281098546 0.23333333333333334 0.10281098546042006
1 0.18901666666666667 0.4765751211631664 0.2310583333333333 0.10428109854604194
2 0.18977500000000003 0.7255088852988691 0.23560833333333334 0.10281098546042002
3 0.5337083333333333 0.9010177705977384 0.925 0.0925201938610662
12 0.4159083333333333 0.1989983844911147 0.21818333333333337 0.12189014539579966
11 0.41363333333333335 0.4626171243941842 0.22272499999999998 0.09987075928917613
10 0.420075 0.7152342487883684 0.22348333333333328 0.09987075928917617
4 0.629925 0.18505654281098546 0.21590833333333326 0.12336025848142163
5 0.6356083333333333 0.46777059773828755 0.21818333333333328 0.11602584814216482
6 0.6405333333333333 0.7122940226171245 0.2234833333333334 0.15567043618739906
7 0.8469666666666668 0.13218093699515346 0.23333333333333342 0.21736672051696287
8 0.8609833333333334 0.421502423263328 0.24166666666666667 0.21442649434571892
9 0.8715916666666668 0.6843941841680129 0.2446999999999999 0.19680129240710814