0 0.18242270673897237 0.1265723834001957 0.21965148581757962 0.186979906519855
1 0.17675206562431336 0.34672640499058643 0.2289005717399015 0.21840531375359443
2 0.1682180879495881 0.5871757532924659 0.23899753557008405 0.2553662971011662
3 0.4963071432179473 0.8067219648657523 0.9414248126974472 0.23677408813364373
12 0.39698422321051463 0.11552617497234854 0.20642481269744717 0.2273241325291086
11 0.3979802487625223 0.3355944826797049 0.21480662794587174 0.2458474811444116
10 0.39613475461625475 0.5842454099162295 0.22991813635058178 0.2883976117827122
4 0.6003078601608297 0.11373935338218112 0.20394905365499275 0.22747870676436224
5 0.6054754005710131 0.33108501744411034 0.2140169283361206 0.2624113525443914
6 0.6173459690841817 0.5666678154138195 0.22572722872636936 0.2791359374750606
7 0.7944260449124051 0.09409101005205246 0.20885208982481024 0.18818202010410492
8 0.8104244945601673 0.30911229896621895 0.21223390507323472 0.21819102904600865
9 0.8284868847752264 0.5225152926567713 0.21642966088895604 0.22929432397981103