0 0.15870608847329937 0.15207469223717163 0.22453997741286963 0.12431170287839709
1 0.15502583164394482 0.4012513340024591 0.2278490697886573 0.11643713218099813
2 0.15300496919399323 0.6528198043430976 0.23624542961160935 0.1370988067033233
12 0.3799827535265996 0.1458162014378182 0.21870664407953636 0.12424726488998467
11 0.38380249669724503 0.39507569204535026 0.22946240634872367 0.09905047974369102
10 0.3863722398678905 0.6443213745125083 0.23283452521412992 0.11174552929945654
4 0.6061454860794352 0.1767964875037587 0.23228238698832607 0.20350847577127465
5 0.6062540147821538 0.4133563258420671 0.2304799709594037 0.159186267449088
6 0.6137607314631804 0.6832268611238861 0.22986480624398137 0.23037959366774166
7 0.8253654828527023 0.1618124514915455 0.2431545058537324 0.2162863741692848
8 0.8375621930802633 0.3969234900391243 0.23794603361883976 0.14819316692424406
9 0.8468519330241758 0.6288377526304716 0.24375027780311845 0.1387639340265806
3 0.5080456232155839 0.9154530532818286 0.9679460336188399 0.15625712090272006