0 0.14345114345114346 0.28766020681874865 0.26195426195426197 0.18614422451103033
1 0.14345114345114346 0.592186955789942 0.2598752598752599 0.1737746038122197
2 0.14085239085239085 0.9054276047196939 0.25467775467775466 0.1891447905606123
12 0.3996881496881497 0.2967838591817126 0.2588357588357588 0.19228115148750594
11 0.3996881496881497 0.5797056698813011 0.25467775467775466 0.21692462613926766
10 0.3981288981288981 0.8965601415999915 0.26403326403326405 0.17588010035387386
4 0.6543659043659044 0.30897597503291435 0.25571725571725573 0.1613810414269444
5 0.6559251559251559 0.595002161750438 0.2609147609147609 0.14497999029331232
7 0.8918918918918919 0.2767318888432092 0.2130977130977131 0.23084908459104075
8 0.8924116424116424 0.5720053639767596 0.2151767151767152 0.19177837607174428
6 0.6564449064449065 0.9005637027276098 0.2598752598752599 0.17994744331839255
9 0.8913721413721414 0.8981250803763254 0.21725571725571727 0.1815142519145877