0 0.16478640177047985 0.19551617721172287 0.2537599741861367 0.13621945411613115
1 0.16983917627084333 0.43976393926228935 0.25290239989525776 0.12862337243204774
2 0.17187347208284842 0.7159090645971324 0.26041209627827605 0.1317377282261276
3 0.51790017747031 0.9125399944888511 0.9588569380163193 0.17403718404036236
12 0.4031560965401316 0.1816104119219911 0.22870664407953636 0.11926264851016961
11 0.40905674894835586 0.4212969936541798 0.2295399774128697 0.11927147677998896
10 0.4132155877215219 0.6845217175102257 0.23618725131349977 0.11327230020713253
4 0.6290354876928018 0.16480216931384406 0.2314345090804655 0.1906093154137096
5 0.6386934123882896 0.4021728478075665 0.23559147936411381 0.18761855539710082
6 0.6503667957359831 0.6607657651866798 0.2499375291166181 0.24391431124958354
7 0.8499948740053724 0.12809845760840036 0.2216769186559219 0.2561969152168007
8 0.8633470444985054 0.3777905941898844 0.22725329783927162 0.18601282201605435
9 0.8741992149916382 0.632598713131685 0.22304299744902248 0.17231162452128243