0 0.17166666666666666 0.164037319072842 0.22833333333333333 0.13453350579434703
1 0.16375 0.3911983910259651 0.24416666666666667 0.11859520027193919
2 0.15583333333333332 0.6577534023730276 0.245 0.13476856962509262
3 0.50625 0.8839077406265765 0.9625 0.2034739261245525
12 0.3883333333333333 0.1630527448321317 0.21916666666666668 0.16470725099046718
11 0.39375 0.38737156481954826 0.22583333333333333 0.15065986238135134
10 0.39208333333333334 0.6378531089415241 0.2325 0.1446932818530435
4 0.5933333333333334 0.18412584813212163 0.19416666666666665 0.19869808958778307
5 0.6025 0.4266793756632742 0.20666666666666667 0.2109955995820543
6 0.60875 0.6247473225796017 0.21416666666666667 0.17675794396245553
7 0.8125 0.14782299811248778 0.24166666666666667 0.1529033750407617
8 0.8245833333333333 0.3621348335311925 0.24166666666666667 0.183206405343792
9 0.8395833333333333 0.58860901724149 0.26 0.17336396545660218