0 0.18416666666666667 0.13061901217169875 0.23166666666666666 0.16411426142907015
1 0.17583333333333334 0.3825824746130339 0.23333333333333334 0.12294726910554783
2 0.16375 0.6690991821381429 0.24666666666666667 0.1362801937793128
3 0.50875 0.8773505520586297 0.9625 0.128038868915409
12 0.40291666666666665 0.1479619781113623 0.20583333333333334 0.16216969351450733
11 0.40208333333333335 0.3777711744378681 0.22083333333333333 0.1277458400327895
10 0.40125 0.6405292999241763 0.22916666666666666 0.10971977462605062
4 0.6104166666666667 0.15281970401404413 0.2125 0.10623319044776539
5 0.62 0.3835724306084856 0.21916666666666668 0.12113688507459845
6 0.6279166666666667 0.6414888546335336 0.2275 0.18383569610937534
7 0.8204166666666667 0.13217076350722493 0.21083333333333334 0.18199655838908027
8 0.8354166666666667 0.36875185236488095 0.22916666666666666 0.15584827544977384
9 0.8554166666666667 0.6325733151580653 0.23666666666666666 0.1641717688077615