0 0.15 0.09847487001733102 0.2545416666666667 0.14967071057192374
1 0.15075833333333333 0.3411091854419411 0.25454166666666667 0.12447140381282494
2 0.14431666666666668 0.6199826689774697 0.25681666666666664 0.16542461005199316
12 0.3969666666666667 0.09925476603119583 0.2363666666666667 0.15440207972270364
11 0.3947 0.344263431542461 0.23939166666666664 0.16857885615251297
10 0.3943166666666667 0.614471403812825 0.24166666666666672 0.15124783362218366
4 0.6268916666666666 0.10871750433275562 0.22651666666666662 0.1764644714038128
5 0.6295416666666667 0.33322357019064125 0.23333333333333334 0.19064124783362218
6 0.6291666666666667 0.5931889081455806 0.23560833333333334 0.1559792027729636
7 0.8515166666666666 0.10871750433275562 0.22727499999999992 0.18590987868284228
8 0.8609833333333334 0.33402079722703637 0.23409166666666664 0.16386481802426345
9 0.8674250000000001 0.5971403812824957 0.23939166666666664 0.1544020797227037
3 0.5041666666666667 0.8563084922010398 0.9765166666666665 0.15913344887348363