0 0.13921113689095127 0.30901122499465444 0.25754060324825984 0.17850244392155218
1 0.14153132250580047 0.6080605652726637 0.25986078886310904 0.18314825375901603
2 0.14385150812064965 0.9059551711395878 0.25406032482598606 0.17153372916535622
12 0.38921113689095127 0.30149680854139604 0.2459396751740139 0.16451127002291577
11 0.39443155452436196 0.5855010112338919 0.2505800464037123 0.1645650144091601
10 0.39733178654292345 0.8880078366968772 0.25406032482598606 0.1322727591884509
4 0.6397911832946636 0.29282093962877165 0.2552204176334107 0.1369051329293538
5 0.6455916473317865 0.5698900178064742 0.25406032482598606 0.17384319798752712
6 0.6461716937354989 0.8458648240076162 0.25754060324825984 0.24316757094233754
7 0.882830626450116 0.2622924515331708 0.2308584686774942 0.2336206654327485
8 0.8845707656612529 0.5509559001596919 0.2308584686774942 0.1874312889893305
9 0.8851508120649652 0.8592632698712266 0.2296983758700696 0.17125157113757297