0 0.18791666666666668 0.19547657512116318 0.23416666666666666 0.11147011308562198
1 0.18875 0.48707592891760904 0.23166666666666666 0.11147011308562198
2 0.19166666666666668 0.7358642972536349 0.23666666666666666 0.11147011308562198
3 0.5370833333333334 0.8990306946688207 0.9258333333333333 0.12439418416801293
12 0.41333333333333333 0.20193861066235863 0.21916666666666668 0.12924071082390953
11 0.41333333333333333 0.46526655896607433 0.22333333333333333 0.10662358642972536
10 0.4220833333333333 0.7180936995153473 0.22416666666666665 0.10662358642972536
4 0.6270833333333333 0.18093699515347333 0.21666666666666667 0.1308562197092084
5 0.6354166666666666 0.462843295638126 0.21916666666666668 0.12277867528271405
6 0.6425 0.7075928917609047 0.225 0.1631663974151858
7 0.84375 0.12035541195476575 0.235 0.2245557350565428
8 0.8604166666666667 0.4095315024232633 0.24333333333333335 0.22294022617124395
9 0.8733333333333333 0.6720516962843296 0.24666666666666667 0.20516962843295639