0 0.15916666666666668 0.14855821915523343 0.22416666666666665 0.12431170287839709
1 0.15625 0.39779929890893334 0.2275 0.11643713218099813
2 0.155 0.6493953855303202 0.23583333333333334 0.1370988067033233
12 0.3804166666666667 0.1374116466634476 0.21833333333333332 0.12424726488998467
11 0.385 0.3865698775749029 0.22916666666666666 0.09905047974369102
10 0.3883333333333333 0.6357419166267323 0.2325 0.11174552929945654
4 0.6066666666666667 0.16339338591396282 0.23166666666666666 0.20350847577127465
5 0.6075 0.39993481339843917 0.23 0.1591862674490881
6 0.6158333333333333 0.6696212401419367 0.22916666666666666 0.23037959366774166
7 0.8258333333333333 0.14356729534389756 0.2425 0.21628637416928484
8 0.83875 0.37839296565707825 0.2375 0.14819316692424406
9 0.84875 0.6100862980024399 0.24333333333333335 0.1387639340265806
3 0.5108333333333334 0.9041671998827284 0.9675 0.15625712090272006