0 0.15583333333333332 0.12009803921568628 0.23416666666666666 0.12745098039215685
1 0.15625 0.397875816993464 0.24083333333333334 0.13398692810457516
2 0.1575 0.6748366013071896 0.24083333333333334 0.13562091503267973
12 0.37875 0.10294117647058823 0.22083333333333333 0.11437908496732026
11 0.3883333333333333 0.3627450980392157 0.22833333333333333 0.09803921568627451
10 0.3954166666666667 0.6495098039215687 0.23333333333333334 0.09803921568627451
3 0.51625 0.9272875816993464 0.9675 0.1454248366013072
4 0.5991666666666666 0.09395424836601307 0.2225 0.16993464052287582
5 0.6120833333333333 0.37336601307189543 0.23 0.15522875816993464
6 0.6270833333333333 0.6462418300653595 0.2375 0.2826797385620915
7 0.8220833333333334 0.10457516339869281 0.235 0.20915032679738563
8 0.8433333333333334 0.3545751633986928 0.25 0.19117647058823528
9 0.8525 0.5816993464052288 0.245 0.15359477124183007