0 0.1339506172839506 0.1292517006802721 0.2462962962962963 0.17006802721088435
1 0.13549382716049382 0.38095238095238093 0.24320987654320989 0.1836734693877551
2 0.13549382716049382 0.6605442176870748 0.24320987654320989 0.19591836734693877
12 0.37839506172839504 0.12176870748299319 0.2462962962962963 0.17142857142857143
11 0.37808641975308643 0.3795918367346939 0.24567901234567902 0.20680272108843537
10 0.37808641975308643 0.6585034013605442 0.24691358024691357 0.20136054421768707
4 0.6216049382716049 0.13877551020408163 0.24320987654320989 0.21224489795918366
7 0.8672839506172839 0.11428571428571428 0.24691358024691357 0.17959183673469387
5 0.6216049382716049 0.3877551020408163 0.2462962962962963 0.21496598639455783
6 0.6219135802469136 0.7108843537414966 0.24691358024691357 0.32653061224489793
8 0.8645061728395061 0.33877551020408164 0.24320987654320989 0.29931972789115646
9 0.8657407407407407 0.6020408163265306 0.24074074074074073 0.2653061224489796
3 0.5012345679012346 0.8666666666666667 0.9820987654320987 0.21224489795918366