0 0.14666666666666667 0.10914395485835678 0.25583333333333336 0.16254085572264002
1 0.14958333333333335 0.3517429801541309 0.25583333333333336 0.13654432192714605
2 0.14541666666666667 0.630822857362198 0.25833333333333336 0.1781690246817958
12 0.39375 0.0983554166626059 0.2375 0.16578523656173705
11 0.3933333333333333 0.34359442691374187 0.24083333333333334 0.179690386161813
10 0.3954166666666667 0.6139331711519961 0.2425 0.16237952941938985
4 0.62375 0.0964390890580588 0.22833333333333333 0.1882046540176807
5 0.6279166666666667 0.32082541635605744 0.235 0.20215013519356922
6 0.63 0.5807655470761139 0.23666666666666666 0.1675082559208167
7 0.8479166666666667 0.09175070170395087 0.22916666666666666 0.18350140340790175
8 0.8595833333333334 0.3102234116984394 0.23583333333333334 0.1744305820389954
9 0.8683333333333333 0.5735490837729367 0.24083333333333334 0.16582556813754967
3 0.5070833333333333 0.850017072027788 0.9775 0.20593468694670816