0 0.1296875 0.15587416906545523 0.259375 0.15920596524955452
1 0.12890625 0.49654227443865706 0.2578125 0.17274556582646663
2 0.1296875 0.8338402707603704 0.2578125 0.13884726074172088
12 0.3859375 0.16419323377391853 0.253125 0.15912707942160942
11 0.38359375 0.492977210910473 0.259375 0.15581613474108003
10 0.38671875 0.8421691961973269 0.2578125 0.14562692175867004
4 0.6453125 0.1776364871590663 0.2609375 0.16600534772349
5 0.64140625 0.5047058275843972 0.2625 0.31517761155335766
6 0.64140625 0.8131804038555837 0.2625 0.2846691369770863
7 0.88515625 0.14168067995900407 0.2296875 0.2300176982447811
8 0.8859375 0.4891481678061413 0.228125 0.24694712933016771
9 0.88359375 0.836576212739306 0.2328125 0.24361646319265196