0 0.17416666666666666 0.11185308848080133 0.24583333333333332 0.11686143572621036
1 0.18041666666666667 0.3672787979966611 0.25416666666666665 0.18363939899833054
2 0.1825 0.6427378964941569 0.2525 0.21535893155258765
12 0.41083333333333333 0.10434056761268781 0.23333333333333334 0.13856427378964942
11 0.4141666666666667 0.3297161936560935 0.23666666666666666 0.1986644407345576
10 0.42083333333333334 0.6185308848080133 0.23666666666666666 0.24874791318864775
3 0.51875 0.8564273789649416 0.9375 0.2871452420701169
4 0.6395833333333333 0.09015025041736227 0.22916666666666666 0.14691151919866444
5 0.6433333333333333 0.3071786310517529 0.22583333333333333 0.14691151919866444
6 0.6433333333333333 0.5776293823038398 0.23 0.18030050083472454
7 0.8733333333333333 0.08430717863105175 0.24333333333333335 0.15191986644407346
8 0.8691666666666666 0.29632721202003337 0.23583333333333334 0.14691151919866444
9 0.8729166666666667 0.5392320534223706 0.23666666666666666 0.10684474123539232