0 0.16162141930052945 0.16609386343982885 0.22893037263300758 0.14523705503078815
1 0.16223501853840366 0.37703136343982885 0.22745132519694566 0.14033719810751388
12 0.39942717136798517 0.1677215166449702 0.2470166640434942 0.15228320708450432
11 0.4000521335547089 0.3825652666449702 0.24849571147955607 0.1571830640077786
4 0.638195282249379 0.16445499440126204 0.24036253372508654 0.21470366644255767
5 0.6383660520326513 0.3910231758756868 0.2378984015773875 0.20686275907043394
2 0.16114247413849023 0.5889653111003155 0.23287355221676848 0.15797781932618626
10 0.39698373825709643 0.5867094402031559 0.24855252622380375 0.17671431400777848
6 0.6380030887705255 0.6019720388245363 0.24535329423915697 0.25186985618680535
7 0.8667449960959275 0.17351481437047384 0.21733377433313983 0.18709288714459393
8 0.865436718443138 0.3952172277681729 0.22364734173659118 0.17544799631211583
9 0.8667458099722511 0.5934508930565358 0.2210951467353084 0.1373336514399921