0 0.1328125 0.16428571428571428 0.23567708333333334 0.16428571428571428
1 0.1328125 0.38095238095238093 0.23697916666666666 0.15714285714285714
2 0.13411458333333334 0.611904761904762 0.23567708333333334 0.1619047619047619
12 0.3645833333333333 0.14166666666666666 0.23177083333333334 0.1380952380952381
11 0.3658854166666667 0.3773809523809524 0.23177083333333334 0.1523809523809524
10 0.3671875 0.6023809523809524 0.23177083333333334 0.14523809523809525
4 0.5950520833333334 0.14642857142857144 0.23307291666666666 0.17142857142857143
5 0.5950520833333334 0.4119047619047619 0.23697916666666666 0.24523809523809523
6 0.6002604166666666 0.6523809523809524 0.23567708333333334 0.2571428571428571
7 0.826171875 0.16547619047619047 0.234375 0.23809523809523808
8 0.8287760416666666 0.3761904761904762 0.23828125 0.1880952380952381
9 0.830078125 0.5916666666666667 0.23307291666666666 0.15476190476190477
3 0.486328125 0.830952380952381 0.9309895833333334 0.15