0 0.15234375 0.17205550497947456 0.2197265625 0.13927541349114247
1 0.154296875 0.3829702790817755 0.22216796875 0.12953819586326631
2 0.15673828125 0.5938793717096517 0.22705078125 0.14717313560751388
12 0.39208984375 0.17512527603691685 0.25146484375 0.17968377182875195
11 0.39208984375 0.37043777603691685 0.255859375 0.14262553009857482
10 0.39599609375 0.5862126367415188 0.251953125 0.14258007830317654
4 0.63330078125 0.15767019017108488 0.23974609375 0.21958647894255773
5 0.63525390625 0.36565527677338583 0.23583984375 0.19122071464715962
7 0.861328125 0.15306381661472146 0.2158203125 0.19587058669574442
8 0.8623046875 0.36594307866587195 0.2216796875 0.1598059518888415
6 0.63818359375 0.5951133754268373 0.23779296875 0.21565750304485864
9 0.86767578125 0.5807243324471996 0.21923828125 0.15782441951671777