0 0.13203125 0.13901150298635348 0.259375 0.16937545677497828
1 0.12890625 0.47803399674778363 0.2578125 0.18291505735189037
2 0.12734375 0.8170367690522276 0.2546875 0.14897730935317205
12 0.3890625 0.15102156060024446 0.2546875 0.1693162924040194
11 0.38359375 0.47820922976749314 0.2609375 0.16600534772349004
10 0.38359375 0.8273617721403744 0.259375 0.15581613474107983
4 0.6484375 0.1663918665371306 0.2625 0.17619456070589998
5 0.64140625 0.49359925716136555 0.265625 0.32538654599275396
6 0.6390625 0.8021034156180314 0.2640625 0.2948583499594965
7 0.8859375 0.1311908152447062 0.228125 0.24016746831321856
8 0.88515625 0.4803532183460807 0.2296875 0.2537465118041031
9 0.88125 0.8278601491071904 0.234375 0.25380567617506217