0 0.16583333333333333 0.22943394104942988 0.24833333333333332 0.1480720436678146
1 0.17333333333333334 0.4840930766827656 0.245 0.16184877714062323
12 0.405 0.2110061048564347 0.23166666666666666 0.13232704091095954
11 0.4075 0.45968062387295827 0.22583333333333333 0.1443465144711035
2 0.18458333333333332 0.8017467196837191 0.235 0.12373165458841008
4 0.63125 0.1884162243837674 0.22333333333333333 0.165041758876228
5 0.6375 0.443090432115059 0.23166666666666666 0.19104897528056222
7 0.8729166666666667 0.13883902316905192 0.24916666666666668 0.27767804633810383
6 0.63875 0.7004156018133035 0.22833333333333333 0.3343593875098477
10 0.41291666666666665 0.7946757604985693 0.22833333333333333 0.13919531151675618
8 0.8725 0.38930696405514637 0.23916666666666667 0.2654053836886774
9 0.8679166666666667 0.7347853717649223 0.235 0.18072647324125982
3 0.5225 0.9289330236762194 0.915 0.1405664544601535