0 0.1542058008719694 0.13975155279503104 0.24380262521248938 0.21428571428571427
1 0.15743631809186168 0.40993788819875776 0.23890612793603744 0.19254658385093168
2 0.159833576874664 0.6708074534161491 0.24374641429644153 0.1956521739130435
12 0.389296418030236 0.13509316770186336 0.23905602371216508 0.2422360248447205
11 0.3908932080769763 0.39751552795031053 0.23897170733809325 0.21428571428571427
10 0.39488672008889875 0.6537267080745341 0.2341407894636971 0.21428571428571427
4 0.6243964036745105 0.13354037267080746 0.23899044431010918 0.2204968944099379
5 0.626756188513281 0.38198757763975155 0.24542229965662948 0.21739130434782608
6 0.6283342415880054 0.6381987577639752 0.24375578278244941 0.19875776397515527
7 0.8650809334992035 0.11490683229813664 0.25509350389142965 0.2204968944099379
8 0.868255239803048 0.36645962732919257 0.24861480611486958 0.2080745341614907
9 0.8722674887869862 0.6288819875776398 0.25197594532125334 0.2546583850931677
3 0.5180194517875726 0.9021739130434783 0.9619241346513177 0.18944099378881987