0 0.14726264726264726 0.10746268656716418 0.2467082467082467 0.1761194029850746
1 0.1483021483021483 0.3 0.24878724878724878 0.18507462686567164
2 0.1483021483021483 0.5097014925373134 0.2494802494802495 0.1865671641791045
4 0.15107415107415106 0.7313432835820896 0.25294525294525294 0.208955223880597
4 0.6358281358281358 0.10820895522388059 0.25086625086625086 0.1761194029850746
12 0.3911988911988912 0.11044776119402985 0.24255024255024255 0.19552238805970149
11 0.39327789327789325 0.2917910447761194 0.2480942480942481 0.19701492537313434
10 0.39397089397089397 0.5022388059701492 0.24324324324324326 0.17313432835820897
5 0.6386001386001386 0.33134328358208953 0.24878724878724878 0.32985074626865674
5 0.6382536382536382 0.5149253731343284 0.25086625086625086 0.18955223880597014
7 0.8776853776853777 0.09104477611940298 0.2383922383922384 0.1746268656716418
8 0.8787248787248787 0.28432835820895525 0.24047124047124047 0.16716417910447762
9 0.8804573804573804 0.5 0.2390852390852391 0.18208955223880596
3 0.5128205128205128 0.9134328358208955 0.9743589743589743 0.16119402985074627