0 0.15916666666666668 0.15031645569620253 0.22416666666666665 0.12183544303797468
1 0.15625 0.3995253164556962 0.2275 0.11392405063291139
2 0.155 0.6511075949367089 0.23583333333333334 0.13449367088607594
12 0.3804166666666667 0.14161392405063292 0.21833333333333332 0.12183544303797468
11 0.385 0.39082278481012656 0.22916666666666666 0.09651898734177215
10 0.3883333333333333 0.6400316455696202 0.2325 0.10917721518987342
4 0.6066666666666667 0.17009493670886075 0.23166666666666666 0.20094936708860758
5 0.6075 0.40664556962025317 0.23 0.15664556962025317
6 0.6158333333333333 0.6764240506329114 0.22916666666666666 0.22784810126582278
7 0.8258333333333333 0.15268987341772153 0.2425 0.21360759493670886
8 0.83875 0.3876582278481013 0.2375 0.14556962025316456
9 0.84875 0.6194620253164557 0.24333333333333335 0.1360759493670886
3 0.5108333333333334 0.9098101265822784 0.9675 0.14556962025316456