0 0.18541666666666667 0.11602209944751381 0.2175 0.17495395948434622
1 0.17708333333333334 0.3360957642725598 0.22666666666666666 0.20810313075506445
2 0.16583333333333333 0.576427255985267 0.23666666666666666 0.2430939226519337
3 0.49166666666666664 0.8130755064456722 0.9391666666666667 0.18968692449355432
12 0.39958333333333335 0.11602209944751381 0.20416666666666666 0.2154696132596685
11 0.3983333333333333 0.3360957642725598 0.2125 0.23388581952117865
10 0.39375 0.5847145488029466 0.2275 0.27624309392265195
4 0.6029166666666667 0.12062615101289134 0.20166666666666666 0.2283609576427256
5 0.6058333333333333 0.3434622467771639 0.21166666666666667 0.2504604051565378
6 0.615 0.5791896869244936 0.2225 0.26703499079189685
7 0.7975 0.10313075506445672 0.20666666666666667 0.20626151012891344
8 0.8108333333333333 0.3314917127071823 0.21 0.20810313075506445
9 0.8270833333333333 0.5460405156537753 0.21416666666666667 0.21731123388581952