0 0.14129166666666668 0.1819626168224299 0.2704583333333334 0.3525856697819315
1 0.17196666666666668 0.4672897196261682 0.23181666666666673 0.11612149532710274
12 0.3859833333333334 0.13523364485981307 0.24166666666666672 0.23931464174454828
4 0.6268916666666666 0.11470404984423678 0.23863333333333345 0.18408099688473523
7 0.8708333333333333 0.10478193146417444 0.2507583333333333 0.11612149532710278
11 0.3958333333333333 0.45950155763239875 0.2310583333333333 0.301619937694704
2 0.175 0.778816199376947 0.23636666666666664 0.2803738317757009
10 0.4041666666666667 0.7696105919003116 0.225 0.16285046728971964
5 0.6265166666666667 0.4410903426791277 0.23181666666666673 0.1798286604361371
6 0.6291666666666667 0.7696105919003114 0.2295416666666667 0.14302180685358262
8 0.8636333333333333 0.42834890965732086 0.2454583333333334 0.12035825545171337
9 0.8625 0.7724454828660438 0.23712500000000006 0.16285046728971964
3 0.5223500000000001 0.9524143302180686 0.9219666666666666 0.09515576323987526