0 0.13387654320987655 0.1292517006802721 0.24614197530864199 0.17006802721088435
1 0.13541975308641976 0.38095238095238093 0.24305555555555555 0.1836734693877551
2 0.13541975308641976 0.6607210884353741 0.24305555555555555 0.195578231292517
12 0.3784753086419753 0.12160544217687075 0.24614197530864199 0.1717687074829932
11 0.37808641975308643 0.3792517006802721 0.24537037037037038 0.20748299319727892
10 0.37808641975308643 0.6581632653061225 0.24691358024691357 0.20068027210884354
4 0.6215308641975309 0.13861224489795917 0.24305555555555564 0.21258503401360543
7 0.8672839506172839 0.11394557823129252 0.24691358024691357 0.18027210884353742
5 0.6215308641975309 0.3877551020408163 0.24614197530864204 0.21428571428571427
6 0.6219135802469136 0.7108843537414966 0.24691358024691357 0.32653061224489793
8 0.8645864197530865 0.33843537414965985 0.24305555555555555 0.29931972789115646
9 0.8657407407407407 0.6020408163265306 0.24074074074074073 0.2653061224489796
3 0.5011604938271605 0.8665034013605442 0.9822530864197531 0.21258503401360543