0 0.18166666666666667 0.14262820512820512 0.25166666666666665 0.17147435897435898
1 0.18125 0.39663461538461536 0.2575 0.1330128205128205
2 0.17291666666666666 0.6538461538461539 0.26166666666666666 0.1346153846153846
3 0.51875 0.8733974358974359 0.9625 0.13141025641025642
12 0.4275 0.1466346153846154 0.23583333333333334 0.1330128205128205
11 0.4270833333333333 0.39903846153846156 0.24 0.14903846153846154
10 0.42333333333333334 0.6290064102564102 0.24583333333333332 0.10416666666666667
4 0.6579166666666667 0.16025641025641027 0.225 0.15224358974358973
5 0.66125 0.39503205128205127 0.23333333333333334 0.15384615384615385
6 0.6645833333333333 0.6442307692307693 0.23833333333333334 0.19230769230769232
7 0.8729166666666667 0.1362179487179487 0.21 0.17307692307692307
8 0.8841666666666667 0.3838141025641026 0.21666666666666667 0.16185897435897437
9 0.8891666666666667 0.6113782051282052 0.21166666666666667 0.14102564102564102