0 0.18958333333333333 0.10725778394362796 0.2375 0.12546945521744987
1 0.1875 0.36101324758297687 0.2375 0.12381108042474666
2 0.1825 0.6164608545131024 0.24083333333333334 0.09234055193261385
3 0.5170833333333333 0.8688060308495891 0.9191666666666667 0.13833676000246073
12 0.4141666666666667 0.1278748566898096 0.21166666666666667 0.1384373611475666
11 0.4125 0.3559206869711063 0.2125 0.12518001094824807
10 0.41041666666666665 0.6179680245739709 0.22083333333333333 0.1203013679932058
4 0.61875 0.12799379994256327 0.2075 0.12180537250900147
5 0.6229166666666667 0.3534845310386582 0.2075 0.13341399605792353
6 0.6270833333333333 0.5930714478727298 0.215 0.20481094542491937
7 0.8333333333333334 0.10312134359708898 0.22083333333333333 0.14186024029834687
8 0.8358333333333333 0.3261438087887426 0.21583333333333332 0.15838609937153797
9 0.8479166666666667 0.5747601296307677 0.2275 0.145254175022207