0 0.14444444444444443 0.28271311939497185 0.2573099415204678 0.15756422144826737
1 0.1409356725146199 0.5882928536117566 0.2596491228070175 0.14822378973778008
12 0.395906432748538 0.310232635576132 0.2573099415204678 0.13882885845060935
11 0.39473684210526316 0.6029590575203687 0.25263157894736843 0.1575097218715839
2 0.14035087719298245 0.8927356898766151 0.2549707602339181 0.14114352903697477
10 0.391812865497076 0.9062036838095316 0.25380116959064325 0.14581374489221832
4 0.6508771929824562 0.33428014587774396 0.25380116959064325 0.1458137448922186
5 0.6461988304093568 0.5812982458326763 0.2584795321637427 0.2793577058272158
6 0.6456140350877193 0.8718635606281525 0.2573099415204678 0.25627287874369487
7 0.8888888888888888 0.30192400622090415 0.2222222222222222 0.19228428024375058
8 0.8853801169590644 0.6192133423112253 0.22807017543859648 0.19235240471460494
9 0.8842105263157894 0.9201836753633783 0.22573099415204678 0.1596326492732434