0 0.14202898550724638 0.06699577359318454 0.23768115942028986 0.13399154718636908
1 0.14347826086956522 0.22992886259922032 0.23550724637681159 0.17108328039528836
2 0.14057971014492754 0.4128374534474996 0.23478260869565218 0.17792462583390342
12 0.37318840579710144 0.07118414560773965 0.23043478260869565 0.1423682912154793
11 0.37427536231884057 0.226020672469372 0.2318840579710145 0.16419411717740506
4 0.6076086956521739 0.07779966400830995 0.24057971014492754 0.1555993280166199
5 0.6079710144927536 0.23372443943644997 0.23840579710144927 0.16152611781891002
10 0.3735507246376812 0.413014943469113 0.23405797101449274 0.1875056972999159
6 0.6076086956521739 0.4213996571281013 0.23623188405797102 0.21355700344982384
7 0.8442028985507246 0.062445571595495034 0.23623188405797102 0.12489114319099007
8 0.8434782608695652 0.2071617069863671 0.24130434782608695 0.18895525661239468
9 0.8427536231884057 0.36264912867103966 0.2463768115942029 0.23695624950099292
3 0.48985507246376814 0.7679002014353344 0.9456521739130435 0.2186195450730092