0 0.1455078125 0.3302781289506953 0.2373046875 0.07269279393173199
1 0.14794921875 0.4390012642225032 0.2333984375 0.08596713021491782
2 0.151611328125 0.5565739570164349 0.2314453125 0.08470290771175727
12 0.36865234375 0.3283817951959545 0.22607421875 0.09292035398230089
11 0.37109375 0.4377370417193426 0.2236328125 0.07648546144121365
10 0.371337890625 0.5553097345132744 0.22705078125 0.08849557522123894
4 0.5927734375 0.3170037926675095 0.22021484375 0.0986093552465234
7 0.8193359375 0.31257901390644754 0.2333984375 0.09165613147914033
5 0.5927734375 0.4307838179519595 0.22607421875 0.0897597977243995
8 0.82275390625 0.4200379266750948 0.2314453125 0.09165613147914033
6 0.595458984375 0.5470922882427307 0.224609375 0.08596713021491782
9 0.82568359375 0.5395069532237674 0.23828125 0.09987357774968394
3 0.491455078125 0.7765486725663717 0.9072265625 0.12010113780025285