0 0.18208333333333335 0.13125450426094612 0.21916666666666668 0.186979906519855
1 0.17583333333333334 0.35124781232064745 0.22833333333333333 0.21840531375359443
2 0.16666666666666666 0.5914614474441824 0.23833333333333334 0.2553662971011662
3 0.49416666666666664 0.8194290480255921 0.9408333333333333 0.23677408813364373
12 0.39666666666666667 0.12572612705343417 0.20583333333333334 0.22732413252910857
11 0.39708333333333334 0.3458051489961699 0.21416666666666667 0.2458474811444116
10 0.39458333333333334 0.5943917908204186 0.22916666666666666 0.2883976117827122
4 0.6 0.12465715923367929 0.20333333333333334 0.2365000929537258
5 0.6045833333333334 0.34663137297946245 0.21333333333333335 0.2624113525443914
6 0.6158333333333333 0.5825034553044125 0.225 0.2791359374750606
7 0.7941666666666667 0.1087373698155441 0.20833333333333334 0.19973196584298128
8 0.8095833333333333 0.32993005830818256 0.21166666666666667 0.21819102904600854
9 0.8270833333333333 0.5437830498846652 0.21583333333333332 0.22929432397981103