0 0.135678391959799 0.10310965630114566 0.2613065326633166 0.19803600654664485
1 0.13190954773869346 0.4067103109656301 0.2638190954773869 0.2193126022913257
2 0.1309673366834171 0.7258592471358429 0.2619346733668342 0.22749590834697217
12 0.3907035175879397 0.11374795417348608 0.25690954773869346 0.2127659574468085
11 0.38944723618090454 0.42716857610474634 0.25879396984924624 0.2127659574468085
10 0.3888190954773869 0.7553191489361702 0.2543969849246231 0.2078559738134206
4 0.6441582914572864 0.16202945990180032 0.2550251256281407 0.28314238952536824
5 0.6441582914572864 0.530278232405892 0.25879396984924624 0.4762684124386252
6 0.6400753768844221 0.8175122749590835 0.25879396984924624 0.3649754500818331
7 0.8853643216080402 0.17430441898527005 0.2292713567839196 0.32242225859247137
8 0.8853643216080402 0.4967266775777414 0.2292713567839196 0.29623567921440264
9 0.8828517587939698 0.8011456628477905 0.23178391959798994 0.24386252045826515