0 0.1313539583143278 0.09981284598095613 0.2614054199314106 0.1881020105664506
1 0.13174825251296646 0.37687920901907784 0.25893935727197454 0.19906362204300815
2 0.13877042784619875 0.6664313763923839 0.2596417894345614 0.15668656997049776
12 0.38880305230348194 0.11347421268176429 0.2514539018465019 0.20369099964379525
11 0.3884682492862335 0.356797746567313 0.252238753264744 0.18800154568745442
10 0.3929419427043746 0.662075900580231 0.2463375452502828 0.1659595915137078
4 0.6354333575338302 0.12254473446505662 0.24067874681127818 0.22241057297575376
5 0.6363534027080908 0.3642847098816627 0.2381545058537324 0.21453387989972095
6 0.6346910286266965 0.6327396829268919 0.24070298776882376 0.23025986653933303
7 0.8779963840234488 0.10495872098245883 0.24400723195310245 0.20991744196491766
8 0.8764358219637461 0.3349667585699592 0.24560602393864125 0.19891749130992284
9 0.871762241481257 0.6340659426110099 0.2364393572719746 0.19881702643092675
3 0.5033944152011227 0.9190983805178095 0.9879654263848763 0.16152924383984638