0 0.16983488368557115 0.20725388601036268 0.2487405814201002 0.14507772020725387
1 0.1724531087713079 0.4620034542314335 0.2454460336188399 0.15889464594127806
12 0.4094109447316408 0.20984455958549222 0.23203028102985135 0.12953367875647667
11 0.407048562583414 0.45768566493955093 0.22623088503708194 0.14162348877374784
2 0.17738952667545224 0.7815198618307426 0.2353393734056391 0.12089810017271158
4 0.6356730652104136 0.20552677029360966 0.22378906333519144 0.16234887737478412
5 0.6370388662003957 0.46113989637305697 0.2321951195411619 0.18825561312607944
7 0.8770466940938965 0.1614853195164076 0.24585812989711597 0.30569948186528495
6 0.6334022430946233 0.7176165803108808 0.22926418610308624 0.3316062176165803
10 0.4061080134306429 0.7927461139896373 0.2287163404625545 0.13644214162348878
8 0.8725524966972451 0.4265975820379965 0.23990359177605416 0.26252158894645944
9 0.8615852824911737 0.7711571675302246 0.2354993637254404 0.17789291882556132
3 0.5123722802020518 0.9360967184801382 0.9153587661716756 0.12780656303972365