0 0.20870833333333333 0.08464788732394367 0.20833333333333334 0.14084507042253522
1 0.18105833333333332 0.4381846635367762 0.23333333333333334 0.13657276995305162
2 0.16629166666666667 0.6651017214397497 0.22954166666666662 0.13514866979655715
3 0.5083333333333333 0.9295774647887324 0.98 0.14084507042253522
11 0.3987583333333333 0.2720344287949922 0.21910833333333338 0.4036776212832551
12 0.408625 0.2586541471048513 0.19357499999999997 0.4717840375586855
10 0.39419166666666666 0.7357276995305164 0.2259416666666667 0.2569170579029734
4 0.6142666666666666 0.11937402190923317 0.20866666666666675 0.23097026604068854
5 0.6149583333333334 0.4781533646322379 0.22249166666666667 0.2737871674491392
6 0.6197916666666666 0.7597339593114242 0.23078333333333337 0.4658372456964007
7 0.8257166666666668 0.14273865414710485 0.2156250000000001 0.2802816901408451
8 0.8389583333333334 0.4744757433489828 0.22791666666666666 0.2055555555555556
9 0.8517 0.6744131455399061 0.23841666666666658 0.13798122065727694