0 0.12384711436654433 0.16207832635188593 0.2296843575275532 0.15668657257963392
1 0.12921042575570463 0.3916808918428698 0.20084758640924946 0.13779642530322733
2 0.12406937520337047 0.7103892431832681 0.22449179795067906 0.1399038789940304
12 0.34273079346813806 0.1560173556264835 0.22146834296415235 0.15845879815865319
11 0.34293742090104673 0.379989643888741 0.2357731223913329 0.1325878866667449
10 0.352665848186369 0.688631747147836 0.2470185712113641 0.11411947798258229
4 0.5666964156496864 0.132352461386313 0.2348470207539088 0.16417558586783984
5 0.576834080322787 0.4084720905095446 0.24444356148261925 0.2720796016081718
6 0.5910707833724326 0.6809175027540472 0.23817541851572682 0.24041620573667408
7 0.8076378379231494 0.11444220319053053 0.25864669331803575 0.21461017710511113
8 0.8201744664712632 0.3376148891437387 0.26362997844127867 0.16633710860893047
9 0.8308618813795803 0.6248923415288764 0.25535417117684034 0.14952197359315425
3 0.4931303490529315 0.8996444735031904 0.9749520304415038 0.20071105299361913