0 0.1625 0.23135271807838179 0.2375 0.14538558786346398
1 0.16916666666666666 0.4943109987357775 0.23666666666666666 0.17825537294563842
2 0.17166666666666666 0.7111251580278128 0.23 0.17193426042983564
12 0.3954166666666667 0.23767383059418457 0.23 0.15802781289506954
11 0.39375 0.4690265486725664 0.225 0.14285714285714285
10 0.39208333333333334 0.7117572692793932 0.22416666666666665 0.1706700379266751
4 0.6279166666666667 0.23008849557522124 0.23666666666666666 0.15170670037926676
7 0.87125 0.2718078381795196 0.2575 0.5284450063211125
5 0.62 0.5037926675094817 0.23333333333333334 0.2667509481668774
8 0.8566666666666667 0.4804045512010114 0.245 0.1997471554993679
6 0.60875 0.7414664981036663 0.22583333333333333 0.5170670037926675
3 0.49875 0.9190897597977244 0.8575 0.16182048040455121
9 0.8354166666666667 0.695322376738306 0.23583333333333334 0.1125158027812895