0 0.18991058626019958 0.09717539459325648 0.23879391152670063 0.14194405187361706
1 0.18697265833797877 0.3431756592542687 0.24049936372544028 0.1537085682607271
2 0.18874896491983775 0.6287765141297298 0.25477753879681697 0.18762766239697704
3 0.5203895221394412 0.8698783079110084 0.9371466376260705 0.15497685860134175
12 0.41038543122497584 0.11253689828635827 0.21300906010845855 0.15636350455476303
11 0.41487478043011805 0.3364338436106618 0.2188181524842463 0.14908116212991235
10 0.4223995769939006 0.5962773933338812 0.2213375452502828 0.15498050646094436
4 0.6158408834237156 0.12217846209193757 0.19808663117260455 0.17970458981673482
5 0.6240487193840484 0.3364921765290909 0.20722420869021657 0.17098799088563418
6 0.6377653376497214 0.5786505078623216 0.21303330106600432 0.16370564846078353
7 0.818299673795888 0.10762085174823395 0.2030575420235499 0.17094527554194147
8 0.833176600518642 0.3226004360260809 0.21632784886726444 0.15199239048610483
9 0.8501950388728391 0.5551798080065308 0.21547997095940388 0.14757856107375386