0 0.1675 0.1371776023238765 0.24583333333333332 0.11972664406382609
1 0.17833333333333334 0.39189485071710256 0.25416666666666665 0.18660173304230612
2 0.185 0.6674316497796863 0.2525 0.21830184045529127
12 0.40375 0.11572410441303482 0.23333333333333334 0.14128379356772539
11 0.41125 0.3403524190512629 0.23666666666666666 0.20142281079517754
10 0.42291666666666666 0.6293030861920865 0.23666666666666666 0.25150628324926766
3 0.5254166666666666 0.8559228818256636 0.9375 0.288154236348673
4 0.6325 0.08750539703925726 0.22916666666666666 0.14958247612356046
5 0.64 0.3046211908093718 0.22583333333333333 0.14954362584101658
6 0.6445833333333333 0.5751253611999565 0.23 0.18298117033025646
7 0.8658333333333333 0.07686932416290918 0.24333333333333335 0.13639199716994818
8 0.8654166666666666 0.2805372558575578 0.23583333333333334 0.1496601766886483
9 0.8733333333333333 0.5226996421400354 0.23666666666666666 0.10960311129601207