0 0.11044272450071066 0.15362035225048923 0.2051708705781422 0.17221135029354206
0 0.10795084857492365 0.47162426614481406 0.20265248759949905 0.18003913894324852
1 0.11134422330600452 0.8043052837573386 0.20008980642432578 0.17025440313111545
12 0.31602401983496997 0.15459882583170254 0.20690721615199886 0.1898238747553816
11 0.3126910422423564 0.4706457925636008 0.20523977888385572 0.19960861056751467
10 0.3126781731205191 0.812133072407045 0.20687276199914206 0.1761252446183953
4 0.5237499065219077 0.14383561643835616 0.20859926352932542 0.1898238747553816
5 0.5199643849539423 0.47162426614481406 0.2069170601956723 0.19373776908023482
6 0.5220690360646816 0.812133072407045 0.2043494569986623 0.18199608610567514
7 0.7301895305994219 0.13992172211350293 0.20609072459435573 0.20156555772994128
8 0.7246799685121916 0.48043052837573386 0.20525946697120231 0.20743639921722112
9 0.7263788348550275 0.8140900195694716 0.2044085212607024 0.2054794520547945