0 0.14269005847953217 0.29224876993691673 0.256140350877193 0.14818291505526748
1 0.1415204678362573 0.597883003730385 0.2584795321637427 0.1388424833447802
12 0.39415204678362575 0.3045419001257799 0.256140350877193 0.12944755205760947
11 0.3953216374269006 0.5972683220700166 0.25146198830409355 0.14812841547858416
2 0.14385964912280702 0.9011344424666335 0.25380116959064325 0.13176222264397477
10 0.3953216374269006 0.9005470105946067 0.25263157894736843 0.13643243849921857
4 0.6491228070175439 0.31328127507006975 0.25263157894736843 0.13643243849921857
5 0.6467836257309941 0.561552084577381 0.256140350877193 0.2699627745400451
6 0.6485380116959064 0.8531007338871787 0.2549707602339181 0.24887186627350902
7 0.8883040935672515 0.2683404174673991 0.22339181286549709 0.18527214401379968
8 0.8865497076023392 0.5845201053941355 0.22690058479532163 0.1853130186963123
9 0.887719298245614 0.8912980495866157 0.22456140350877193 0.1642084855356054