0 0.18181666666666668 0.1427724358974359 0.2515166666666667 0.17190705128205125
1 0.18105833333333335 0.3970032051282051 0.257575 0.13258012820512818
2 0.1731083333333333 0.6541346153846154 0.26136666666666664 0.13403846153846152
3 0.51875 0.8733974358974359 0.9625 0.13141025641025642
12 0.42765 0.1464102564102564 0.23560833333333334 0.13258012820512818
11 0.42689166666666667 0.39918269230769227 0.24015000000000006 0.1486057692307692
10 0.4234833333333333 0.6286378205128205 0.2454583333333334 0.10344551282051274
4 0.6579583333333333 0.16025641025641027 0.225 0.15152243589743591
5 0.6613666666666667 0.3948076923076923 0.23333333333333334 0.15442307692307694
6 0.664775 0.6439423076923076 0.23863333333333345 0.19230769230769232
7 0.8731083333333334 0.1362179487179487 0.20985000000000004 0.17336538461538462
8 0.8840916666666667 0.3838942307692308 0.21666666666666667 0.16171474358974353
9 0.8890166666666666 0.6111538461538462 0.21136666666666656 0.14131410256410268