0 0.13671875 0.20126928536214744 0.2625 0.19148505002675487
1 0.1375 0.517818282391675 0.2640625 0.19799744557808915
2 0.13984375 0.8375951436101283 0.2609375 0.1882194077221739
12 0.3921875 0.2127913140176955 0.259375 0.1719667524305798
11 0.39453125 0.5195811622491355 0.2609375 0.16873888824165442
10 0.39609375 0.8198869485159831 0.2578125 0.1687011101259989
10 0.396875 0.8263710104805758 0.2609375 0.19795966746243362
4 0.646875 0.22756954044891067 0.2625 0.23693959548130036
5 0.6515625 0.5359544317169858 0.2609375 0.19795966746243362
6 0.6515625 0.8525128732754272 0.2609375 0.1817259012286674
7 0.8875 0.1840762099590174 0.221875 0.15527964880894693
8 0.88671875 0.5055142259165027 0.2265625 0.15858306922918353
9 0.8875 0.8350502359330434 0.225 0.1683044399116153