0 0.1353628408379075 0.2466396311455245 0.25425756471102084 0.13100788032865485
1 0.1396984867185407 0.47553200888345265 0.25657908062509416 0.12919103411472452
2 0.14408831494898494 0.7191302689743218 0.25661971738745243 0.1402204458794304
3 0.5091483856354576 0.9292974556870794 0.9817032287290849 0.14140508862584114
12 0.38914630998808214 0.24897104088594416 0.2588260958081774 0.10715359966550017
11 0.3934413191063571 0.4668340068591663 0.2519699127655793 0.1420159030131734
10 0.3967008669515333 0.7196127488805301 0.2542440191235681 0.12733140974041976
4 0.6399618495068328 0.23565071427612955 0.25772967939154134 0.125525258066583
5 0.6436951048293369 0.4590230388616578 0.25548943700218457 0.1494009278099251
6 0.6469478798807868 0.7099635455889041 0.2578109529162578 0.14758408159599454
7 0.882658856120053 0.23052758470918874 0.23229459624262963 0.17308409583158108
8 0.8842814691653965 0.4612421559310939 0.2314370616692069 0.15287420213638062
9 0.8858875383099423 0.703899909294717 0.22822492338011535 0.15836751893854614