0 0.14416666666666667 0.17523364485981308 0.2733333333333333 0.35046728971962615
1 0.1725 0.45638629283489096 0.2325 0.12305295950155763
12 0.38958333333333334 0.13161993769470404 0.24416666666666667 0.24766355140186916
4 0.6304166666666666 0.1191588785046729 0.24 0.19158878504672897
7 0.8741666666666666 0.11682242990654206 0.25166666666666665 0.12461059190031153
11 0.39625 0.45638629283489096 0.23416666666666666 0.308411214953271
2 0.1725 0.7679127725856698 0.23916666666666667 0.2881619937694704
10 0.40166666666666667 0.7663551401869159 0.22666666666666666 0.16978193146417445
5 0.6270833333333333 0.4454828660436137 0.23333333333333334 0.18691588785046728
6 0.6266666666666667 0.7741433021806854 0.23083333333333333 0.15109034267912771
8 0.8641666666666666 0.4400311526479751 0.24666666666666667 0.1277258566978193
9 0.86 0.7842679127725857 0.23833333333333334 0.17133956386292834
3 0.5179166666666667 0.9454828660436138 0.9225 0.10903426791277258