4 0.13463463463463463 0.12406947890818859 0.25325325325325326 0.19602977667493796
12 0.3833833833833834 0.12406947890818859 0.2502502502502503 0.20843672456575682
4 0.6311311311311312 0.12903225806451613 0.24824824824824826 0.20843672456575682
7 0.8773773773773774 0.1488833746898263 0.24524524524524524 0.17369727047146402
1 0.13563563563563563 0.49627791563275436 0.25225225225225223 0.20595533498759305
2 0.13413413413413414 0.8883374689826302 0.25425425425425424 0.22332506203473945
11 0.3838838838838839 0.48635235732009924 0.24624624624624625 0.21836228287841192
5 0.6306306306306306 0.4913151364764268 0.24924924924924924 0.21588089330024815
8 0.8778778778778779 0.5086848635235732 0.24424424424424424 0.15384615384615385
10 0.3818818818818819 0.8870967741935484 0.2502502502502503 0.22084367245657568
6 0.6286286286286287 0.8300248138957816 0.25125125125125125 0.2704714640198511
9 0.8763763763763763 0.8660049627791563 0.24724724724724725 0.18858560794044665