0 0.16022544283413848 0.11466188178201847 0.2431561996779388 0.21701395124675235
1 0.15780998389694043 0.3848753188774111 0.23832528180354268 0.1952206174286378
2 0.15458937198067632 0.6457810196836904 0.2431561996779388 0.19838041087408145
12 0.39533011272141705 0.12444634404164741 0.23832528180354268 0.2449100584224267
11 0.391304347826087 0.3853610787451486 0.23832528180354268 0.21695974786342043
10 0.3896940418679549 0.6431431216948721 0.23349436392914655 0.21690554448008859
4 0.6304347826086957 0.13578360133233225 0.23832528180354268 0.22317092798764412
5 0.6272141706924316 0.3842669418901643 0.24476650563607086 0.220137609103308
6 0.6239935587761675 0.6389614625722199 0.2431561996779388 0.20148600093619326
7 0.8711755233494364 0.12997687600084834 0.25442834138486314 0.22335160593208367
8 0.8695652173913043 0.3815477388263482 0.24798711755233493 0.2108569745058607
9 0.8671497584541062 0.6439972007664613 0.25120772946859904 0.2574769610264256
3 0.5072463768115942 0.8980353528246865 0.961352657004831 0.20022746707186434