0 0.13952701567858547 0.14047619047619048 0.23619977898041133 0.16428571428571428
1 0.13427658413209795 0.35833333333333334 0.23747913641604565 0.15714285714285714
2 0.1302865717731622 0.5892857142857143 0.23619220368117835 0.1619047619047619
12 0.3706695332429512 0.13333333333333333 0.23221020068884815 0.1380952380952381
11 0.36666437028554943 0.36904761904761907 0.2322556524842462 0.1523809523809524
10 0.3633443378413628 0.594047619047619 0.23223292658654726 0.14523809523809525
4 0.6010776808490871 0.1523809523809524 0.23361833821144376 0.17142857142857143
5 0.5956757433179393 0.41785714285714287 0.23775942248766713 0.24523809523809523
6 0.5955578921124549 0.6595238095238095 0.2364952156504989 0.2571428571428571
7 0.8320876306768751 0.1869047619047619 0.2351325299233015 0.23809523809523808
8 0.8301151333614198 0.3976190476190476 0.23887969863940808 0.1880952380952381
9 0.8261781480971152 0.611904761904762 0.23356531111681278 0.15476190476190477
3 0.4771777165506277 0.8297619047619048 0.9314668271850132 0.15