0 0.14660776865272465 0.10293217794824312 0.24281789966413142 0.15487045777317734
1 0.14680987503368806 0.2603440259097774 0.24417824601615956 0.14456289088236687
2 0.14523862303130355 0.4280972217094115 0.2448746248462431 0.14457039775954222
12 0.38410333531260077 0.09069491347658407 0.2344086853274027 0.13800618169868514
11 0.38532367575082666 0.25648259789654876 0.23927118289743562 0.13418776209697766
3 0.5056787937734685 0.7364592169714944 0.9718536093183117 0.13950435172423598
10 0.3837747065227876 0.41713901950263443 0.2399148933517932 0.11742107542576598
4 0.6271760097334216 0.07855781928879 0.2414453990715512 0.15711563857758
5 0.6252626454362713 0.24228357548380794 0.24148996462024233 0.17550060530914907
7 0.8687992067048318 0.08030883663990675 0.24699212123111522 0.15362517645558477
8 0.8665498072331921 0.24226308770381308 0.23937651964888762 0.16773614919375185
6 0.6244039779180398 0.40486797408368597 0.2462025598901323 0.12394025022357064
9 0.8681264399134943 0.4054663735238997 0.24772901419637278 0.16653590913921182
4 0.1433738756963618 0.5784348161089237 0.2462714339199276 0.14587573409453838
8 0.1434359761635229 0.8913267815996121 0.2455223867141181 0.12909403366897593