0 0.12944258118569746 0.20249144996746085 0.25837610226293634 0.21785447030729282
1 0.13262264422102227 0.5208003539649818 0.2631635962128121 0.25597714674131666
2 0.13670213192438213 0.8840818914749407 0.25988406010845855 0.1971133555315523
12 0.38799996974937895 0.18531895573315943 0.26463519262201596 0.22139520151574896
11 0.3904578701187213 0.5261292746611492 0.2630090601084586 0.19715361732955194
10 0.39602713494944425 0.8617090203724542 0.2630181504675382 0.2006138249420085
4 0.651303945647078 0.19057741828282734 0.26135565651766246 0.16253141030598459
5 0.6529669604778009 0.5262074912416318 0.2613374757995032 0.15561099508107115
6 0.6546208849494443 0.8583773565879798 0.26455337939029955 0.19025333300363828
7 0.887881795081344 0.13389436909127117 0.22254768657189175 0.2589139509797774
8 0.8903073583130606 0.4850752454071312 0.2193852833738788 0.2900356885928883
9 0.8892357377033597 0.8293860337455774 0.22152852459328046 0.23125242097912327