0 0.18784664569290277 0.11779242174629324 0.23383269705877363 0.1696869851729819
1 0.17775266156471167 0.36902800658978585 0.23454482560437875 0.128500823723229
2 0.16401291355396685 0.6556836902800659 0.24875027780311848 0.1416803953871499
3 0.5079813599749962 0.871499176276771 0.9646078520939976 0.14991762767710048
12 0.40666209627827604 0.1400329489291598 0.2079945155339311 0.16803953871499178
11 0.4044217523271329 0.3698517298187809 0.22289270351223953 0.13344316309719934
10 0.4018617055395057 0.6326194398682042 0.23116785854746325 0.11367380560131796
4 0.6137745187606641 0.14991762767710048 0.21449149549777832 0.11037891268533773
5 0.6223699322386089 0.3805601317957166 0.22036846255469375 0.12520593080724876
6 0.6285453408764543 0.6383855024711697 0.22972420869021637 0.18945634266886327
7 0.8241451276079941 0.1342668863261944 0.21304784564053156 0.18616144975288304
8 0.8377575097562209 0.37067545304777594 0.2304751227678946 0.1614497528830313
9 0.8560356444934362 0.6350906095551895 0.2379993637254404 0.1696869851729819