0 0.18515102722709 0.15385741749024462 0.21643477968753033 0.16153528602199485
1 0.1822715079580085 0.39138650663929936 0.215919984113455 0.18027801373473124
2 0.17856893443550154 0.6201765042192497 0.2175890620555437 0.17154983059652237
12 0.39688645572287384 0.17112667362272746 0.20920429617040656 0.20019074628756683
11 0.39629745377641784 0.3955016736227275 0.20861074824694434 0.18893347400030308
10 0.38947966800391437 0.6293316687826281 0.21141113912180853 0.18146983543662173
4 0.607502056003501 0.18528547432973766 0.21206046995941996 0.21397710772388534
5 0.6039682838749716 0.45719683576605613 0.214546227481567 0.3015061968729401
6 0.6008395701885803 0.6822295610587429 0.21353960576865405 0.34774165229841286
7 0.8201639012112807 0.17191882203132494 0.21684494817392036 0.31778528602199485
8 0.8176582675793715 0.3744442750367479 0.21732036757330223 0.2840425583092586
9 0.8156100059334433 0.6175874557549071 0.21779250562479324 0.24904983059652225
9 0.4929466577412054 0.8542399317824766 0.8544908642905281 0.2285102429172332