0 0.1474789404152527 0.901213171577123 0.25458361113645184 0.14904679376083188
1 0.14899102055986413 0.658578856152513 0.254515736455324 0.12478336221837089
2 0.14310248863041275 0.3804159445407279 0.25712724486003397 0.16464471403812825
12 0.3945646978443405 0.9003466204506065 0.2370981557109792 0.15424610051993068
11 0.3927482928471278 0.6559792027729636 0.2396369412430522 0.1681109185441941
10 0.3930879440558854 0.3856152512998267 0.24208845932796094 0.15077989601386482
4 0.6245889388018863 0.891681109185442 0.22716118220059797 0.17677642980935876
5 0.6277192036980731 0.6663778162911612 0.23386663439933766 0.19064124783362218
6 0.6280297657577758 0.40641247833622185 0.23626967056915493 0.1559792027729636
7 0.8491722721352195 0.891681109185442 0.2280187564914769 0.1854419410745234
8 0.8589692036980732 0.6663778162911612 0.23462724486003406 0.16464471403812825
9 0.8663727954741273 0.40294627383015597 0.2395981557109792 0.15424610051993068
3 0.5037642667714088 0.1438474870017331 0.9771127002855067 0.15944540727902945