0 0.14794921875 0.6787375489460933 0.236328125 0.0694158215097992
1 0.14892578125 0.5700217687056519 0.232421875 0.0826607376675188
2 0.15087890625 0.45246378597445336 0.23046875 0.08138180510162511
12 0.37109375 0.6772576173554525 0.22509765625 0.0895587986996526
11 0.3720703125 0.5679097258634311 0.22265625 0.07310551858014899
10 0.37060546875 0.4503260005224495 0.22607421875 0.08514137496995715
4 0.59521484375 0.6852667095698828 0.21875 0.09519999225999234
7 0.82177734375 0.6863409655953463 0.232421875 0.08834973893174129
5 0.59375 0.5714756517383829 0.22509765625 0.0863982424417512
8 0.82373046875 0.5788967628894321 0.23046875 0.08833502886900817
6 0.5947265625 0.45517453647897826 0.2236328125 0.08259454238521965
9 0.8251953125 0.4594387688878095 0.23681640625 0.09660028284343442
3 0.48779296875 0.22744122122701918 0.90625 0.10669904685785908