4 0.1368838082114349 0.10794044665012408 0.25473761749180107 0.20595533498759305
12 0.38560635051959374 0.11910669975186104 0.25176955640958465 0.22084367245657568
4 0.633319156346555 0.13399503722084366 0.24976173075411826 0.21836228287841192
7 0.8779940172497266 0.16377171215880892 0.24367419359961032 0.18362282878411912
1 0.13450875869027043 0.4801488833746898 0.2547609121056588 0.21588089330024815
2 0.12958461743888808 0.8722084367245657 0.2568036796819117 0.23325062034739455
11 0.3827540951117865 0.4813895781637717 0.24778302336597394 0.228287841191067
5 0.6294658999377466 0.49627791563275436 0.2507802027155123 0.22580645161290322
8 0.8761485864963847 0.5235732009925558 0.245629606373897 0.16377171215880892
10 0.3768085700722777 0.8821339950372209 0.2527996756779076 0.23325062034739455
6 0.6246669672358494 0.8349875930521092 0.2539113260947326 0.2803970223325062
9 0.8718035650672726 0.8821339950372209 0.2487199641788663 0.20099255583126552