0 0.11104060913705584 0.1532876712328767 0.20516074450084604 0.17285714285714288
0 0.10892554991539763 0.4712915851272016 0.20234348561759727 0.1793933463796478
1 0.11315566835871405 0.803972602739726 0.19951776649746197 0.16960861056751458
12 0.31620135363790186 0.15493150684931506 0.20657360406091368 0.1891780821917808
11 0.31408629441624364 0.47048923679060656 0.20516074450084604 0.20058708414872792
10 0.31478849407783416 0.812133072407045 0.20657360406091368 0.1761252446183953
4 0.5241793570219967 0.14350293542074363 0.20797800338409475 0.1891780821917808
5 0.5213620981387479 0.47211350293542076 0.2065736040609137 0.19407045009784735
6 0.5241793570219967 0.812133072407045 0.20374788494077833 0.182641878669276
7 0.7303976311336717 0.14025440313111545 0.20586294416243647 0.2022113502935421
8 0.7258206429780033 0.4802739726027397 0.20516074450084604 0.20710371819960857
9 0.7286379018612521 0.813757338551859 0.20374788494077828 0.2054794520547945