0 0.13001027749229188 0.137546468401487 0.22918807810894143 0.15427509293680297
1 0.13052415210688592 0.3671003717472119 0.20041109969167523 0.13568773234200743
2 0.11767728674203494 0.6849442379182156 0.22404933196300103 0.137546468401487
12 0.3489208633093525 0.1421933085501859 0.2209660842754368 0.15613382899628253
11 0.3442959917780062 0.36617100371747213 0.23535457348406988 0.13011152416356878
10 0.34686536485097635 0.6747211895910781 0.24665981500513876 0.11152416356877323
4 0.5734840698869476 0.13104089219330856 0.2343268242548818 0.16171003717472118
5 0.5770811921891058 0.4070631970260223 0.24357656731757452 0.2695167286245353
6 0.5858170606372045 0.6802973977695167 0.23741007194244604 0.2379182156133829
7 0.8150051387461459 0.12453531598513011 0.2579650565262076 0.21561338289962825
8 0.8221993833504625 0.34944237918215615 0.263103802672148 0.16356877323420074
9 0.8263103802672148 0.6366171003717472 0.25488180883864336 0.14684014869888476
3 0.4845837615621788 0.8986988847583643 0.9691675231243576 0.20260223048327136