0 0.18426044912405093 0.8594043059275455 0.2521854231581435 0.17429003942773827
1 0.18307534410318724 0.6053932339485301 0.25790239989525776 0.13589376508266854
2 0.17396387603263863 0.348088461034893 0.26207391475343356 0.13754294641128204
3 0.5188421156386734 0.13240640874570464 0.9623157687226531 0.14217883562764974
12 0.43008166197861136 0.858148312008045 0.236235733228591 0.13565135550721208
11 0.4289014051492569 0.6057398041315939 0.24045088181034904 0.15172361375890248
10 0.4244556896676968 0.37572989991020084 0.24614846578142674 0.10691708300357661
4 0.6604571190174505 0.8471044497367775 0.22546057819336737 0.15476091995025287
5 0.6630801922946964 0.6123661024919761 0.2337987597182098 0.15645671850491574
6 0.6656596318483601 0.3632046783240976 0.23891511631442883 0.19497419763771354
7 0.8755298418900874 0.8735483601393843 0.21052360468298617 0.17542643126980897
8 0.8860307963019268 0.6260780728035635 0.21715633400908851 0.1642830701135391
9 0.8903423531076305 0.3985699109107201 0.21209330751947011 0.14339379610894662