0 0.19083333333333333 0.8150242326332795 0.23333333333333334 0.10339256865912763
1 0.18916666666666668 0.5234248788368336 0.23083333333333333 0.1050080775444265
2 0.18958333333333333 0.27463651050080773 0.23583333333333334 0.10339256865912763
3 0.53375 0.09935379644588045 0.925 0.09208400646203554
12 0.41583333333333333 0.8012924071082391 0.21833333333333332 0.12116316639741519
11 0.41375 0.537156704361874 0.2225 0.10016155088852989
10 0.42 0.2851373182552504 0.22333333333333333 0.10016155088852989
4 0.63 0.8150242326332795 0.21583333333333332 0.12277867528271405
5 0.6354166666666666 0.5323101777059773 0.21833333333333332 0.11631663974151858
6 0.6404166666666666 0.2875605815831987 0.22333333333333333 0.15508885298869143
7 0.8470833333333333 0.8675282714054927 0.23333333333333334 0.21809369951534732
8 0.8608333333333333 0.5783521809369951 0.24166666666666667 0.2148626817447496
9 0.8716666666666667 0.3158319870759289 0.245 0.19709208400646203