0 0.8321072964877606 0.12552251756069382 0.24617270673897243 0.11972664406382609
1 0.820534613949285 0.3802397659539199 0.254699967732671 0.18660173304230612
2 0.813067995683612 0.6557765650165036 0.2531254167046776 0.21830184045529127
12 0.5959275952646429 0.10406901964985217 0.233735733228591 0.14128379356772536
11 0.587775513506665 0.32869733428808023 0.23724360145625306 0.20142281079517754
10 0.5752701097089189 0.6176480014289039 0.23738904720152695 0.25150628324926766
3 0.4712653018515711 0.8500710580174823 0.9383387371310793 0.29974133311740375
4 0.36726728680756177 0.07585031227607461 0.22959330751947013 0.1495824761235605
5 0.3591370219113749 0.2929661060461891 0.22625997418613678 0.14954362584101658
6 0.35376828155356266 0.5634702764367739 0.23052360468298597 0.18298117033025646
7 0.1339727390063015 0.0667051189923503 0.2437211886540637 0.1334102379847006
8 0.13379792630885434 0.2688821710943751 0.23625997418613673 0.1496601766886483
9 0.12517827187336392 0.5110445573768527 0.23697695092325097 0.10960311129601207