0 0.8615942028985507 0.07191780821917808 0.23623188405797102 0.1410958904109589
1 0.8590579710144928 0.24315068493150685 0.23405797101449274 0.16027397260273973
2 0.8601449275362318 0.426027397260274 0.23333333333333334 0.16712328767123288
12 0.6304347826086957 0.07328767123287672 0.2289855072463768 0.14657534246575343
11 0.6282608695652174 0.23424657534246576 0.23043478260869565 0.15342465753424658
4 0.3963768115942029 0.08082191780821918 0.2391304347826087 0.14520547945205478
5 0.39456521739130435 0.236986301369863 0.23695652173913043 0.1506849315068493
10 0.6271739130434782 0.4212328767123288 0.2326086956521739 0.17671232876712328
6 0.39311594202898553 0.4246575342465753 0.23405797101449274 0.20273972602739726
7 0.15978260869565217 0.06027397260273973 0.23550724637681159 0.11506849315068493
8 0.15905797101449276 0.2054794520547945 0.2398550724637681 0.1780821917808219
9 0.15833333333333333 0.36095890410958903 0.24420289855072463 0.22602739726027396
3 0.5076086956521739 0.7732876712328767 0.9442028985507246 0.17671232876712328