0 0.8204166666666667 0.8603351955307262 0.22416666666666665 0.14711359404096835
1 0.8329166666666666 0.6480446927374302 0.24083333333333334 0.1527001862197393
2 0.8458333333333333 0.4031657355679702 0.2525 0.21787709497206703
12 0.6033333333333334 0.8715083798882681 0.21583333333333332 0.148975791433892
11 0.6033333333333334 0.6694599627560521 0.22166666666666668 0.16759776536312848
10 0.6083333333333333 0.43854748603351956 0.2325 0.18435754189944134
4 0.3929166666666667 0.8817504655493482 0.20833333333333334 0.1527001862197393
5 0.38708333333333333 0.6703910614525139 0.21833333333333332 0.19553072625698323
6 0.37916666666666665 0.44599627560521415 0.22833333333333333 0.19925512104283055
7 0.18041666666666667 0.8854748603351955 0.22 0.18435754189944134
8 0.16541666666666666 0.6759776536312849 0.23083333333333333 0.16201117318435754
9 0.15125 0.4720670391061452 0.2375 0.14711359404096835
3 0.5 0.1601489757914339 0.9866666666666667 0.22532588454376165