0 0.148681640625 0.33343888537048766 0.22119140625 0.10512982900569981
1 0.152587890625 0.44363521215959467 0.22021484375 0.10512982900569981
2 0.154052734375 0.5557314756174794 0.22021484375 0.09879670677644078
4 0.159423828125 0.6662444585180494 0.212890625 0.09626345788473717
3 0.48583984375 0.7507916402786574 0.873046875 0.09436352121595946
8 0.160888671875 0.8568714376187461 0.2197265625 0.09499683343888538
12 0.372802734375 0.3391386953768208 0.22265625 0.09119696010132995
11 0.371826171875 0.4423685877137429 0.21826171875 0.11019632678910703
10 0.372802734375 0.5588980367321089 0.21728515625 0.11272957568081064
4 0.595458984375 0.3397720075997467 0.2216796875 0.09753008233058898
5 0.599365234375 0.43856871437618744 0.22314453125 0.10006333122229259
6 0.598876953125 0.5500316656111462 0.22509765625 0.11019632678910703
7 0.822021484375 0.33597213426219125 0.234375 0.08739708676377454
8 0.8154296875 0.4252691576947435 0.21337890625 0.09879670677644078
9 0.81591796875 0.5398986700443319 0.21533203125 0.10006333122229259