0 0.8333333333333334 0.09953343701399689 0.23666666666666666 0.14774494556765164
12 0.60375 0.10653188180404355 0.23166666666666666 0.16485225505443235
4 0.3770833333333333 0.1181959564541213 0.22333333333333333 0.15085536547433903
7 0.14333333333333334 0.09486780715396578 0.24416666666666667 0.17262830482115085
1 0.83875 0.34603421461897355 0.235 0.15396578538102643
11 0.60625 0.35769828926905134 0.2325 0.14930015552099535
10 0.6133333333333333 0.6360808709175739 0.24333333333333335 0.18662519440124417
2 0.845 0.6337480559875583 0.245 0.13530326594090203
3 0.4920833333333333 0.864696734059098 0.9616666666666667 0.18506998444790046
5 0.38125 0.374805598755832 0.22333333333333333 0.16640746500777606
6 0.3775 0.6632970451010887 0.22916666666666666 0.14774494556765164
8 0.14625 0.3561430793157076 0.24666666666666667 0.2255054432348367
9 0.14375 0.6314152410575428 0.24333333333333335 0.2223950233281493