0 0.19327924594968915 0.8150242326332795 0.23364361758991758 0.10339256865912763
1 0.19073748071562463 0.5234248788368336 0.23114846578142675 0.1050080775444265
2 0.19040752588988535 0.27463651050080773 0.2361436175899176 0.10339256865912763
3 0.5340481637778115 0.09935379644588045 0.9252763469160203 0.09208400646203554
12 0.4182380363218616 0.8012924071082391 0.218696947696518 0.12116316639741519
11 0.41536202367678554 0.537156704361874 0.22280058787356607 0.10016155088852989
10 0.42085570580136134 0.2851373182552504 0.22363392120689943 0.10016155088852989
4 0.6324459126163559 0.8150242326332795 0.2162017958880271 0.12277867528271405
5 0.6370141457689249 0.5323101777059773 0.21868240312199078 0.11631663974151858
6 0.6412796447552918 0.2875605815831987 0.22379875971820978 0.15508885298869143
7 0.849686812173736 0.8675282714054927 0.23398783918706575 0.21809369951534732
8 0.8625689858936016 0.5783521809369951 0.24231147613738094 0.2148626817447496
9 0.8726144881067015 0.3158319870759289 0.24559147936411363 0.19709208400646203