0 0.8529466603320389 0.8537234042553191 0.27350070878720434 0.14184397163120568
1 0.8524678921083054 0.5106382978723404 0.26906583812414664 0.20390070921985815
2 0.8515620555616111 0.149822695035461 0.27064057285873716 0.22163120567375885
12 0.5839879081139404 0.8448581560283688 0.2689990688455207 0.1773049645390071
11 0.5850082027756875 0.48936170212765956 0.2682428604749178 0.18085106382978725
10 0.581840418045047 0.14184397163120568 0.26830072718306036 0.20390070921985815
4 0.31772262368799065 0.8421985815602837 0.2674020776847216 0.15070921985815602
5 0.31716595797252656 0.46808510638297873 0.27201945104269093 0.16134751773049646
6 0.314736576471522 0.1099290780141844 0.2720817690360753 0.18617021276595744
7 0.0927599762249843 0.8342198581560284 0.181665139430621 0.13297872340425532
8 0.09032614343873799 0.47429078014184395 0.1787827470759448 0.20390070921985815
9 0.08978283157899912 0.10549645390070922 0.17944102717122948 0.16134751773049646