0 0.17166666666666666 0.8383838383838383 0.22833333333333333 0.13131313131313133
1 0.16375 0.6111111111111112 0.24416666666666667 0.11515151515151516
2 0.15583333333333332 0.34444444444444444 0.245 0.13131313131313133
3 0.50625 0.12323232323232323 0.9625 0.1898989898989899
12 0.3883333333333333 0.8424242424242424 0.21916666666666668 0.16161616161616163
11 0.39375 0.6181818181818182 0.22583333333333333 0.14747474747474748
10 0.39208333333333334 0.36767676767676766 0.2325 0.1414141414141414
4 0.5933333333333334 0.8242424242424242 0.19416666666666665 0.19595959595959597
5 0.6025 0.5818181818181818 0.20666666666666667 0.2080808080808081
6 0.60875 0.3838383838383838 0.21416666666666667 0.17373737373737375
7 0.8125 0.8636363636363636 0.24166666666666667 0.1494949494949495
8 0.8245833333333333 0.6494949494949495 0.24166666666666667 0.1797979797979798
9 0.8395833333333333 0.42323232323232324 0.26 0.1696969696969697