0 0.16666666666666666 0.09967340590979783 0.23636666666666664 0.14844479004665628
12 0.39620833333333333 0.10674961119751167 0.23181666666666662 0.16541213063763605
4 0.6231083333333334 0.11805598755832036 0.2234833333333334 0.1512752721617418
7 0.8568166666666667 0.09472783825816485 0.2439416666666667 0.17248833592534993
1 0.16136666666666666 0.34567651632970453 0.23484999999999995 0.15410575427682732
11 0.39355833333333334 0.35769828926905134 0.23257499999999992 0.1498600311041991
10 0.38674166666666665 0.6362208398133747 0.24318333333333336 0.18662519440124417
2 0.154925 0.6333903576982892 0.2447 0.1357231726283048
3 0.5079583333333333 0.864556765163297 0.9613666666666666 0.18520995334370136
5 0.6185583333333333 0.37466562986003116 0.2234833333333334 0.16682737169517886
6 0.6223500000000001 0.6630793157076206 0.2295416666666667 0.1470451010886469
8 0.8537916666666666 0.3562830482115086 0.24696666666666678 0.22620528771384135
9 0.8564416666666667 0.6312752721617418 0.24318333333333336 0.22197511664074654