0 0.1469359331476323 0.10451612903225807 0.24233983286908078 0.15225806451612903
1 0.14763231197771587 0.26193548387096777 0.24373259052924792 0.14193548387096774
2 0.14658774373259054 0.4296774193548387 0.24442896935933148 0.14193548387096774
12 0.3843871866295265 0.09483870967741935 0.23395543175487468 0.13548387096774195
11 0.38611420612813374 0.26064516129032256 0.23885793871866295 0.13161290322580646
3 0.5079805013927576 0.7419354838709677 0.9714484679665738 0.12903225806451613
10 0.3850696378830084 0.42129032258064514 0.2395543175487465 0.11483870967741935
4 0.6274094707520892 0.0832258064516129 0.24094707520891365 0.15870967741935485
5 0.6260167130919221 0.24903225806451612 0.24094707520891365 0.17290322580645162
7 0.8690529247910864 0.08967741935483871 0.24651810584958217 0.15096774193548387
8 0.8673119777158774 0.25161290322580643 0.23885793871866295 0.16516129032258065
6 0.6256685236768802 0.41161290322580646 0.24582172701949861 0.12129032258064516
9 0.8694011142061282 0.41483870967741937 0.24721448467966572 0.1638709677419355
4 0.1451671309192201 0.58 0.24582172701949861 0.1432258064516129
8 0.14621169916434543 0.8929032258064517 0.24512534818941503 0.12645161290322582