0 0.18541666666666667 0.8815939831805939 0.2175 0.17775037491834145
1 0.17708333333333334 0.6616274607093408 0.22666666666666666 0.2110174027782317
2 0.16583333333333333 0.42144061117425397 0.23666666666666666 0.24613676549965258
3 0.49166666666666664 0.18060309468054578 0.9391666666666667 0.20176186776601596
12 0.39958333333333335 0.8788404246881159 0.20416666666666666 0.218094600927595
11 0.3983333333333333 0.6587828312161388 0.2125 0.23661794954289816
10 0.39375 0.41022297498033805 0.2275 0.2791680801811986
4 0.6029166666666667 0.8716220996901912 0.20166666666666666 0.23095380260451412
5 0.6058333333333333 0.6487485041020912 0.21166666666666667 0.25318182094287767
6 0.615 0.4129032073655892 0.2225 0.2698956916381678
7 0.7975 0.8866157216775612 0.20666666666666667 0.20891864050297787
8 0.8108333333333333 0.658083336268767 0.21 0.21080311807064603
9 0.8270833333333333 0.44332560573227775 0.21416666666666667 0.2200647923782974