0 0.8604057139938422 0.18993506493506493 0.26143746974937904 0.17857142857142858
1 0.8610819039835796 0.5064935064935064 0.26301815046753807 0.18506493506493507
2 0.8601865036142373 0.8262987012987013 0.25986587939029954 0.17532467532467533
12 0.6048687863007453 0.21428571428571427 0.2582579275949012 0.1590909090909091
11 0.6047909973677214 0.5211038961038961 0.25981133723582167 0.15584415584415584
10 0.6039501391528568 0.8214285714285714 0.2566954275949012 0.1590909090909091
10 0.6031507084346975 0.827922077922078 0.2598931504675381 0.18506493506493507
4 0.35010856342810825 0.24025974025974026 0.2615647347764936 0.22402597402597402
5 0.3476824793155446 0.5487012987012987 0.25989315046753825 0.18506493506493507
6 0.3491399193052819 0.8652597402597403 0.25984769867214014 0.16883116883116883
7 0.10996307986955814 0.20941558441558442 0.21992615973911628 0.14285714285714285
8 0.11185912968488695 0.5308441558441559 0.2237182593697739 0.1461038961038961
9 0.11218586173090606 0.8603896103896104 0.2243717234618121 0.15584415584415584