0 0.16896999170087576 0.6714242806366592 0.21430750176791896 0.10190699188693304
1 0.17052541349114247 0.5808529537807448 0.22222794978198945 0.12654676244125077
2 0.16998851415800256 0.45860198353494913 0.22213136471676848 0.10455452440761559
12 0.3817981204822034 0.6555532755929486 0.21137781426791902 0.10188441298727857
11 0.38331945342592155 0.5572199823722217 0.21333093926791902 0.10189946558704831
10 0.3829103872673387 0.4640763859944727 0.20752269753774177 0.113497257334958
4 0.17390012008189787 0.34860692501729157 0.21919031426791902 0.10194462338635712
1 0.17394524632676653 0.2476975991247877 0.2222648793657504 0.13495555933646422
4 0.5917732616682653 0.6571692737697205 0.2093962818957953 0.09540105508349861
6 0.5948642200883121 0.47149880634508423 0.20574285750769694 0.15293886708965151
5 0.592758020829373 0.5478436246821184 0.20853903035871513 0.1225604110604572
7 0.8043318459649462 0.691107982716832 0.22250918276601506 0.19058298495095324
8 0.805302401439992 0.5785481809772247 0.2253081963542456 0.16085135945216011
9 0.8141820419802588 0.48792040687217414 0.24387424680309522 0.16358168127157552
8 0.174410476128538 0.13126057735271662 0.2182080702934942 0.10064343602567018