0 0.8283333333333334 0.8267011659957785 0.22833333333333333 0.13453350579434714
1 0.83625 0.5993167834034471 0.24416666666666667 0.1185952002719393
2 0.8441666666666666 0.33253846141717625 0.245 0.13476856962509262
3 0.49375 0.11626855724648273 0.9625 0.20347392612455237
12 0.6116666666666667 0.8337973998358763 0.21916666666666668 0.1647072509904673
11 0.60625 0.6096313713384444 0.22583333333333333 0.15065986238135134
10 0.6079166666666667 0.35910281445031933 0.2325 0.1446932818530435
4 0.4066666666666667 0.81850686677223 0.19416666666666665 0.19869808958778293
5 0.3975 0.5762119094548976 0.20666666666666667 0.2109955995820543
6 0.39125 0.37832026041162925 0.21416666666666667 0.17675794396245553
7 0.1875 0.8609918955404748 0.24166666666666667 0.1529033750407617
8 0.17541666666666667 0.6470209026763514 0.24166666666666667 0.183206405343792
9 0.16041666666666668 0.4209698338613962 0.26 0.17336396545660218