0 0.14366943866943865 0.28586419753086423 0.26209979209979206 0.183724279835391
1 0.1433056133056133 0.5908230452674896 0.2598752598752599 0.17049382716049385
2 0.14070686070686073 0.9056378600823045 0.25467775467775466 0.1887037037037038
12 0.3994698544698545 0.29174897119341564 0.2583887733887734 0.18958847736625511
11 0.39983367983367984 0.5746707818930041 0.25467775467775466 0.21458847736625514
10 0.3983471933471933 0.892119341563786 0.26358627858627864 0.17343621399176948
4 0.654147609147609 0.3012962962962963 0.2554158004158005 0.15872427983539092
5 0.6559979209979211 0.587880658436214 0.26061330561330565 0.14109053497942392
7 0.8921101871101872 0.2667489711934156 0.2130977130977131 0.22779835390946498
8 0.8924116424116424 0.5621604938271605 0.2151767151767152 0.18958847736625511
6 0.6563721413721413 0.8928600823045267 0.2598752598752599 0.1778395061728394
9 0.8913721413721414 0.8878600823045267 0.21725571725571727 0.17901234567901234