0 0.79625 0.8995592986917145 0.20333333333333334 0.1342222129321265
1 0.8045833333333333 0.6620056941178746 0.215 0.12705850108085284
2 0.81625 0.34679810658104343 0.225 0.14363951380065432
3 0.4920833333333333 0.10591486015241157 0.9008333333333334 0.14678075690245473
12 0.60125 0.8842734263411413 0.19166666666666668 0.15783930686749498
11 0.6008333333333333 0.6584911431329046 0.19666666666666666 0.13230897227675587
10 0.6 0.3705463207749321 0.2125 0.13068290055172502
4 0.41291666666666665 0.859017796474092 0.19083333333333333 0.1889072815844767
5 0.40458333333333335 0.6020558617426304 0.19666666666666666 0.24382633973562243
6 0.39416666666666667 0.3258717248639523 0.20666666666666667 0.23298504898193223
7 0.22291666666666668 0.9032107303006043 0.19166666666666668 0.12493254269930486
8 0.20916666666666667 0.6662893515220288 0.19833333333333333 0.12318947622487636
9 0.18125 0.3834833235537162 0.21583333333333332 0.1307254440969606