0 0.858737985726868 0.928082191780822 0.2366661133844409 0.1410958904109589
1 0.8567287311807588 0.7568493150684932 0.23455122180281296 0.16027397260273973
2 0.8583784994994275 0.5739726027397261 0.23384766321517128 0.16712328767123288
12 0.6275827812557164 0.9267123287671233 0.2294365998476609 0.14657534246575343
11 0.6259042269099101 0.7657534246575343 0.2309069543034978 0.15342465753424658
4 0.39354799724409345 0.9191780821917809 0.2395773115651894 0.14520547945205478
5 0.39221700637340423 0.763013698630137 0.2374202617965255 0.1506849315068493
10 0.6253927296412111 0.5787671232876712 0.233152536264937 0.17671232876712328
6 0.39134529817347735 0.5753424657534246 0.2346819121826242 0.20273972602739726
7 0.15689055706498886 0.9397260273972603 0.23586137514791322 0.11506849315068493
8 0.15661279616641008 0.7945205479452054 0.24040312889523494 0.1780821917808219
9 0.15636665390810822 0.6390410958904109 0.24489850863681714 0.22602739726027396
3 0.5069109776567297 0.2267123287671233 0.944746739163488 0.17671232876712328