0 0.13606770833333334 0.1523809523809524 0.23307291666666666 0.15714285714285714
1 0.13411458333333334 0.37023809523809526 0.23567708333333334 0.15
2 0.1328125 0.6 0.234375 0.1523809523809524
12 0.3678385416666667 0.13690476190476192 0.23046875 0.13095238095238096
11 0.3665364583333333 0.3726190476190476 0.23046875 0.14523809523809525
10 0.3658854166666667 0.5976190476190476 0.23046875 0.1380952380952381
4 0.5983072916666666 0.15 0.23177083333333334 0.16428571428571428
5 0.5963541666666666 0.4154761904761905 0.234375 0.23809523809523808
6 0.5989583333333334 0.655952380952381 0.23307291666666666 0.24761904761904763
7 0.8294270833333334 0.1761904761904762 0.23177083333333334 0.23095238095238096
8 0.830078125 0.3869047619047619 0.23697916666666666 0.18095238095238095
9 0.8287760416666666 0.6023809523809524 0.23177083333333334 0.14761904761904762
3 0.4830729166666667 0.8297619047619048 0.9296875 0.12142857142857143