0 0.8671875 0.8264888698711995 0.23567708333333334 0.1667929218947214
1 0.8671875 0.6098222032045326 0.23697916666666666 0.1596639167276045
2 0.8658854166666666 0.37888367422789215 0.23567708333333334 0.16441196951376888
12 0.6354166666666666 0.8515735691720329 0.23177083333333334 0.140560889777024
11 0.6341145833333334 0.6158731354334875 0.23177083333333334 0.15484660406273829
10 0.6328125 0.39088698740922784 0.23177083333333334 0.14770374691988114
4 0.4049479166666667 0.8492634641161736 0.23307291666666666 0.17390807508609754
5 0.4049479166666667 0.5837872736399831 0.23697916666666666 0.24775915482284258
6 0.3997395833333333 0.34336649106675404 0.23567708333333334 0.25965006475186414
7 0.173828125 0.8326745707624701 0.234375 0.24058859372850444
8 0.17122395833333334 0.6219879889996651 0.23828125 0.19063014965572567
9 0.169921875 0.40652565049921513 0.23307291666666666 0.15724140841943088
3 0.513671875 0.16358301461804314 0.9309895833333334 0.15990416265436447