0 0.8689861749812311 0.8658892128279884 0.2367996873772551 0.16132167152575316
1 0.8653491439153482 0.6239067055393586 0.23733910189707785 0.17881438289601556
2 0.8629271345000409 0.37998056365403304 0.23637674308313983 0.1836734693877551
3 0.5065310465754632 0.14625850340136054 0.9306729102621667 0.17006802721088435
12 0.6360916427858991 0.8712342079689018 0.2354200657436265 0.19047619047619047
11 0.6324404080339545 0.6243926141885325 0.23391545167265315 0.17687074829931973
10 0.6314775608942222 0.3785228377065112 0.23341012599937905 0.17103984450923226
4 0.4049217190202353 0.8819241982507289 0.2369161576029628 0.20116618075801748
5 0.40119946583798116 0.6107871720116618 0.2345315660972105 0.2206025267249757
6 0.398084804868647 0.380466472303207 0.2329360484354409 0.17589893100097181
7 0.17156447220981486 0.8960155490767736 0.23885223817968848 0.19533527696793002
8 0.16860588901189685 0.6355685131195336 0.23884655670526372 0.1933916423712342
9 0.1652158393082265 0.3945578231292517 0.240209133915618 0.15840621963070942