0 0.18499002581386326 0.1317365269461078 0.2221175484770157 0.13922155688622753
1 0.1767458284172119 0.3615269461077844 0.22551390829996773 0.15868263473053892
2 0.16843860453094184 0.6107784431137725 0.23133269705877363 0.15419161676646706
3 0.510959865786496 0.8615269461077845 0.9573405652864357 0.20808383233532934
12 0.40209032781747855 0.12649700598802396 0.21707391475343352 0.12574850299401197
11 0.3988218894632815 0.36377245508982037 0.22049936372544038 0.15419161676646706
10 0.39678163424729346 0.6077844311377245 0.22972905688172565 0.17365269461077845
4 0.6137279053350905 0.13547904191616766 0.20886663439933764 0.16467065868263472
5 0.6184173432753877 0.36002994011976047 0.21966118220059797 0.15269461077844312
6 0.6242695137685206 0.6115269461077845 0.22806723840656826 0.1751497005988024
7 0.8295733591471965 0.1317365269461078 0.22629391152670073 0.14221556886227546
8 0.8413291617505453 0.3615269461077844 0.2304411854273307 0.13622754491017963
9 0.8526537531126999 0.5958083832335329 0.23797512276789462 0.1467065868263473