0 0.13240849990180414 0.13901150298635348 0.25982042759490126 0.16937545677497828
1 0.13019253580976592 0.47803399674778363 0.25829428903121976 0.18291505735189037
2 0.12953907171772766 0.8170367690522276 0.2550783854404236 0.14897730935317205
12 0.3894806565176624 0.15102156060024446 0.2551329275949013 0.1693162924040194
11 0.3848891261688455 0.47820922976749314 0.2613738372358217 0.16600534772349004
10 0.38582543315404616 0.8273617721403744 0.25978406615858274 0.15581613474107983
4 0.6489056534926003 0.1663918665371306 0.2629636083130606 0.17619456070589998
5 0.6427516231437834 0.49359925716136555 0.26648858411256365 0.32538654599275396
6 0.6412350958200286 0.8021034156180314 0.26484427088084705 0.2948583499594965
7 0.8859693162567787 0.1311908152447062 0.22806136748644262 0.24016746831321856
8 0.8856471293902993 0.4803532183460807 0.2287057412194013 0.2537465118041031
9 0.8829880102931298 0.8278601491071904 0.23402397941374034 0.25380567617506217