0 0.83447265625 0.6832807570977918 0.2236328125 0.0946372239747634
1 0.833740234375 0.5640378548895899 0.22216796875 0.11230283911671925
2 0.832275390625 0.4529968454258675 0.21875 0.10347003154574133
4 0.833251953125 0.3419558359621451 0.2197265625 0.10788643533123028
3 0.504638671875 0.22965299684542587 0.873046875 0.122397476340694
12 0.623046875 0.6735015772870663 0.2021484375 0.09274447949526814
11 0.624755859375 0.556782334384858 0.201171875 0.1192429022082019
10 0.620849609375 0.44889589905362776 0.21484375 0.11798107255520504
4 0.412353515625 0.661198738170347 0.2197265625 0.10977917981072555
7 0.187744140625 0.6561514195583596 0.22998046875 0.10473186119873817
5 0.413330078125 0.5558359621451104 0.22021484375 0.10914826498422713
8 0.189208984375 0.5507886435331231 0.23095703125 0.1110410094637224
6 0.407958984375 0.4526813880126183 0.2158203125 0.10031545741324921
9 0.190185546875 0.4466876971608833 0.22998046875 0.10788643533123028