0 0.11379018612521151 0.8635665325040577 0.20642978003384094 0.18477407137744264
0 0.10913705583756345 0.5455000000892626 0.2038917089678511 0.1906107573081023
1 0.11082910321489002 0.2128417528478183 0.20050761421319796 0.18078048075380904
12 0.3189509306260575 0.8565427041853819 0.20812182741116753 0.20045241904793537
11 0.3142978003384095 0.5414115925142269 0.20642978003384094 0.21217133165141502
10 0.3126057529610829 0.19990154229970253 0.20812182741116753 0.18675378891094918
4 0.5270727580372251 0.8622788805718692 0.2089678510998308 0.2004638042334755
5 0.5215736040609137 0.5344162271594012 0.20812182741116753 0.2043663133727886
6 0.5219966159052454 0.1939131134899402 0.20473773265651438 0.1945360368184955
7 0.7330795262267343 0.8601588053447999 0.20727580372250423 0.21413966399938175
8 0.7258883248730964 0.5205316985866921 0.20642978003384094 0.21804217313869487
9 0.7263113367174281 0.1868778999857244 0.20558375634517767 0.21607384079072828