0 0.14276879971163048 0.29835390946502055 0.26460174220606014 0.1934156378600823
1 0.1457428525307795 0.602880658436214 0.2614409056066041 0.17901234567901234
2 0.14664395091106264 0.9094650205761317 0.25728894908873606 0.18106995884773663
12 0.398476983968682 0.2952674897119342 0.2604558333283282 0.19753086419753085
11 0.40242703760590276 0.5781893004115226 0.25741594953159463 0.2242798353909465
10 0.40439787522636755 0.8950617283950617 0.2656110050448805 0.1831275720164609
4 0.6531577624665047 0.2962962962962963 0.25724661560778317 0.16666666666666666
5 0.6586761391231812 0.5823045267489712 0.2623957396841994 0.15020576131687244
7 0.8905567495496336 0.25308641975308643 0.21586614615223362 0.2345679012345679
8 0.8925510846667298 0.5473251028806584 0.21489783066654042 0.19753086419753085
6 0.6621729662821488 0.8878600823045267 0.2614650961671487 0.18724279835390947
9 0.8935576702174387 0.8734567901234568 0.21288465956512256 0.18724279835390947