0 0.8502763469160204 0.09878682842287695 0.2545836111364518 0.14904679376083188
1 0.8501217603939651 0.341421143847487 0.2545157364553241 0.12478336221837089
2 0.8575665617978471 0.6195840554592721 0.2571272448600341 0.16464471403812825
12 0.6031954376784416 0.09965337954939342 0.2370981557109792 0.15424610051993068
11 0.6063790326812288 0.3440207972270364 0.2396369412430522 0.1681109185441941
10 0.6075520172233196 0.6143847487001733 0.24208845932796105 0.15077989601386482
4 0.37321967863598726 0.10831889081455806 0.2271611822005979 0.17677642980935876
5 0.3713499435321741 0.33362218370883884 0.23386663439933755 0.19064124783362218
6 0.37249383892521015 0.5935875216637782 0.23626967056915493 0.1559792027729636
7 0.14863634530265393 0.10831889081455806 0.22801875649147685 0.1854419410745234
8 0.1400999435321741 0.33362218370883884 0.23462724486003395 0.16464471403812825
9 0.13417020197489513 0.597053726169844 0.2395981557109792 0.15424610051993068
3 0.4982283399388433 0.8561525129982669 0.9771127002855065 0.15944540727902945