0 0.8683333333333333 0.8987441130298273 0.2608333333333333 0.18524332810047095
1 0.8670833333333333 0.6216640502354788 0.25833333333333336 0.19623233908948196
2 0.8591666666666666 0.33202511773940346 0.25916666666666666 0.15384615384615385
12 0.6108333333333333 0.8822605965463108 0.25083333333333335 0.20094191522762953
11 0.6104166666666667 0.6389324960753532 0.25166666666666665 0.18524332810047095
10 0.605 0.33359497645211933 0.24583333333333332 0.16326530612244897
4 0.3641666666666667 0.8704866562009419 0.24 0.21978021978021978
5 0.3625 0.6287284144427001 0.2375 0.2119309262166405
6 0.36333333333333334 0.3602825745682888 0.24 0.22762951334379905
7 0.12166666666666667 0.890894819466248 0.24333333333333335 0.21821036106750394
8 0.1225 0.6554160125588697 0.245 0.19623233908948196
9 0.12625 0.3563579277864992 0.23583333333333334 0.19623233908948196
3 0.49375 0.07535321821036106 0.9875 0.15070643642072212