0 0.8335170090044434 0.24149161941410413 0.24874058142010008 0.1480720436678147
1 0.8253019007568467 0.49615075504743994 0.24544603361883996 0.16184877714062323
12 0.5943939760613588 0.22306378322110904 0.23203028102985135 0.13232704091095954
11 0.5911958364840442 0.4717383022376326 0.22623088503708194 0.1443465144711035
2 0.813159833519167 0.8138043980483934 0.2353393734056389 0.12373165458841008
4 0.36819973026371383 0.2004739027484417 0.22378906333519144 0.16504175887622805
5 0.3612346220161173 0.4551481104797333 0.2321951195411617 0.19104897528056242
7 0.12584760010474225 0.144872886384041 0.24997146645718218 0.28970558050686646
6 0.3592622414812569 0.7124732801779777 0.22926418610308616 0.3343593875098477
10 0.5848386206646065 0.8067334388632436 0.2287163404625545 0.139195311516756
8 0.12637764366563653 0.40136464241982067 0.23990359177605436 0.2654053836886774
9 0.12999133869714397 0.7468430501295965 0.23549936372544034 0.18072647324125982
3 0.474041370964473 0.9353487133727564 0.9153636143631847 0.12930257325448716