0 0.8564559793669299 0.28392395959852396 0.25656222859447847 0.14818291505526748
1 0.8567375854601116 0.5895309436036505 0.2588741919637842 0.1388424833447802
12 0.6049497619473145 0.30207579428085507 0.2565077927599903 0.12944755205760947
11 0.6029296113901573 0.5948294660134334 0.251883866021379 0.14812841547858402
2 0.8535172241027797 0.8928368819165824 0.2541754159527513 0.13176222264397477
10 0.6020484313193751 0.8981081545380236 0.2530194342680987 0.13643243849921857
4 0.34994497931684104 0.3167556230836379 0.2530194342680987 0.13643243849921857
5 0.3515628857964185 0.5649719330142657 0.25691606151865376 0.2699627745400451
6 0.34896134215727936 0.8565614570065758 0.25568523056157927 0.24887186627350902
7 0.11142372726030618 0.2773873471968472 0.22284745452061236 0.18527214401379968
8 0.11271881087172199 0.5935261604410711 0.22543762174344398 0.18531301869631217
9 0.1110882167551229 0.9003313544218928 0.2221764335102458 0.1642084855356054