0 0.8157395508759491 0.8573717948717948 0.25218542315814335 0.17147435897435898
1 0.8169246558968128 0.6033653846153846 0.2579023998952577 0.1330128205128205
2 0.8260361239673614 0.34615384615384615 0.26207391475343345 0.1346153846153846
3 0.48115788436132656 0.1266025641025641 0.9623157687226531 0.13141025641025642
12 0.5699183380213886 0.8533653846153846 0.236235733228591 0.1330128205128205
11 0.5710985948507431 0.6009615384615384 0.24045088181034904 0.14903846153846154
10 0.5755443103323032 0.37099358974358976 0.24614846578142685 0.10416666666666667
4 0.3395428809825495 0.8397435897435898 0.22546057819336737 0.15224358974358973
5 0.33691980770530366 0.6049679487179487 0.2337987597182098 0.15384615384615385
6 0.33434036815164 0.3557692307692308 0.23891511631442883 0.19230769230769232
7 0.12447015810991256 0.8637820512820513 0.21052360468298598 0.17307692307692307
8 0.11396920369807306 0.6161858974358975 0.21715633400908876 0.16185897435897437
9 0.10965764689236944 0.3886217948717949 0.21209330751947003 0.14102564102564102