0 0.189775 0.10930348258706467 0.237125 0.12212271973466
1 0.1875 0.36333333333333334 0.23712499999999997 0.1206135986733002
2 0.18257500000000002 0.6188723051409619 0.2409083333333333 0.088955223880597
3 0.5170416666666667 0.8751741293532339 0.9189416666666667 0.12814262023217243
12 0.41401666666666664 0.13266998341625208 0.21136666666666665 0.1356882255389718
11 0.4125 0.361077943615257 0.21287500000000004 0.12212271973466
10 0.41060833333333335 0.622636815920398 0.22120833333333337 0.11759535655058038
4 0.6189416666666667 0.13492537313432837 0.20757499999999993 0.11910447761194029
5 0.622725 0.361077943615257 0.20757499999999993 0.13116086235489216
6 0.627275 0.600033167495854 0.21515000000000006 0.20202321724709793
7 0.8333333333333334 0.11306799336650084 0.22120833333333328 0.1387064676616915
8 0.8359833333333333 0.33543946932006635 0.21590833333333326 0.15529021558872302
9 0.847725 0.5841956882255389 0.227275 0.14321724709784414