0 0.13830336646221172 0.31223588816931785 0.2580535441596666 0.17850244392155218
1 0.1397495277609139 0.6113389728335719 0.2603872282195528 0.18314825375901603
2 0.14119906367087537 0.9092873230867402 0.25455301806983727 0.17153372916535622
12 0.38831686490724876 0.31051242933389267 0.24641212075030963 0.16451127002291577
11 0.3927071281708827 0.5946375568954384 0.251052491980008 0.1645650144091601
10 0.39472321203951943 0.897211562841229 0.2544382812870226 0.1322727591884509
4 0.6389137843672573 0.30764095413566256 0.25561187253948436 0.1369051329293538
5 0.643904341702159 0.5848443932789761 0.2545597672923558 0.17384319798752712
6 0.6436778560149095 0.8608326355766793 0.25824252239018486 0.24316757094233754
7 0.8820342181929318 0.2827421904991617 0.23153339092934494 0.2336206654327485
8 0.8829307045892552 0.5714459474153659 0.2313984064789751 0.1874312889893305
9 0.8826097297867463 0.8797667532234617 0.2301910691139209 0.17125157113757297