4 0.13463463463463463 0.12212779625416008 0.25325325325325326 0.19968216114682805
12 0.3833833833833834 0.11854037514244196 0.2502502502502503 0.2120458001308656
4 0.6311311311311312 0.1199301694893118 0.24824824824824826 0.2120169275263447
7 0.8773773773773774 0.13622995575855495 0.24524524524524524 0.1772341645252706
1 0.13563563563563563 0.49432179667646536 0.25225225225225223 0.2095932831572228
2 0.13413413413413414 0.886403004479732 0.25425425425425424 0.2269918828088898
11 0.3838838838838839 0.4808160354032223 0.24624624624624625 0.22191361323447883
5 0.6306306306306306 0.4822202660523527 0.24924924924924924 0.2194755325630965
8 0.8778778778778779 0.49602422644117156 0.24424424424424424 0.15736861159769994
10 0.3818818818818819 0.8815893248811925 0.2502502502502503 0.22445274802168433
6 0.6286286286286287 0.8209588160762283 0.25125125125125125 0.2740949758872203
9 0.8763763763763763 0.8533659801501454 0.24724724724724725 0.19215137459877416