0 0.205 0.9061032863849765 0.21 0.14710485133020346
1 0.18041666666666667 0.5516431924882629 0.23416666666666666 0.14397496087636932
2 0.16791666666666666 0.323943661971831 0.23083333333333333 0.14241001564945227
3 0.5108333333333334 0.0782472613458529 0.9783333333333334 0.1564945226917058
11 0.39666666666666667 0.7245696400625978 0.2225 0.41001564945226915
12 0.40625 0.7386541471048513 0.19833333333333333 0.47730829420970267
10 0.39625 0.2605633802816901 0.22833333333333333 0.2644757433489828
4 0.6104166666666667 0.8826291079812206 0.21083333333333334 0.2347417840375587
5 0.6145833333333334 0.5258215962441315 0.225 0.28169014084507044
6 0.6220833333333333 0.24413145539906103 0.235 0.4726134585289515
7 0.8225 0.8615023474178404 0.21833333333333332 0.27699530516431925
8 0.83875 0.5367762128325508 0.23 0.21283255086071987
9 0.8533333333333334 0.33724569640062596 0.24 0.14553990610328638