0 0.8114967021607287 0.18631748764010342 0.23450119188079668 0.1141111634521461
1 0.8097882702599974 0.477926240192302 0.2320011918807965 0.11408296718488795
2 0.8061249821009249 0.7267475041734626 0.23700119188079669 0.11413935971940424
3 0.4612443183991355 0.8938143852260417 0.922488636798271 0.13482680305357075
12 0.5860606427280254 0.19532188661241912 0.2195545219873971 0.1317125835868841
11 0.5852703875120374 0.4586498349161348 0.22365331397293592 0.10914245297146367
10 0.5757616455408586 0.7115756624008117 0.22448664730626924 0.1091518517272165
4 0.3723736692176442 0.17673105195411548 0.2170593701789062 0.13329989620492472
5 0.3631943264659678 0.4587313399962958 0.21953512922136043 0.12525054804568872
6 0.3553764921190013 0.7035608255429727 0.22548966734242215 0.16570406146842978
7 0.15588880973256986 0.11859314525112419 0.235673898619769 0.22720618417881971
8 0.138354316785769 0.4079572108346769 0.24400238376159317 0.22568466285104838
9 0.12464981899886882 0.6706230854099108 0.24728238698832614 0.207951660135772