0 0.166015625 0.32729624838292365 0.2138671875 0.10025873221216042
1 0.16796875 0.4178525226390686 0.2216796875 0.12483829236739974
2 0.16796875 0.5401034928848641 0.2216796875 0.10284605433376455
12 0.37890625 0.34152652005174644 0.2109375 0.10025873221216042
11 0.380859375 0.4398447606727037 0.212890625 0.10025873221216042
10 0.380859375 0.5329883570504528 0.20703125 0.11190168175937905
4 0.17236328125 0.6500646830530401 0.21875 0.10025873221216042
1 0.1728515625 0.7509702457956016 0.2216796875 0.1332470892626132
4 0.5888671875 0.3382923673997413 0.208984375 0.09379042690815007
6 0.5927734375 0.5239327296248383 0.205078125 0.15135834411384216
5 0.59033203125 0.4476067270375162 0.2080078125 0.12095730918499353
7 0.80126953125 0.3027166882276843 0.2216796875 0.1888745148771022
8 0.802734375 0.4152652005174644 0.224609375 0.1591203104786546
9 0.81201171875 0.5058214747736093 0.2431640625 0.16170763260025872
8 0.173828125 0.8673997412677878 0.2177734375 0.09896507115135834