0 0.8530640668523677 0.895483870967742 0.24233983286908078 0.15225806451612903
1 0.8523676880222841 0.7380645161290322 0.24373259052924792 0.14193548387096774
2 0.8534122562674095 0.5703225806451613 0.24442896935933148 0.14193548387096774
12 0.6155988857938719 0.9051612903225806 0.233983286908078 0.13548387096774195
11 0.6138579387186629 0.7393548387096774 0.23885793871866295 0.13161290322580646
3 0.491991643454039 0.25806451612903225 0.9714484679665738 0.12903225806451613
10 0.6149025069637883 0.5787096774193549 0.2395543175487465 0.11483870967741935
4 0.3725626740947075 0.9167741935483871 0.24094707520891365 0.15870967741935485
5 0.37395543175487467 0.7509677419354839 0.24094707520891365 0.17290322580645162
7 0.1309192200557103 0.9103225806451613 0.24651810584958217 0.15096774193548387
8 0.13266016713091922 0.7483870967741936 0.23885793871866295 0.16516129032258065
6 0.37430362116991645 0.5883870967741935 0.24582172701949861 0.12129032258064516
9 0.13057103064066852 0.5851612903225807 0.24721448467966572 0.1638709677419355
4 0.8548050139275766 0.42 0.24582172701949861 0.1432258064516129
8 0.8537604456824512 0.10709677419354839 0.24512534818941503 0.12645161290322582