0 0.8032465453600943 0.9096916299559471 0.24048481915091297 0.14684287812041116
1 0.810306193342119 0.6644640234948604 0.24219027134965262 0.15859030837004406
2 0.8133324999239779 0.3788546255506608 0.2564732946125383 0.19383259911894274
3 0.485837903721724 0.12481644640234948 0.9380769347895864 0.17474302496328928
12 0.5833241164242404 0.8861967694566814 0.21386178620782859 0.16005873715124816
11 0.582396798962716 0.6622613803230544 0.22050906010845855 0.15418502202643172
10 0.5790906862889198 0.40161527165932454 0.22302360468298596 0.15859030837004406
4 0.3779680521514378 0.8678414096916299 0.19977269060530792 0.18355359765051396
5 0.3732592214451041 0.6534508076358296 0.20891026812291974 0.17474302496328928
6 0.3636449304731983 0.4104258443465492 0.2147193604987074 0.16740088105726872
7 0.17544865938540133 0.8737151248164464 0.20474360145625306 0.17474302496328928
8 0.16407558610815542 0.6585903083700441 0.21801390829996772 0.15565345080763582
9 0.15067978189144032 0.4251101321585903 0.21717087858361614 0.1527165932452276