0 0.15583333333333332 0.8781242905642997 0.23416666666666666 0.13012223885110874
1 0.15625 0.6003417596575913 0.24083333333333334 0.1367342366264153
2 0.1575 0.3233667159570742 0.24083333333333334 0.13836822355451978
12 0.37875 0.89273822933157 0.22083333333333333 0.11689824330049564
11 0.3883333333333333 0.6328249857975404 0.22833333333333333 0.10064393034019907
10 0.3954166666666667 0.34597947672336876 0.23333333333333334 0.10070096788736517
3 0.51625 0.07252704627236335 0.9675 0.1450540925447267
4 0.5991666666666666 0.8992107522319005 0.2225 0.17247281137177306
5 0.6120833333333333 0.6196516405291721 0.23 0.15785248533958107
6 0.6270833333333333 0.34660471089420936 0.2375 0.2853890220524874
7 0.8220833333333334 0.8860469132213931 0.235 0.21183109151419843
8 0.8433333333333334 0.6358045036459367 0.25 0.19402834794654686
9 0.8525 0.4085757518029292 0.245 0.15638961105297525