0 0.8145833333333333 0.11602209944751381 0.2175 0.17495395948434622
1 0.8229166666666666 0.3360957642725598 0.22666666666666666 0.20810313075506445
2 0.8341666666666666 0.576427255985267 0.23666666666666666 0.2430939226519337
3 0.5083333333333333 0.8130755064456722 0.9391666666666667 0.18968692449355432
12 0.6004166666666667 0.11602209944751381 0.20416666666666666 0.2154696132596685
11 0.6016666666666667 0.3360957642725598 0.2125 0.23388581952117865
10 0.60625 0.5847145488029466 0.2275 0.27624309392265195
4 0.39708333333333334 0.12062615101289134 0.20166666666666666 0.2283609576427256
5 0.39416666666666667 0.3434622467771639 0.21166666666666667 0.2504604051565378
6 0.385 0.5791896869244936 0.2225 0.26703499079189685
7 0.2025 0.10313075506445672 0.20666666666666667 0.20626151012891344
8 0.18916666666666668 0.3314917127071823 0.21 0.20810313075506445
9 0.17291666666666666 0.5460405156537753 0.21416666666666667 0.21731123388581952