0 0.8663905517481734 0.14035702751669435 0.24674520291751204 0.17322627767968865
1 0.8655117236710292 0.39203791925203124 0.24369469569412278 0.18679214278301554
2 0.866249726156308 0.671629755986725 0.24372701697085053 0.1990370407421992
12 0.6219263554123954 0.12973953009473746 0.24674879417048173 0.17458682189737573
11 0.622915539825467 0.38756661705379253 0.24622488279707716 0.2099530561425309
10 0.6236517466842607 0.6664781816796429 0.24744508568643298 0.2045267101012003
4 0.37876136953130707 0.14362765942056546 0.24377011200648707 0.2153635713544441
7 0.133017714632173 0.11598752844810258 0.24738762563891734 0.182758002618207
5 0.3794185688247669 0.3926072512573002 0.24686371426551285 0.21812423686336205
6 0.379962849429768 0.7157325452506261 0.24777548095964777 0.3296967781284112
8 0.13638804914995548 0.34051294373265945 0.24399995219654946 0.30243840128641686
9 0.1358483886983628 0.6037624190256908 0.24144103506983722 0.2683931341854049
3 0.5010530602404806 0.8730623217513632 0.982659000895376 0.22483832276085708