0 0.17416666666666666 0.8881469115191987 0.24583333333333332 0.11686143572621036
1 0.18041666666666667 0.6327212020033389 0.25416666666666665 0.18363939899833054
2 0.1825 0.3572621035058431 0.2525 0.21535893155258765
12 0.41083333333333333 0.8956594323873122 0.23333333333333334 0.13856427378964942
11 0.4141666666666667 0.6702838063439065 0.23666666666666666 0.1986644407345576
10 0.42083333333333334 0.3814691151919866 0.23666666666666666 0.24874791318864775
3 0.51875 0.14273789649415694 0.9375 0.2854757929883139
4 0.6395833333333333 0.9098497495826378 0.22916666666666666 0.14691151919866444
5 0.6433333333333333 0.6928213689482471 0.22583333333333333 0.14691151919866444
6 0.6433333333333333 0.42237061769616024 0.23 0.18030050083472454
7 0.8733333333333333 0.9156928213689483 0.24333333333333335 0.15191986644407346
8 0.8691666666666666 0.7036727879799666 0.23583333333333334 0.14691151919866444
9 0.8729166666666667 0.4607679465776294 0.23666666666666666 0.10684474123539232