0 0.8283333333333334 0.8383838383838383 0.22833333333333333 0.13131313131313133
1 0.83625 0.6111111111111112 0.24416666666666667 0.11515151515151516
2 0.8441666666666666 0.34444444444444444 0.245 0.13131313131313133
3 0.49375 0.12323232323232323 0.9625 0.1898989898989899
12 0.6116666666666667 0.8424242424242424 0.21916666666666668 0.16161616161616163
11 0.60625 0.6181818181818182 0.22583333333333333 0.14747474747474748
10 0.6079166666666667 0.36767676767676766 0.2325 0.1414141414141414
4 0.4066666666666667 0.8242424242424242 0.19416666666666665 0.19595959595959597
5 0.3975 0.5818181818181818 0.20666666666666667 0.2080808080808081
6 0.39125 0.3838383838383838 0.21416666666666667 0.17373737373737375
7 0.1875 0.8636363636363636 0.24166666666666667 0.1494949494949495
8 0.17541666666666667 0.6494949494949495 0.24166666666666667 0.1797979797979798
9 0.16041666666666668 0.42323232323232324 0.26 0.1696969696969697