0 0.16833333333333333 0.7826860131637531 0.24666666666666667 0.13941636895344192
1 0.17333333333333334 0.5279967333345056 0.24416666666666667 0.15320315049155434
12 0.4075 0.792478270772983 0.23 0.12367136619658656
11 0.40791666666666665 0.5437786315931996 0.225 0.1357008878220346
2 0.18208333333333335 0.20944938827926382 0.23416666666666666 0.11508602793934104
4 0.63375 0.8064325726618852 0.22166666666666668 0.15638608416185532
5 0.6379166666666667 0.5517332447673339 0.23 0.18412041628294235
7 0.8766666666666667 0.8560097738766007 0.24666666666666667 0.28798045224679863
6 0.6370833333333333 0.29524651276420616 0.22583333333333333 0.32569366473017075
10 0.41041666666666665 0.20874832673902508 0.2275 0.1322768005844401
8 0.8729166666666667 0.5977446921018579 0.2375 0.2567497089743044
9 0.8658333333333333 0.2522361401961703 0.23333333333333334 0.17207079852688684
3 0.5191666666666667 0.06325476333717647 0.9141666666666667 0.11983101779381349