0 0.14345114345114346 0.28435625408660115 0.26195426195426197 0.18614422451103033
1 0.14345114345114346 0.5888830030577946 0.2598752598752599 0.1737746038122197
2 0.14085239085239085 0.9037277449806904 0.25467775467775466 0.1922332681145763
12 0.3996881496881497 0.28757828073598285 0.2588357588357588 0.19228115148750594
11 0.3996881496881497 0.5705000914355713 0.25467775467775466 0.21692462613926766
10 0.3981288981288981 0.8873904756839591 0.26403326403326405 0.17588010035387386
4 0.6543659043659044 0.2939046834032996 0.25571725571725573 0.1613810414269445
5 0.6559251559251559 0.5798949575911259 0.2609147609147609 0.14497999029331232
7 0.8918918918918919 0.25618992185637923 0.2130977130977131 0.23084908459104084
8 0.8924116424116424 0.5514514261466972 0.2151767151767152 0.1917783760717445
6 0.6564449064449065 0.8854445277250652 0.2598752598752599 0.17994744331839255
9 0.8913721413721414 0.877595084232728 0.21725571725571727 0.1815142519145877