0 0.8152261981822183 0.8839986797850041 0.22286361436318466 0.14255746845349185
1 0.8299479827766804 0.6709612554028556 0.2395399774128695 0.14649854218946767
2 0.8455806717686217 0.428139506681435 0.25137633078235583 0.2118271262068856
12 0.5981380166573758 0.8830386338525016 0.21453028102985133 0.14244912897842738
11 0.6003307121027831 0.6810118846152985 0.22124542961160917 0.16115777448771526
10 0.6075961304208272 0.4511171781692791 0.23129391152670073 0.1799097557870291
4 0.38771650179920003 0.8821652595000505 0.20787331074620294 0.14608685218422324
5 0.3836834382021529 0.6707462686919309 0.2171563340090887 0.19089876303696166
6 0.3784343119456697 0.44627564521208596 0.2279945155339312 0.19290180174746893
7 0.17522619818221827 0.8756782081000624 0.21962724486003396 0.17975808052193892
8 0.16244071048941658 0.665076559539587 0.22956421837041527 0.1556795217840088
9 0.15047401155542084 0.460072337105389 0.23703028102985138 0.1427416455611012
3 0.5020830555302148 0.16668184613781392 0.9863181524842463 0.199036299192477