0 0.8158333333333333 0.8621158889869435 0.23166666666666666 0.16411426142907024
1 0.8241666666666667 0.6099607352833034 0.23333333333333334 0.12294726910554765
2 0.83625 0.3231660754278522 0.24666666666666667 0.1362801937793126
3 0.49125 0.12285072376679049 0.9625 0.12803886891540925
12 0.5970833333333333 0.8498048186827849 0.20583333333333334 0.1621696935145072
11 0.5979166666666667 0.6199764532300487 0.22083333333333333 0.1277458400327895
10 0.59875 0.35719915861751006 0.22916666666666666 0.10971977462605062
4 0.38958333333333334 0.8497202052114964 0.2125 0.1062331904477652
5 0.38 0.6191879235687058 0.21916666666666668 0.12113688507459854
6 0.3720833333333333 0.36145360624284745 0.2275 0.18383569610937534
7 0.17958333333333334 0.8751997655284005 0.21083333333333334 0.18199655838908022
8 0.16458333333333333 0.6389637209428934 0.22916666666666666 0.15584827544977384
9 0.14458333333333334 0.3756023171792409 0.23666666666666666 0.1641717688077617