0 0.14095127610208816 0.29628899232787276 0.25638051044083526 0.1692511325363075
1 0.14037122969837587 0.595371922847285 0.25754060324825984 0.17388350627721025
2 0.14037122969837587 0.8932934009073312 0.2529002320185615 0.1622824177801114
12 0.3909512761020882 0.2968577167522126 0.24477958236658934 0.15525995863767109
11 0.3938515081206497 0.5820435260489161 0.2494199535962877 0.15531370302391542
10 0.3938515081206497 0.884583941753304 0.2529002320185615 0.12302144780320634
4 0.6415313225058005 0.2974197231282718 0.25406032482598606 0.1276538215441091
5 0.6450116009280742 0.5745156734990966 0.2529002320185615 0.1669013554244532
6 0.6432714617169374 0.850517351893361 0.2552204176334107 0.23621229228270238
7 0.8845707656612529 0.2761291103213546 0.2296983758700696 0.22436935404750383
8 0.8845707656612529 0.5659674475038027 0.2308584686774942 0.1805028825228178
9 0.8839907192575406 0.8719787844897275 0.23201856148491878 0.1620405680420118