0 0.18916666666666668 0.8779940119760479 0.22083333333333333 0.1317365269461078
1 0.17916666666666667 0.6482035928143712 0.22333333333333333 0.15119760479041916
2 0.16916666666666666 0.3997005988023952 0.22916666666666666 0.1467065868263473
3 0.5104166666666666 0.1377245508982036 0.955 0.1781437125748503
12 0.40625 0.8764970059880239 0.215 0.11976047904191617
11 0.40125 0.6392215568862275 0.21916666666666668 0.1467065868263473
10 0.39791666666666664 0.39595808383233533 0.2275 0.1661676646706587
4 0.6179166666666667 0.8615269461077845 0.20666666666666667 0.15718562874251496
5 0.6208333333333333 0.6362275449101796 0.2175 0.14520958083832336
6 0.625 0.3847305389221557 0.22583333333333333 0.1691616766467066
7 0.8333333333333334 0.8577844311377245 0.22416666666666665 0.1347305389221557
8 0.84375 0.6279940119760479 0.22916666666666666 0.12874251497005987
9 0.85375 0.3929640718562874 0.23666666666666666 0.13922155688622753