0 0.10829103214890017 0.829266766700974 0.20642978003384094 0.18477407137744264
0 0.10871404399323181 0.5112571602138791 0.2038917089678511 0.1906107573081023
1 0.11548223350253807 0.1784850611170344 0.20050761421319796 0.18078048075380904
12 0.3134517766497462 0.8333551742760099 0.20812182741116753 0.20045241904793537
11 0.31387478849407785 0.5173025149513416 0.20642978003384094 0.21217133165141502
10 0.31725888324873097 0.17576969436573728 0.20812182741116753 0.18675378891094918
4 0.5215736040609137 0.8501238902574286 0.2089678510998308 0.2004638042334755
5 0.5211505922165821 0.5213624595625275 0.20812182741116753 0.2043663133727886
6 0.5266497461928934 0.1817581231754996 0.20473773265651438 0.1945360368184955
7 0.727580372250423 0.859093280552991 0.20727580372250423 0.21413966399938175
8 0.7254653130287648 0.5186129372546102 0.20642978003384094 0.2180421731386951
9 0.7309644670050761 0.18585791593607548 0.20558375634517767 0.21607384079072828