0 0.18673135997499613 0.8736173647252408 0.23214178943456137 0.16411426142907024
1 0.177656253340766 0.6214622110216006 0.2336872513134998 0.12294726910554783
2 0.16472933468484416 0.33466755116614944 0.24705937017890614 0.1362801937793126
3 0.5091281589377121 0.13435219950508773 0.9628442215971483 0.12803886891540928
12 0.405437726251414 0.8613062944210822 0.20630360790971888 0.16216969351450758
11 0.4039280702025571 0.631477928968346 0.22120179588802708 0.1277458400327893
10 0.4023214503235176 0.36870063435580724 0.22948179911476 0.10971977462605062
4 0.6129304539641502 0.8612216809497937 0.21280543606507515 0.10623319044776558
5 0.6218350404862055 0.6306893993070029 0.2195157364553241 0.12113688507459854
6 0.6289929651816935 0.37295508198114474 0.2280333010660043 0.18383569610937534
7 0.8229983286452781 0.8867012412666978 0.21136178620782858 0.18199655838908022
8 0.837302613163718 0.6504651966811907 0.2296175484770157 0.15584827544977384
9 0.8565269025222574 0.3871037929175381 0.2371417894345613 0.1641717688077617