0 0.860713223560008 0.8685267997028483 0.23531211772955607 0.1562666434782018
1 0.8604440046258908 0.6265556001495168 0.23585153224937905 0.17376500871611328
2 0.8616453109161983 0.3826238043965422 0.23488917343544102 0.17861278747255446
3 0.5088483924309305 0.14084742809249134 0.929602603434158 0.14875736650169877
12 0.6278115895216452 0.8683082426764399 0.2339324960959277 0.18540420082569148
11 0.6275565742735898 0.6214779566313688 0.23242788202495412 0.1717817970458735
10 0.6302284057883221 0.375585564678751 0.23192255635168002 0.16594523938813685
4 0.396357754810008 0.8739036278371715 0.23542858795526378 0.19611115271046614
5 0.3966620392422622 0.6027722554657536 0.23255571519951124 0.2155135754715295
6 0.3968470127115964 0.37245720962494794 0.23144847878774177 0.17079867201222723
7 0.16294227288673369 0.8824370803635434 0.23736466853198945 0.19030286439097496
8 0.1637035904596517 0.6219900444063033 0.2373589870575647 0.18835922979427913
9 0.16391981203832207 0.3809850082836706 0.23872156426791902 0.1533907686567018