0 0.164775 0.1437227414330218 0.24620833333333333 0.13169781931464172
1 0.16590833333333332 0.39861370716510897 0.24545833333333333 0.14018691588785043
2 0.16515000000000002 0.661993769470405 0.24848333333333328 0.11752336448598139
3 0.5193166666666668 0.9168847352024921 0.947725 0.12035825545171337
12 0.402275 0.14514018691588787 0.2454583333333333 0.13169781931464175
11 0.4034083333333333 0.4113551401869158 0.24620833333333328 0.12319314641744553
10 0.4053 0.6726168224299065 0.24090833333333325 0.12461059190031153
4 0.6405333333333333 0.150809968847352 0.23863333333333325 0.13451713395638631
5 0.6382583333333333 0.4255140186915888 0.24318333333333328 0.13735202492211834
8 0.8651500000000001 0.397196261682243 0.22272499999999998 0.13735202492211843
7 0.8761333333333332 0.14088785046728974 0.24166666666666667 0.14302180685358257
6 0.6367416666666667 0.6690809968847352 0.23863333333333325 0.1288629283489097
9 0.8643916666666667 0.6697819314641744 0.23181666666666662 0.13876947040498447