0 0.8644504200702334 0.932855543415096 0.2366661133844409 0.13428891316980796
1 0.8613872108482268 0.7662973112888871 0.23455122180281263 0.16284816305334054
2 0.8619113555730363 0.5834325534049369 0.23384766321517128 0.1696895084919556
12 0.6332867839616748 0.9295495170036988 0.2294365998476609 0.14090096599260232
11 0.6306175122205246 0.7726630937617784 0.2309069543034978 0.1559589998354574
4 0.39920562594431236 0.9235374697350582 0.2395773115651894 0.1478354573118015
5 0.39691342840920446 0.7673531620987194 0.2374202617965255 0.1532910004769622
10 0.6289550964457454 0.5856648379470984 0.233152536264937 0.17927057995796794
6 0.39488658588449366 0.579665989962251 0.2346819121826242 0.2053139164779981
7 0.16267466032631547 0.9413270096774216 0.23586137514791322 0.11734598064515685
8 0.16150314586257544 0.796269881703431 0.24040312889523494 0.18072013927044686
9 0.16030001275855846 0.6407824600187585 0.24489850863681714 0.228713162529167
3 0.5083064136476182 0.232295054496677 0.944746739163488 0.18709675649818466