0 0.1389181443988909 0.6927375913531144 0.2577590371549977 0.1575642214482673
1 0.14156391715355193 0.3859255849252072 0.2600710005243032 0.14822378973777994
12 0.3909853414625551 0.6827756655351732 0.2577046013205092 0.13882885845060922
11 0.395344673306262 0.3899947440142532 0.25308067458189837 0.1575097218715839
2 0.14712345979743346 0.08259239682393356 0.25537222451327063 0.14114352903697486
10 0.39856503466359383 0.08668880570132137 0.2542162428286179 0.14581374489221852
4 0.6453815130938024 0.6762993704909512 0.25421624282861777 0.14581374489221832
5 0.6460993856611191 0.4292267709593354 0.2592824607224477 0.2793577058272158
6 0.6516283081481009 0.13643222454424447 0.25805162976537316 0.25826679756067955
7 0.8844131010986667 0.725035327876571 0.22511256633296775 0.19231153003209253
8 0.8853351080453151 0.40770511710373736 0.22745174761951747 0.19233877982043407
9 0.8885622738819581 0.10205725841609821 0.22271214473261863 0.1712069968713853