0 0.8460957086188148 0.6744775174160861 0.2201753989795563 0.10006333122229259
1 0.8441485906437689 0.5642811906269791 0.2191988364795563 0.10006333122229259
2 0.8446514011303603 0.45218492716909436 0.21917042910743234 0.09373020899303357
4 0.8412422801425269 0.34135528815706145 0.21232312865858272 0.09119696010132995
3 0.5164588745383221 0.24952501583280556 0.8724055194910609 0.07473084230525649
8 0.8430739045434534 0.15072830905636478 0.21915338468415801 0.08993033565547814
12 0.6220229074014252 0.6637112096263458 0.2220660277608837 0.08613046231792273
11 0.6249273538170432 0.5604813172894236 0.2172684373772551 0.10512982900569981
10 0.6259383307141213 0.44395186827105765 0.2163032378261045 0.10766307789740343
4 0.3993922240363366 0.6580113996200126 0.22111787263300753 0.09246358454718176
5 0.39739397279146804 0.5592146928435718 0.22210579808185704 0.09499683343888538
6 0.399847067540847 0.44775174160861303 0.2241043748772551 0.10512982900569981
7 0.17283540551076138 0.6567447751741609 0.23376773333760947 0.08233058898036733
8 0.18104844945770704 0.5674477517416087 0.21233449160743234 0.09373020899303357
9 0.18253918539314792 0.45281823939202026 0.2142932980818571 0.09499683343888538