0 0.8536228102439717 0.8740853116748344 0.2664719965029034 0.17269820782648185
1 0.8557769795527348 0.5473272572448679 0.26527687638152736 0.1779738220333313
2 0.857885422266853 0.203373435619134 0.2653472249886729 0.20442884848835777
12 0.5911864051909296 0.8615521610636634 0.2604401170103059 0.17791225769670752
11 0.5933370570693354 0.5334713553109454 0.2640606516780075 0.17531292830367257
10 0.5954103254798808 0.17629002045769832 0.26280221781019997 0.15677901870099817
4 0.3305743371931675 0.8529641777945123 0.2652417020779543 0.1647463088058181
5 0.33218722532695905 0.5500233427161474 0.26553013136725206 0.2732119172714266
6 0.33413034881428477 0.1439002089211014 0.2667111817671991 0.2626452977735719
7 0.10141527482977285 0.8492670316283113 0.19876440016652008 0.1744818097592504
8 0.10168531076718211 0.49607703736955217 0.2011757449914161 0.17186708928205965
9 0.10322785029382789 0.16668117583616085 0.20228644678421734 0.1348454433291787