0 0.8461538461538461 0.08432835820895522 0.2467082467082467 0.16865671641791044
1 0.8482328482328483 0.27313432835820894 0.24878724878724878 0.18507462686567164
2 0.8516978516978517 0.4828358208955224 0.2494802494802495 0.1865671641791045
4 0.8523908523908524 0.7044776119402985 0.25294525294525294 0.208955223880597
4 0.3579348579348579 0.11865671641791045 0.25086625086625086 0.1761194029850746
12 0.6025641025641025 0.10298507462686567 0.24255024255024255 0.19552238805970149
11 0.6032571032571032 0.28432835820895525 0.2480942480942481 0.19701492537313434
10 0.606029106029106 0.49477611940298505 0.24324324324324326 0.17313432835820897
5 0.3586278586278586 0.3417910447761194 0.24878724878724878 0.32985074626865674
5 0.36209286209286207 0.5253731343283582 0.25086625086625086 0.18955223880597014
7 0.11746361746361747 0.11865671641791045 0.23492723492723494 0.1746268656716418
8 0.11884961884961885 0.3119402985074627 0.2376992376992377 0.16716417910447762
9 0.11954261954261955 0.5283582089552239 0.2390852390852391 0.18208955223880596
3 0.4934164934164934 0.914179104477612 0.975051975051975 0.16119402985074627