0 0.8441666666666666 0.8386075949367089 0.225 0.12974683544303797
1 0.845 0.5893987341772152 0.22833333333333333 0.12183544303797468
2 0.84375 0.33781645569620256 0.23666666666666666 0.14082278481012658
12 0.6229166666666667 0.8544303797468354 0.21916666666666668 0.12974683544303797
11 0.61625 0.6060126582278481 0.23 0.10443037974683544
10 0.6104166666666667 0.3560126582278481 0.23333333333333334 0.11708860759493671
4 0.39625 0.8338607594936709 0.23333333333333334 0.2088607594936709
5 0.3933333333333333 0.5973101265822784 0.23166666666666666 0.16455696202531644
6 0.3825 0.3275316455696203 0.23083333333333333 0.23417721518987342
7 0.1775 0.8583860759493671 0.24416666666666667 0.22151898734177214
8 0.1625 0.6234177215189873 0.23916666666666667 0.15348101265822786
9 0.15 0.3924050632911392 0.24416666666666667 0.1439873417721519
3 0.48541666666666666 0.09098101265822785 0.9683333333333334 0.17721518987341772