0 0.8345522995624493 0.7686472819216182 0.2380575420235499 0.14538558786346398
1 0.8288940567296815 0.5056890012642224 0.23735026166945394 0.17825537294563842
2 0.8272255215734973 0.2888748419721871 0.23065935404524168 0.17193426042983564
12 0.6016598738533283 0.7623261694058154 0.23060602393864124 0.15802781289506954
11 0.6042137595661656 0.5309734513274337 0.22554784564053154 0.14285714285714285
10 0.6068112790025852 0.28824273072060685 0.22482117252039907 0.1706700379266751
4 0.3691307847042735 0.7699115044247787 0.23724844964776223 0.15170670037926676
7 0.12744611428716263 0.7269279393173198 0.25489222857432525 0.5284450063211125
5 0.3780970848326667 0.49620733249051835 0.2343563017417597 0.2667509481668774
8 0.14134072662308114 0.5195954487989887 0.24576601425844247 0.1997471554993679
6 0.390258544836383 0.25853350189633373 0.22781624366056727 0.5170670037926675
3 0.5009397157434158 0.08091024020227561 0.8581205685131685 0.16182048040455121
9 0.16341491917963316 0.30467762326169406 0.23626482237764587 0.1125158027812895