0 0.8104166666666667 0.9008810572687225 0.23833333333333334 0.1395007342143906
1 0.8141666666666667 0.6549192364170338 0.24 0.1512481644640235
2 0.8133333333333334 0.36930983847283405 0.25416666666666665 0.18502202643171806
3 0.4825 0.12481644640234948 0.9366666666666666 0.14537444933920704
12 0.59 0.8832599118942731 0.2125 0.15418502202643172
11 0.58625 0.6593245227606461 0.21833333333333332 0.14684287812041116
10 0.5795833333333333 0.39941262848751835 0.22083333333333333 0.1527165932452276
4 0.38458333333333333 0.8715124816446402 0.1975 0.1776798825256975
5 0.3770833333333333 0.6571218795888399 0.20666666666666667 0.16886930983847284
6 0.3641666666666667 0.41483113069016153 0.2125 0.16152716593245228
7 0.18208333333333335 0.8839941262848752 0.2025 0.16886930983847284
8 0.16791666666666666 0.6688693098384728 0.21583333333333332 0.14977973568281938
9 0.15166666666666667 0.43612334801762115 0.215 0.14537444933920704