0 0.1854791480972121 0.14483627204030228 0.22001515611841554 0.18765743073047858
1 0.18553862194827392 0.38413098236775817 0.21372540118315936 0.1561712846347607
2 0.18332762665755026 0.6183879093198993 0.21320703189272674 0.17380352644836272
3 0.49685662756055327 0.8507556675062973 0.84642927453253 0.1889168765743073
12 0.4003182549249023 0.18702770780856423 0.2133285102804273 0.22040302267002518
11 0.396361726182161 0.40113350125944586 0.21094969554961163 0.17380352644836272
10 0.3938308070523707 0.6209068010075567 0.20983087697705685 0.17758186397984888
4 0.6102521764344426 0.18765743073047858 0.21217685971119676 0.21158690176322417
5 0.6078328860933502 0.45025188916876574 0.2077935150116697 0.2619647355163728
6 0.6058892834470118 0.6788413098236776 0.20951934926568178 0.27455919395465994
7 0.8238296455040381 0.17884130982367757 0.22077976538391678 0.26448362720403024
8 0.8193547474708642 0.4105793450881612 0.21846333144678529 0.24181360201511334
9 0.8157082929681867 0.6353904282115869 0.21905064793023715 0.2506297229219144