0 0.185 0.13014173362494857 0.25333333333333335 0.18392407093354235
1 0.18208333333333335 0.3841807759395934 0.25833333333333336 0.143915909040699
2 0.17166666666666666 0.6415088574662551 0.2625 0.14556509036931248
3 0.5154166666666666 0.8684321670864168 0.9633333333333334 0.17423944112414164
12 0.43083333333333335 0.13941054805726938 0.23666666666666666 0.1436734994652425
11 0.42791666666666667 0.3918470262693501 0.24166666666666667 0.1597550811621427
10 0.4225 0.6210742953298808 0.24666666666666667 0.11493922696160716
4 0.6608333333333334 0.15847189256396219 0.22666666666666666 0.16118982325092923
5 0.6625 0.39242760464790144 0.235 0.16448818590815606
6 0.6633333333333333 0.6424182812026916 0.24 0.20300566504095358
7 0.87625 0.1392348589002892 0.21166666666666667 0.18345789867304915
8 0.885 0.3867331165717394 0.21833333333333332 0.17071197341421523
9 0.8879166666666667 0.6142645870776076 0.2125 0.1514159400669771