0 0.139140625 0.19016233766233767 0.26042187499999997 0.17935064935064934
1 0.13765624999999998 0.5063311688311688 0.26190625 0.18399350649350654
2 0.13728124999999997 0.8263636363636364 0.259671875 0.17470779220779223
12 0.39434375 0.21412337662337663 0.2574375 0.15925324675324673
11 0.39396875 0.521038961038961 0.25967187500000005 0.15461038961038961
10 0.39359375 0.820974025974026 0.255953125 0.15769480519480528
10 0.39434375 0.827922077922078 0.2589218750000001 0.18399350649350646
4 0.6491875 0.24042207792207793 0.26115625 0.22418831168831163
5 0.651046875 0.5488636363636364 0.2589218750000001 0.18551948051948047
6 0.6484375 0.8650324675324675 0.2596718750000001 0.16850649350649344
7 0.889875 0.20948051948051946 0.22023437500000007 0.14379870129870126
8 0.8875 0.5308441558441559 0.225 0.1461038961038961
9 0.88671875 0.8603896103896104 0.2265625 0.15584415584415584