0 0.20404331558630232 0.11320376487893707 0.20368240312199068 0.13422221293212633
1 0.19634024714915582 0.35075736945277697 0.21532967702262085 0.12705850108085284
2 0.185509893517814 0.6659649569896082 0.22537331074620298 0.14363951380065454
3 0.5103044009849128 0.90684820341824 0.9011920995050089 0.1467807569024548
12 0.3990772529268662 0.1284896372295103 0.1920787629449427 0.15783930686749495
11 0.40009267124491044 0.354271920437747 0.19701088826381483 0.13230897227675587
10 0.4016895947409316 0.6422167427957195 0.2128393734056391 0.13068290055172524
4 0.5874711886540637 0.15374526709655947 0.19132784886726445 0.1889072815844767
5 0.5964856928944297 0.41070720182802123 0.19730662794587184 0.24382633973562243
6 0.607634436478975 0.6868913387066993 0.20727753879681698 0.23298504898193234
7 0.7773475597705809 0.10955233327004726 0.19199149549777833 0.1249325426993048
8 0.791725400571013 0.3464737120486227 0.19865331397293592 0.12318947622487636
9 0.8203911128258403 0.6292797400169353 0.21617270673897224 0.1307254440969605