0 0.18302312464749013 0.16875 0.21489001692047377 0.15
1 0.18274111675126903 0.40625 0.21432600112803157 0.16875
2 0.18104906937394247 0.635 0.21545403271291597 0.16125
12 0.3948110547095319 0.180625 0.20755781161872533 0.18875
11 0.3965031020868584 0.405 0.20642978003384094 0.1775
10 0.392272983643542 0.638125 0.2092498589960519 0.17
4 0.6057529610829103 0.18875 0.2098138747884941 0.2025
5 0.6049069373942471 0.46125 0.21150592216582065 0.29
6 0.6040609137055838 0.68625 0.2098138747884941 0.3375
7 0.8181049069373942 0.17 0.2137619853355894 0.30625
8 0.8178228990411731 0.3725 0.21432600112803157 0.27375
9 0.8181049069373942 0.615625 0.21489001692047377 0.2375
9 0.49802594472645234 0.86125 0.8522278623801467 0.185