0 0.12993240312199064 0.1130298273155416 0.2597678424137987 0.1946624803767661
1 0.133288108923352 0.3901098901098901 0.26063511308769594 0.20565149136577707
2 0.14459926692345307 0.6797488226059655 0.2613375452502828 0.16326530612244897
12 0.3857924015086242 0.12166405023547881 0.25314480947071416 0.2087912087912088
11 0.38904387119253925 0.3649921507064364 0.25392966088895624 0.19309262166405022
10 0.39873442034531037 0.6695447409733124 0.24802845287449515 0.17111459968602827
4 0.6328878553207303 0.12558869701726844 0.24320298776882376 0.22762951334379905
5 0.6373820527173818 0.3665620094191523 0.23984056528643577 0.21821036106750394
6 0.6398777601321096 0.6350078492935636 0.24322722872636934 0.23547880690737832
7 0.8744890714020238 0.1043956043956044 0.24564480947071426 0.2087912087912088
8 0.876813463361377 0.33202511773940346 0.24637307327724595 0.20408163265306123
9 0.87694897298667 0.631083202511774 0.23813026489618702 0.20408163265306123
3 0.509201437416586 0.9160125588697017 0.981597125166828 0.16797488226059654