0 0.1932802810298514 0.1122754491017964 0.2221175484770157 0.13922155688622753
1 0.18194114509316942 0.34206586826347307 0.22551390829996773 0.15868263473053892
2 0.17024352078793034 0.5898203592814372 0.23133269705877363 0.15419161676646706
3 0.5094592249759252 0.8622754491017964 0.9573405652864357 0.20808383233532934
12 0.4099760368455728 0.12125748502994012 0.21707391475343352 0.12574850299401197
11 0.4036587177706819 0.35778443113772457 0.2204993637254403 0.15419161676646706
10 0.39861321555758217 0.6010479041916168 0.22972905688172565 0.17365269461077845
4 0.6217105781933674 0.14221556886227546 0.20886663439933764 0.16467065868263472
5 0.6232735643488246 0.36751497005988026 0.21966118220059797 0.15269461077844312
6 0.625754727189025 0.6190119760479041 0.22806723840656826 0.1751497005988024
7 0.8371611822005978 0.15269461077844312 0.22629391152670073 0.14221556886227546
8 0.8462411370263372 0.38323353293413176 0.2304411854273307 0.13622754491017963
9 0.8545023030932705 0.6182634730538922 0.23797512276789462 0.1467065868263473