4 0.14501953125 0.197845249755142 0.24267578125 0.15768854064642507
1 0.1474609375 0.42801175318315376 0.2509765625 0.15181194906953965
2 0.1474609375 0.6640548481880509 0.24365234375 0.14005876591576885
12 0.38232421875 0.21841332027424093 0.2294921875 0.20861900097943192
11 0.38427734375 0.43290891283055827 0.2255859375 0.14691478942213515
10 0.38623046875 0.6679725759059746 0.23974609375 0.15768854064642507
4 0.6279296875 0.20568070519098922 0.2529296875 0.1860920666013712
5 0.626953125 0.42605288932419194 0.24365234375 0.14495592556317335
6 0.62744140625 0.6709108716944172 0.24609375 0.16748285994123407
3 0.51220703125 0.8922624877571009 0.97216796875 0.15670910871694418
7 0.87646484375 0.15572967678746327 0.24462890625 0.26346718903036237
8 0.875 0.41136141038197843 0.25 0.20861900097943192
9 0.87451171875 0.6562193927522038 0.25048828125 0.1939275220372184