0 0.18901666666666667 0.12179640718562874 0.2204583333333334 0.1320059880239521
1 0.17916666666666667 0.35179640718562877 0.2234833333333334 0.15106287425149695
2 0.16931666666666667 0.6001646706586826 0.22954166666666662 0.14697604790419155
3 0.510225 0.8621407185628742 0.9552999999999997 0.17827844311377233
12 0.4060583333333333 0.12384730538922156 0.21515000000000006 0.11976047904191617
11 0.40113333333333334 0.3606437125748503 0.21894166666666667 0.14697604790419164
10 0.397725 0.604251497005988 0.227275 0.16603293413173648
4 0.6178 0.1388173652694611 0.20681666666666673 0.15785928143712577
5 0.6208333333333333 0.3640419161676647 0.21742500000000006 0.1456137724550898
6 0.625 0.6151347305389222 0.2257583333333334 0.16875748502994015
7 0.8333333333333334 0.14221556886227546 0.2242416666666667 0.1347305389221557
8 0.8439416666666667 0.3722155688622754 0.22879166666666673 0.12928143712574852
9 0.8537916666666666 0.6069610778443114 0.23636666666666656 0.13881736526946112