0 0.19291666666666665 0.11025924011790994 0.22166666666666668 0.1415382376193325
1 0.18083333333333335 0.34017594450751903 0.225 0.16103415276790106
2 0.16833333333333333 0.5880610754164477 0.23083333333333333 0.1566041000862794
3 0.5066666666666667 0.8569801788546993 0.9566666666666667 0.21808213865715087
12 0.40958333333333335 0.11697685126933449 0.21666666666666667 0.12801292777073114
11 0.4025 0.3535778266486655 0.22 0.15649087884744342
10 0.39666666666666667 0.5969022649850079 0.22916666666666666 0.17604775927846217
4 0.62125 0.13572276628133653 0.20833333333333334 0.16684799019871083
5 0.6220833333333333 0.361013458152877 0.21916666666666668 0.1549851635333551
6 0.62375 0.6124930454887724 0.2275 0.1775273466143575
7 0.8366666666666667 0.1439504474098815 0.22583333333333333 0.14457579622570194
8 0.845 0.37440227630492706 0.23 0.13863131890392758
9 0.8525 0.6093538324901089 0.2375 0.14918874475467417