0 0.1715916666666667 0.16161616161616163 0.2280333333333333 0.13222222222222219
1 0.16363333333333335 0.38842424242424245 0.2439416666666667 0.11569696969696966
2 0.15568333333333334 0.6556565656565657 0.2447 0.13222222222222232
3 0.5064416666666667 0.8769494949494949 0.9628749999999998 0.18917171717171716
12 0.3882583333333334 0.15793939393939396 0.21894166666666673 0.16161616161616163
11 0.3939416666666667 0.382 0.2257583333333334 0.14692929292929297
10 0.3920416666666667 0.6326868686868687 0.23257500000000003 0.1414141414141414
4 0.5931833333333334 0.17539393939393938 0.19394166666666668 0.19650505050505046
5 0.6026499999999999 0.4178181818181818 0.20681666666666673 0.20753535353535357
6 0.6087083333333334 0.6161616161616161 0.21439166666666665 0.1744646464646465
7 0.8125 0.13682828282828283 0.24166666666666667 0.1487676767676768
8 0.8246249999999999 0.35078787878787876 0.24166666666666667 0.17997979797979805
9 0.839775 0.5766666666666667 0.25985 0.16896969696969694