0 0.14189189189189189 0.29835390946502055 0.26403326403326405 0.1934156378600823
1 0.14397089397089397 0.602880658436214 0.2609147609147609 0.17901234567901234
2 0.14397089397089397 0.9094650205761317 0.25675675675675674 0.18106995884773663
12 0.3976091476091476 0.2952674897119342 0.2598752598752599 0.19753086419753085
11 0.4007276507276507 0.5781893004115226 0.25675675675675674 0.2242798353909465
10 0.4017671517671518 0.8950617283950617 0.26507276507276506 0.1831275720164609
4 0.6522869022869023 0.2962962962962963 0.25675675675675674 0.16666666666666666
5 0.656964656964657 0.5823045267489712 0.26195426195426197 0.15020576131687244
7 0.8898128898128899 0.25308641975308643 0.2151767151767152 0.2345679012345679
8 0.8918918918918919 0.5473251028806584 0.21621621621621623 0.19753086419753085
6 0.6595634095634095 0.8878600823045267 0.2609147609147609 0.18724279835390947
9 0.8924116424116424 0.8734567901234568 0.2151767151767152 0.18724279835390947