0 0.1702884673947932 0.11074240379823885 0.23285876617167559 0.1379984936446287
1 0.174724486493335 0.3690018567802631 0.23284422159714818 0.13252404108988416
2 0.17339989513118043 0.6545592571917095 0.2311727067389724 0.1306779906161216
12 0.40070513406145986 0.11367785989810957 0.22540239989525768 0.15432630300904734
11 0.4017714583903499 0.3582087155822437 0.2261242248238811 0.11236611656709657
10 0.4017259561772501 0.6547309458198148 0.229515736455324 0.1343063926971035
4 0.6273402874833172 0.10470422797945968 0.23037331074620282 0.1434410967661016
5 0.6276920591708476 0.39393249638291683 0.2354799709594037 0.18365078103410482
6 0.6284798902910811 0.6904653430982453 0.22811087213015033 0.23282530572699056
7 0.8627351372881927 0.0994917041137569 0.23630360790971888 0.18001176247536563
8 0.8613838808727379 0.37501260817483834 0.23458361113645196 0.15991753681912121
9 0.8600326244572831 0.6505335122359197 0.2395593701789062 0.1508571480944236
3 0.5179013648150955 0.9378556520048668 0.9194866473062693 0.12428869599026642