0 0.2127327131924382 0.07743904006540471 0.21045573000185816 0.14939920674860838
1 0.1829926470444136 0.4299973190904355 0.23461270028550657 0.14653334925959066
2 0.16702654405081613 0.6559498126800769 0.23127451876066413 0.14493198569269894
3 0.5066031607031227 0.9210431027206378 0.9813230006757554 0.15791379455872423
11 0.40166479817714906 0.27276741179823083 0.2237702261753919 0.41244657364557913
12 0.411626012645076 0.2603571050028184 0.1998120317436178 0.47947518543819617
10 0.39435228695960595 0.736678073436705 0.22915267769837613 0.26697039963724856
4 0.6182972497001333 0.1295992500857956 0.21157025844272104 0.24017513449479141
5 0.6164932429848119 0.48872231361578256 0.22587267447164322 0.28414837879336136
6 0.6198659174564551 0.7664246462336254 0.23646415383575725 0.46715070753274923
7 0.8296417894345612 0.16242369430657366 0.21922540057101325 0.2903353230210803
8 0.8406720301302514 0.49508381004637253 0.23065935404524168 0.2153454163189728
9 0.8521259319767532 0.6955151586966737 0.24045088181034885 0.14816202658146327