0 0.14125 0.18377900646878026 0.2708333333333333 0.35497008518467366
1 0.17208333333333334 0.46916103092829015 0.23166666666666666 0.11934167708324865
12 0.3858333333333333 0.13970974330603164 0.24166666666666667 0.24250338106725397
4 0.6270833333333333 0.12130516656190639 0.23833333333333334 0.18639236655129784
7 0.8708333333333333 0.11461001892904726 0.25083333333333335 0.11955010400794014
11 0.3958333333333333 0.4638060267292894 0.23083333333333333 0.30469087049475796
2 0.175 0.7807192278197829 0.23666666666666666 0.2829474511936312
10 0.4041666666666667 0.7738654944833542 0.225 0.16599815272423368
5 0.6266666666666667 0.4476246230807452 0.23166666666666666 0.1816469730334044
6 0.6291666666666667 0.7763122453384288 0.22916666666666666 0.14579424174145283
8 0.86375 0.4377417143287464 0.24583333333333332 0.12261099656422408
9 0.8625 0.781964881393051 0.2375 0.1661340833272932
3 0.5225 0.9528275073255535 0.9216666666666666 0.09434498534889296