0 0.205 0.09389671361502347 0.21 0.14710485133020346
1 0.18041666666666667 0.44835680751173707 0.23416666666666666 0.14397496087636932
2 0.16791666666666666 0.676056338028169 0.23083333333333333 0.14241001564945227
3 0.5108333333333334 0.9209702660406885 0.9783333333333334 0.15805946791862285
11 0.39666666666666667 0.27543035993740217 0.2225 0.41001564945226915
12 0.40625 0.26134585289514867 0.19833333333333333 0.47730829420970267
10 0.39625 0.7394366197183099 0.22833333333333333 0.2644757433489828
4 0.6104166666666667 0.11737089201877934 0.21083333333333334 0.2347417840375587
5 0.6145833333333334 0.47417840375586856 0.225 0.28169014084507044
6 0.6220833333333333 0.755868544600939 0.235 0.4726134585289515
7 0.8225 0.13771517996870108 0.21833333333333332 0.27543035993740217
8 0.83875 0.46322378716744916 0.23 0.21283255086071987
9 0.8533333333333334 0.662754303599374 0.24 0.14553990610328638