0 0.18166666666666667 0.1405956940724547 0.25166666666666665 0.17429003942773802
1 0.18125 0.3946067660514699 0.2575 0.13589376508266854
2 0.17291666666666666 0.651911538965107 0.26166666666666666 0.13754294641128204
3 0.51875 0.8675935912542954 0.9625 0.14217883562764982
12 0.4275 0.14185168799195497 0.23583333333333334 0.13565135550721216
11 0.4270833333333333 0.3942601958684061 0.24 0.15172361375890248
10 0.42333333333333334 0.6242701000897992 0.24583333333333332 0.10691708300357651
4 0.6579166666666667 0.15289555026322235 0.225 0.15476091995025315
5 0.66125 0.3876338975080239 0.23333333333333334 0.15645671850491594
6 0.6645833333333333 0.6367953216759025 0.23833333333333334 0.19497419763771354
7 0.8729166666666667 0.12645163986061583 0.21 0.17542643126980886
8 0.8841666666666667 0.37392192719643647 0.21666666666666667 0.1642830701135391
9 0.8891666666666667 0.6014300890892799 0.21166666666666667 0.14339379610894662