0 0.14794921875 0.32349102555797693 0.236328125 0.0694158215097992
1 0.14892578125 0.4322215158611513 0.232421875 0.0826607376675188
2 0.15087890625 0.5498089187178161 0.23046875 0.08138180510162511
12 0.37109375 0.3283322064831391 0.22509765625 0.0895587986996526
11 0.3720703125 0.4376948080378938 0.22265625 0.07310551858014899
10 0.37060546875 0.5552564682847756 0.22607421875 0.08514137496995715
4 0.59521484375 0.32369907366596373 0.21875 0.09519999225999234
7 0.82177734375 0.32603755219458774 0.232421875 0.08834973893174129
5 0.59375 0.4374680664033639 0.22509765625 0.0863982424417512
8 0.82373046875 0.4335111750259682 0.23046875 0.08833502886900817
6 0.5947265625 0.5537838917255016 0.2236328125 0.08259454238521965
9 0.8251953125 0.5529912341216907 0.23681640625 0.09660028284343442
3 0.48779296875 0.7799064551081822 0.90625 0.10669904685785922