0 0.16740573806869047 0.12347896875382582 0.23371149227104543 0.14530838019537862
1 0.1739250905005656 0.3817649629302431 0.23370179588802717 0.14165874515888235
2 0.17468383247174438 0.6673489045360826 0.23203028102985138 0.13981269468511978
12 0.3973814971111448 0.11728502902357706 0.22625512599462752 0.16163618955979725
11 0.40053115477336815 0.3618424259021042 0.22698179911476019 0.12150082063609466
10 0.40298565256026836 0.658396505572947 0.23037331074620293 0.1434410967661015
4 0.6244115003378777 0.10010502651168895 0.23206421837041527 0.1525864173128569
5 0.6264275145963202 0.3884421191115364 0.23717087858361613 0.1927961015808601
6 0.6297177698123083 0.6859192240192608 0.22980177975436258 0.24197062627374585
7 0.8593896834760866 0.09488719440710758 0.23711270028550643 0.17089829136188195
8 0.8600975194364195 0.3613105520713411 0.2354411854273307 0.1690522408881194
9 0.8612462630209646 0.6368633055656943 0.24125027780311864 0.16000246864117912
3 0.521631972049059 0.9282965929895783 0.9203830071292212 0.14340681402084343