0 0.14794921875 0.3223767383059418 0.236328125 0.06763590391908976
1 0.14892578125 0.4310998735777497 0.232421875 0.08091024020227561
2 0.15087890625 0.5486725663716814 0.23046875 0.07964601769911504
12 0.37109375 0.3255372945638432 0.22509765625 0.08786346396965866
11 0.3720703125 0.43489254108723135 0.22265625 0.07142857142857142
10 0.37060546875 0.5524652338811631 0.22607421875 0.08343868520859671
4 0.59521484375 0.3192161820480405 0.21875 0.09355246523388117
7 0.82177734375 0.3198482932996207 0.232421875 0.0865992414664981
5 0.59375 0.4329962073324905 0.22509765625 0.08470290771175727
8 0.82373046875 0.427307206068268 0.23046875 0.0865992414664981
6 0.5947265625 0.5493046776232617 0.2236328125 0.08091024020227561
9 0.8251953125 0.5467762326169405 0.23681640625 0.09481668773704172
3 0.48779296875 0.7762326169405815 0.90625 0.09987357774968394