0 0.17083333333333334 0.12154815507304534 0.245 0.11136968608417505
1 0.17916666666666667 0.37687673888254525 0.2525 0.17823506249201915
2 0.18375 0.6522824182415432 0.25083333333333335 0.20993516990500427
12 0.40708333333333335 0.10293487502061488 0.2325 0.13292683558807436
11 0.41291666666666665 0.3274077885286672 0.235 0.19472558932669357
10 0.4220833333333333 0.6169503659444927 0.235 0.2448090617807837
3 0.5225 0.8586848425851935 0.935 0.28134825550566267
4 0.6358333333333334 0.07773121177669629 0.22833333333333333 0.1428949672257125
5 0.6416666666666667 0.29469160441663506 0.22416666666666665 0.1428464043725325
6 0.64375 0.5651180742421319 0.22916666666666666 0.17462421235060555
7 0.8695833333333334 0.0665906417610702 0.2425 0.1331812835221404
8 0.8675 0.2728608333335484 0.235 0.1413032187089973
9 0.8729166666666667 0.5157025430267517 0.23583333333333334 0.10124615331636116