4 0.1349258173078556 0.1260111615622171 0.2537133218769424 0.19968216114682805
12 0.3836745660566044 0.1295985826739352 0.2507394371412615 0.2120458001308656
4 0.6314339611112809 0.13813434663972046 0.2487374351392596 0.2120169275263447
7 0.8774501730456825 0.16153679362109766 0.24509965390863492 0.17723416452527066
1 0.1368003663285196 0.4982340345890433 0.25273561548979906 0.2095932831572228
2 0.13621900207439644 0.8883879960405419 0.25477838306605205 0.22322400791891633
11 0.3850253199629102 0.49188867923697616 0.24675872775111515 0.22191361323447883
5 0.6317837140165857 0.500410006900501 0.2497559071006539 0.2194755325630965
8 0.8783845357292824 0.5213455006059748 0.24323092854143516 0.15736861159769994
10 0.38396383799541195 0.8901889247475311 0.2507685554085836 0.21962215050493786
6 0.6305766407124771 0.839090811715335 0.25188602947887295 0.2740949758872203
9 0.8772819544900937 0.8786439454081673 0.24543609101981262 0.19215137459877416