0 0.1313539583143278 0.10125588697017268 0.2614054199314106 0.18524332810047095
1 0.13174825251296646 0.3783359497645212 0.25893935727197454 0.19623233908948196
2 0.13877042784619875 0.6679748822605965 0.2596417894345614 0.15384615384615385
12 0.38880305230348194 0.11773940345368916 0.2514539018465019 0.20094191522762953
11 0.3884682492862335 0.36106750392464676 0.252238753264744 0.18524332810047095
10 0.3929419427043746 0.6664050235478807 0.2463375452502828 0.16326530612244897
4 0.6354333575338302 0.12951334379905807 0.24067874681127818 0.21978021978021978
5 0.6363534027080908 0.37127158555729983 0.2381545058537324 0.2119309262166405
6 0.6346910286266965 0.6397174254317112 0.24070298776882376 0.22762951334379905
7 0.8779963840234488 0.10910518053375197 0.24400723195310245 0.21821036106750394
8 0.8764358219637461 0.3445839874411303 0.24560602393864125 0.19623233908948196
9 0.871762241481257 0.6436420722135008 0.2364393572719746 0.19623233908948196
3 0.5033944152011227 0.9246467817896389 0.9879654263848763 0.15070643642072212