0 0.17041666666666666 0.09049727246709233 0.2375 0.15809966018059451
12 0.4 0.10776447637520772 0.23333333333333334 0.17516172993323093
4 0.6266666666666667 0.12888803735278137 0.225 0.16107436088484905
7 0.8604166666666667 0.11587388690483888 0.24583333333333332 0.18307349890238228
1 0.16291666666666665 0.3361390135739374 0.23666666666666666 0.1643114520471405
11 0.395 0.35887659615924233 0.23416666666666666 0.15961867834662274
10 0.3854166666666667 0.6363775214425612 0.245 0.19706134053564675
2 0.15375 0.6237533275274048 0.24583333333333332 0.14574846002213335
3 0.5045833333333334 0.8701752658639712 0.9633333333333334 0.22663361004893373
5 0.6195833333333334 0.3854207721064468 0.225 0.17662646041828603
6 0.6208333333333333 0.6739257903719468 0.23083333333333333 0.15647206665261995
8 0.855 0.37709034741219316 0.24916666666666668 0.23754203905672733
9 0.855 0.6523625091540283 0.245 0.23283116946255186