4 0.13196066805237133 0.1401985111662531 0.25473761749180107 0.20595533498759305
12 0.3806832103605302 0.12903225806451613 0.25176955640958465 0.22084367245657568
4 0.6284163989746169 0.1228287841191067 0.24976173075411826 0.21836228287841192
7 0.8751864403352213 0.1327543424317618 0.24667719660261334 0.18362282878411912
1 0.1368382200760383 0.5124069478908189 0.2547609121056588 0.21588089330024815
2 0.13923365238432825 0.8933002481389578 0.25675709045419637 0.21339950372208435
11 0.38503696726983905 0.4913151364764268 0.24778302336597394 0.228287841191067
5 0.6317691548829246 0.4851116625310174 0.25078020271551255 0.22580645161290322
8 0.877857828788192 0.4913151364764268 0.24428434242361607 0.16377171215880892
10 0.38646634049791445 0.8870967741935484 0.25278220471751445 0.22580645161290322
6 0.6330645840813184 0.8238213399503722 0.2539113260947326 0.2803970223325062
9 0.8782567490505048 0.8498759305210918 0.24348650189899054 0.20099255583126552