0 0.1295852334603543 0.15587416906545523 0.2591704669207086 0.15920596524955452
1 0.12835628327568313 0.49654227443865706 0.25671256655136626 0.17274556582646663
2 0.1282719370137731 0.8338402707603704 0.2565438740275462 0.13884726074172088
12 0.38551025312325793 0.16419323377391853 0.25354315651766246 0.15912707942160942
11 0.38228473829253506 0.492977210910473 0.25978406615858274 0.15581613474108003
10 0.3844734313073344 0.8421691961973269 0.258194295081344 0.14562692175867004
4 0.6448579820460191 0.1776364871590663 0.2613738372358217 0.16600534772349
5 0.6400745123948359 0.5047058275843972 0.2633363130353249 0.31517761155335766
6 0.6392472897185908 0.8131804038555837 0.26325449980360816 0.2846691369770863
7 0.8848062711754346 0.14168067995900407 0.23029655405833438 0.2300176982447811
8 0.8846557593697739 0.4891481678061413 0.2287795058537327 0.24694712933016771
9 0.881380247564113 0.836576212739306 0.23345791549465283 0.24361646319265196