0 0.20734755977058092 0.09699135153926434 0.20453512922136052 0.14154546307803303
1 0.1975587339043465 0.33387018677260427 0.21618725131349975 0.13620990479165895
2 0.18422838027300467 0.6494074867850105 0.22623088503708194 0.15279091751146054
3 0.5069710676515796 0.8939256015529552 0.9021127002855066 0.17969815695695368
12 0.40198422321051464 0.11461756130003571 0.19293148904431254 0.1651625570134016
11 0.4013329748618922 0.34041048039458127 0.19869694769651802 0.1396428583089714
10 0.4004298983579133 0.6283659386388626 0.21369209950500892 0.1380061506976318
4 0.5903975517037486 0.1423783848150706 0.19301390829996762 0.19624116761669227
5 0.5973287226107813 0.39915419153612697 0.19982602071190816 0.2511708616541469
6 0.6059774661953266 0.6751043389160098 0.20896844642102924 0.24214708857904713
7 0.7802933155863023 0.1006481010913086 0.19284422159714837 0.1322557928452115
8 0.7930044897200679 0.33723976739430883 0.19951088826381502 0.13234087993568258
9 0.8191750501664042 0.6211932522037528 0.21703028102985134 0.13987684780776674