0 0.1460520842330554 0.1314842552704236 0.2652346672172398 0.1621008061603154
1 0.14692088953130567 0.45820383199000037 0.26403954709586364 0.16737642036716463
2 0.1466262315813954 0.8021037848211882 0.26410989570300936 0.1938314468221914
12 0.4084568324128818 0.1387923745005223 0.25920278772464245 0.16731485603054086
11 0.40872456022008674 0.4668270070007724 0.26161413254953847 0.16470013555335009
10 0.40967426641655463 0.8239698641436294 0.26157192338525104 0.1488271196803342
4 0.669044278398143 0.14475465578163574 0.26400437279229066 0.1541489071396515
5 0.6698497699499621 0.4476647086916886 0.263083612238783 0.26259912452110407
6 0.6709296210696496 0.8537493647763447 0.26426466263873005 0.2520325050232493
7 0.8997040742239468 0.14372609888717136 0.20059185155210627 0.16657608399105445
8 0.9001771686070021 0.49822345338452584 0.19964566278599566 0.16393058134555188
9 0.9006414694141643 0.8289112840723565 0.19871706117167134 0.126893544308515