0 0.15916666666666668 0.15207469223717163 0.22416666666666665 0.12431170287839709
1 0.15625 0.4012513340024591 0.2275 0.11643713218099813
2 0.155 0.6528198043430976 0.23583333333333334 0.1370988067033233
12 0.3804166666666667 0.1458162014378182 0.21833333333333332 0.12424726488998467
11 0.385 0.39507569204535026 0.22916666666666666 0.09905047974369102
10 0.3883333333333333 0.6443213745125083 0.2325 0.11174552929945654
4 0.6066666666666667 0.1767964875037587 0.23166666666666666 0.20350847577127465
5 0.6075 0.4133563258420671 0.23 0.159186267449088
6 0.6158333333333333 0.6832268611238861 0.22916666666666666 0.23037959366774166
7 0.8258333333333333 0.1618124514915455 0.2425 0.2162863741692848
8 0.83875 0.3969234900391243 0.2375 0.14819316692424406
9 0.84875 0.6288377526304716 0.24333333333333335 0.1387639340265806
3 0.5108333333333334 0.9154530532818286 0.9675 0.15625712090272006