0 0.1365021161632104 0.23655607337811163 0.25190218482831556 0.12363355007199693
1 0.13682304769817671 0.4654270620358524 0.2553878450962888 0.12182739839816037
2 0.13650772470638206 0.7089985857764873 0.2554284818586471 0.13285681016286624
3 0.5023801425565013 0.9366343550534095 0.9888055608469418 0.12673128989318083
12 0.3902584941384795 0.24624042429500181 0.25764163307309845 0.10162819924305357
11 0.39062006243580405 0.46408200118803666 0.25077867723677394 0.13465226729660915
10 0.38910673112147764 0.7168340068591663 0.25305278359476263 0.1199677740238554
4 0.6411654663725364 0.23935392121459903 0.25653844386273594 0.11816162235001873
5 0.6409246441117318 0.46270485671994 0.25429820147337895 0.14203729209336072
6 0.6399967713712186 0.7145430920140576 0.25545557303355254 0.14020975133933683
7 0.8838895641606621 0.24158373282412882 0.23110336071382426 0.16572046011501684
8 0.8824575063710521 0.4722769149658466 0.23219977713046033 0.14734880171393402
9 0.8815601112023076 0.7158430914364349 0.2322200955116395 0.15286350759628697