0 0.18541666666666667 0.11452513966480447 0.22416666666666665 0.14711359404096835
1 0.16958333333333334 0.3268156424581006 0.24083333333333334 0.1527001862197393
2 0.15291666666666667 0.5698324022346368 0.2525 0.21787709497206703
12 0.4025 0.12011173184357542 0.21583333333333332 0.148975791433892
11 0.39958333333333335 0.3230912476722533 0.22166666666666668 0.16759776536312848
10 0.3908333333333333 0.553072625698324 0.2325 0.18435754189944134
4 0.6129166666666667 0.1266294227188082 0.20833333333333334 0.1527001862197393
5 0.6158333333333333 0.33891992551210426 0.21833333333333332 0.19553072625698323
6 0.62 0.5633147113594041 0.22833333333333333 0.19925512104283055
7 0.8254166666666667 0.13966480446927373 0.22 0.18435754189944134
8 0.8370833333333333 0.3500931098696462 0.23083333333333333 0.16201117318435754
9 0.8479166666666667 0.5549348230912476 0.2375 0.14711359404096835
3 0.4945833333333333 0.839851024208566 0.9866666666666667 0.22532588454376165