0 0.1264131551901336 0.1496282527881041 0.22816032887975335 0.14684014869888476
1 0.1289825282631038 0.37825278810408924 0.19938335046248715 0.13011152416356878
2 0.1197327852004111 0.6970260223048327 0.22302158273381295 0.13011152416356878
12 0.34532374100719426 0.14776951672862454 0.2199383350462487 0.14869888475836432
11 0.3432682425488181 0.370817843866171 0.2343268242548818 0.12267657992565056
10 0.3489208633093525 0.679368029739777 0.24563206577595068 0.10408921933085502
4 0.5698869475847893 0.129182156133829 0.23227132579650564 0.15427509293680297
5 0.5760534429599178 0.4052044609665427 0.24049331963001028 0.2620817843866171
6 0.5873586844809866 0.6775092936802974 0.23535457348406988 0.23048327137546468
7 0.8114080164439876 0.11524163568773234 0.25590955806783144 0.20817843866171004
8 0.8206577595066804 0.3392193308550186 0.26104830421377184 0.15613382899628253
9 0.8278520041109969 0.6263940520446096 0.2528263103802672 0.137546468401487
3 0.48612538540596095 0.9052044609665427 0.9722507708119219 0.1821561338289963