0 0.1533203125 0.31644914594006335 0.22119140625 0.1067989087424717
1 0.154296875 0.42663810372371 0.22021484375 0.10679153973701126
2 0.15283203125 0.5387454206897854 0.22021484375 0.10045841750775239
4 0.155029296875 0.6495584794395325 0.212890625 0.09786990107509579
3 0.47900390625 0.7465438308774242 0.873046875 0.10095141209752244
8 0.151611328125 0.8402112500593404 0.2197265625 0.09665485966746654
12 0.377197265625 0.330592607011423 0.22265625 0.0928770933462924
11 0.373291015625 0.43385197537018655 0.21826171875 0.11184329950949777
10 0.371337890625 0.5503961623994734 0.21728515625 0.1143691793957411
4 0.599853515625 0.33967878155620096 0.2216796875 0.099202846570091
5 0.600830078125 0.43846811932718144 0.22314453125 0.10174714896998518
6 0.597412109375 0.5499568620812515 0.22509765625 0.11189488254772034
7 0.826171875 0.34430413677002125 0.234375 0.08916564807426126
8 0.8173828125 0.4336674812517168 0.21337890625 0.10040683446952982
9 0.814697265625 0.5483172583663211 0.21533203125 0.1016881969263022