0 0.16791881295930278 0.13317757009345793 0.24793633723582162 0.14018691588785046
1 0.1658761336475601 0.3878504672897196 0.24712724486003396 0.14797507788161993
2 0.16172345594918391 0.6510903426791277 0.24955937017890614 0.1261682242990654
3 0.5125610818677895 0.9174454828660437 0.9488036079097188 0.15109034267912771
12 0.40497548123933585 0.14174454828660435 0.24710300390248827 0.14018691588785046
11 0.40289644049127477 0.40809968847352024 0.24790724808676695 0.1308411214953271
10 0.40166527765107435 0.6697819314641744 0.24207876294494268 0.13239875389408098
4 0.643265180849087 0.1557632398753894 0.2404411854273307 0.14174454828660435
5 0.6374118991434803 0.42990654205607476 0.2446175484770159 0.14485981308411214
8 0.8649773497288534 0.4088785046728972 0.2246175484770159 0.14485981308411214
7 0.8782724531363508 0.15342679127725856 0.24297027457638554 0.15109034267912771
6 0.6329031571723016 0.6736760124610592 0.24042664085280346 0.13707165109034267
9 0.8607955828814224 0.6814641744548287 0.23378906333519164 0.14641744548286603