0 0.16875 0.18664643399089528 0.2525 0.125948406676783
1 0.17208333333333334 0.4309559939301973 0.25166666666666665 0.11684370257966616
2 0.17208333333333334 0.7071320182094082 0.25916666666666666 0.11987860394537178
3 0.5179166666666667 0.9203338391502276 0.9583333333333334 0.13505311077389984
12 0.4066666666666667 0.18285280728376327 0.2275 0.10925644916540213
11 0.41083333333333333 0.4226100151745068 0.22833333333333333 0.10925644916540213
10 0.41375 0.6866464339908953 0.235 0.10318664643399089
4 0.6325 0.17602427921092564 0.22916666666666666 0.18057663125948406
5 0.6408333333333334 0.41350531107738997 0.23333333333333334 0.17754172989377845
6 0.6508333333333334 0.6722306525037937 0.24666666666666667 0.2336874051593323
7 0.8545833333333334 0.13657056145675264 0.21833333333333332 0.2701062215477997
8 0.8654166666666666 0.3983308042488619 0.225 0.17602427921092564
9 0.875 0.65402124430956 0.22083333333333333 0.16236722306525037