0 0.16583333333333333 0.231433506044905 0.24833333333333332 0.14507772020725387
1 0.17333333333333334 0.48618307426597585 0.245 0.15889464594127806
12 0.405 0.2158894645941278 0.23166666666666666 0.12953367875647667
11 0.4075 0.46459412780656306 0.22583333333333333 0.14162348877374784
2 0.18458333333333332 0.803972366148532 0.235 0.12089810017271158
4 0.63125 0.19602763385146804 0.22333333333333333 0.16234887737478412
5 0.6375 0.45077720207253885 0.23166666666666666 0.18825561312607944
7 0.8729166666666667 0.14335060449050085 0.24916666666666668 0.2867012089810017
6 0.63875 0.7081174438687392 0.22833333333333333 0.3316062176165803
10 0.41291666666666665 0.7996545768566494 0.22833333333333333 0.13644214162348878
8 0.8725 0.3998272884283247 0.23916666666666667 0.26252158894645944
9 0.8679166666666667 0.7452504317789291 0.235 0.17789291882556132
3 0.5225 0.9352331606217616 0.915 0.12953367875647667