0 0.15183809877619628 0.173828125 0.22012426570973326 0.13671875
1 0.15317762453832207 0.384765625 0.22253726458760947 0.126953125
2 0.15500543155044788 0.595703125 0.22747121035743234 0.14453125
12 0.391567148102922 0.1796875 0.2519790171854409 0.1767578125
11 0.3909990006604459 0.375 0.25626560042137037 0.1396484375
10 0.39427744773650975 0.5908203125 0.25235935042137037 0.1396484375
4 0.6328206966611076 0.1650390625 0.2403767374111485 0.216796875
5 0.6341687446348706 0.373046875 0.23638810603198945 0.1884765625
7 0.8608537218855324 0.1630859375 0.21638277846805143 0.193359375
8 0.8612110036732334 0.3759765625 0.22213704619119312 0.1572265625
6 0.6364308588899612 0.6025390625 0.2384122494622989 0.212890625
9 0.8659571352365099 0.5908203125 0.21968995846676842 0.1552734375