0 0.15662072299154725 0.12909080250487 0.2421735822823414 0.21078470332808477
1 0.15580566470885301 0.39927713790859676 0.23726771651988143 0.18588577944785847
2 0.15421355890511668 0.6601376692287659 0.24210800288028553 0.1890455728933023
12 0.39171134014981385 0.13638708558685597 0.23580730633787708 0.23555715264720334
11 0.3893140813670115 0.39723858300980336 0.23734266440794524 0.21073049994475287
10 0.3893416500074152 0.6550115920623049 0.23250237804754115 0.20757070649930923
4 0.6267972730650765 0.14523616369989786 0.23735203289395312 0.2138360900068647
5 0.6252426412053721 0.39367433477161995 0.24378388824047342 0.21080277112252885
6 0.6236645881306478 0.6498764809986216 0.24212673985230163 0.1952567530175257
7 0.8675708035068451 0.13706773375187867 0.25184478651714154 0.21399870015686037
8 0.8676171091192647 0.3886295626801565 0.24697639469871388 0.20152213652508133
9 0.8668254720515906 0.6510519229286037 0.2503375339050973 0.24814212304564626
3 0.5085505965216062 0.9079104377794358 0.9602107753470979 0.1660479085941904