0 0.1370318559376702 0.11321272203656245 0.24800490958953464 0.18276591803291578
1 0.1373875957617608 0.36491736001602565 0.24495440236614544 0.1963317831362426
2 0.13596690004636375 0.6452171728110438 0.24498672364287302 0.20857668109542643
12 0.38179032923687783 0.1121150764310607 0.2480085008425044 0.18412646225060286
11 0.38000173587217173 0.36996986734159654 0.24748458946909996 0.21949269649575814
10 0.3785774489038049 0.6489091359189275 0.24931848505610324 0.212713721651449
4 0.6247615932376887 0.1355309729880526 0.24502981867850973 0.22490321170767116
7 0.8707079481495247 0.1167304217232013 0.24864733231094008 0.19229764297143406
5 0.6235669406792967 0.38453431106891367 0.24811982968456583 0.2263033329989022
6 0.6222593694324461 0.7076912667210746 0.25026975553290487 0.33925224931105585
8 0.8666708752598997 0.3412795832518845 0.24649422676980684 0.3119938724690615
9 0.8664416524101005 0.6052370346052401 0.2433180256924771 0.2779406899533408
3 0.5004357762898634 0.860278926996679 0.98461140783038 0.2629573071002216