0 0.1825 0.12900205722271735 0.2225 0.14255746845349174
1 0.16833333333333333 0.3420394816048659 0.23916666666666667 0.14649854218946778
2 0.15333333333333332 0.5848612303262863 0.25083333333333335 0.2118271262068856
12 0.39958333333333335 0.12996210315521992 0.21416666666666667 0.1424491289784274
11 0.39791666666666664 0.3319888523924231 0.22083333333333333 0.16115777448771548
10 0.39125 0.5618835588384423 0.23083333333333333 0.1799097557870291
4 0.61 0.13083547750767097 0.2075 0.14608685218422324
5 0.6145833333333334 0.34225446831579065 0.21666666666666667 0.19089876303696166
6 0.6204166666666666 0.5667250917956355 0.2275 0.19290180174746893
7 0.8225 0.13732252890765909 0.21916666666666668 0.17975808052193903
8 0.8358333333333333 0.3479241774681344 0.22916666666666666 0.1556795217840088
9 0.8483333333333334 0.5529283999023326 0.23666666666666666 0.14274164556110097
3 0.4975 0.8463188908699075 0.9858333333333333 0.19903629919247695