0 0.14402352730653117 0.3313740286243139 0.23763137227942377 0.07448006655380807
1 0.14597632675600172 0.44011555147453824 0.23378477776088374 0.08772498271152765
2 0.14911005900949892 0.5577158256360947 0.231825971286459 0.08644605014563397
12 0.3671765807681683 0.33115831953683394 0.22649180712022 0.09462304374366146
11 0.3691265394804265 0.4405319536386385 0.22397654170269798 0.07816976362415771
10 0.36884230298392373 0.5581064851904118 0.2274484844597333 0.09020562001396601
4 0.5913488077879911 0.32146829670701627 0.22065799875513137 0.10026791481968444
7 0.8179311929484778 0.31874988522299813 0.23381034439579507 0.09341398397575008
5 0.5908374750897627 0.4352483219914664 0.22647760343415801 0.09146248748575993
8 0.8208662363723731 0.4262345406014284 0.23185721939579507 0.09339927391301703
6 0.5930003263176846 0.5515770186184956 0.2249957152608837 0.08765878742922852
9 0.8232590245392333 0.5457256322442007 0.2387300864795563 0.10166820540312665
3 0.4879652324595905 0.7802500921015971 0.9077663025703523 0.12693396193979462