0 0.1302971701992299 0.13666121112929625 0.2605943403984598 0.19803600654664485
1 0.13091231104842557 0.4402618657937807 0.26182462209685115 0.2193126022913257
2 0.13209832095962107 0.7594108019639935 0.26369891855761485 0.22749590834697217
12 0.3850865860140499 0.12438625204582651 0.2573846217810454 0.2127659574468085
11 0.38752929613095155 0.4369885433715221 0.2592690438915981 0.2127659574468085
10 0.3905654300021221 0.765139116202946 0.2548610957198438 0.2078559738134206
4 0.6391146843512583 0.14893617021276595 0.25565733954603964 0.28314238952536824
5 0.6433175664445591 0.5171849427168577 0.2598574048209723 0.4762684124386252
6 0.6426615988245425 0.8109656301145662 0.25963448546263806 0.37643207855973815
7 0.8822033094047095 0.1497545008183306 0.23308081837651068 0.2995090016366612
8 0.884335603585563 0.4607201309328969 0.22993280602750202 0.29623567921440264
9 0.8836558822634286 0.765139116202946 0.22981586472476906 0.24386252045826515