0 0.18416666666666667 0.12638263527475926 0.23166666666666666 0.16411426142907015
1 0.17583333333333334 0.3785377889783994 0.23333333333333334 0.12294726910554783
2 0.16375 0.6653324488338505 0.24666666666666667 0.1362801937793128
3 0.50875 0.8656478004949124 0.9625 0.128038868915409
12 0.40291666666666665 0.13869370557891778 0.20583333333333334 0.16216969351450733
11 0.40208333333333335 0.36852207103165413 0.22083333333333333 0.1277458400327893
10 0.40125 0.6312993656441928 0.22916666666666666 0.10971977462605062
4 0.6104166666666667 0.13877831905020627 0.2125 0.10623319044776544
5 0.62 0.3693106006929971 0.21916666666666668 0.12113688507459845
6 0.6279166666666667 0.6270449180188552 0.2275 0.18383569610937534
7 0.8204166666666667 0.11329875873330225 0.21083333333333334 0.18199655838908027
8 0.8354166666666667 0.3495348033188093 0.22916666666666666 0.15584827544977384
9 0.8554166666666667 0.6128962070824618 0.23666666666666666 0.1641717688077615