0 0.14536266788302682 0.12777500398883568 0.2652346672172398 0.1621008061603154
1 0.14449386258477653 0.4544945807084123 0.26403954709586364 0.16737642036716463
2 0.1423701408490762 0.7984253157079123 0.2641098957030094 0.1938314468221914
12 0.4077463114807095 0.1284033926952449 0.25920278772464234 0.16731485603054086
11 0.40626939383069927 0.45645341627965086 0.26161413254953847 0.16470013555335009
10 0.4053196876342313 0.8135962734225082 0.26157192338525104 0.1488271196803342
4 0.6683196877445414 0.12773211670513676 0.26400437279229094 0.1541489071396515
5 0.6675141961927225 0.4306421696151897 0.263083612238783 0.2625991245211039
6 0.6664343450730348 0.8367268256998458 0.26426466263873005 0.2520325050232493
7 0.8992855000114295 0.12082416566309319 0.20116167526998707 0.16657608399105445
8 0.8983428286756762 0.4753215201604477 0.20115464040927228 0.16393058134555188
9 0.897463471086354 0.8060093508482784 0.20105615235926813 0.126893544308515