0 0.1660469315628535 0.19726858877086495 0.2537599741861367 0.13353566009104703
1 0.17266082372915667 0.44157814871016693 0.25290239989525776 0.125948406676783
2 0.1764598612504849 0.7177541729893778 0.26041209627827605 0.12898330804248861
3 0.5221690100940984 0.9180576631259484 0.955661979811803 0.1638846737481032
12 0.40434390345986837 0.18588770864946888 0.22870664407953636 0.11684370257966616
11 0.4117765843849775 0.42564491654021247 0.2295399774128697 0.11684370257966616
10 0.4176177456118114 0.6889226100151745 0.23618725131349985 0.11077389984825493
4 0.6301311789738648 0.17147192716236723 0.2314345090804655 0.18816388467374812
5 0.6413065876117104 0.40895295902883155 0.23559147936411381 0.18512898330804248
6 0.6546332042640169 0.6676783004552352 0.2499375291166181 0.24127465857359637
7 0.850838459327961 0.13201820940819423 0.2216769186559219 0.26403641881638845
8 0.8658196221681614 0.38694992412746587 0.22725329783927123 0.18361153262518967
9 0.8783007850083618 0.6418816388467374 0.22304299744902248 0.16995447647951442