0 0.14444444444444443 0.2793477705347705 0.2573099415204678 0.15756422144826743
1 0.1409356725146199 0.5850092541165806 0.2596491228070175 0.14822378973778008
12 0.395906432748538 0.30100858222246285 0.2573099415204678 0.13882885845060922
11 0.39473684210526316 0.5937622539550411 0.25263157894736843 0.1575097218715839
2 0.14035087719298245 0.8894657152756098 0.2549707602339181 0.14114352903697477
10 0.391812865497076 0.8970750047150585 0.25380116959064325 0.14581374489221832
4 0.6508771929824562 0.31911563866558157 0.25380116959064325 0.1458137448922186
5 0.6461988304093568 0.5662427377738809 0.2584795321637427 0.2793577058272158
6 0.6456140350877193 0.8578186368720202 0.2573099415204678 0.2582667975606795
7 0.8888888888888888 0.2812141670812036 0.2222222222222222 0.19228428024375063
8 0.8853801169590644 0.5985852525365498 0.22807017543859648 0.19235240471460494
9 0.8842105263157894 0.9053904465173718 0.22573099415204678 0.1712478715538979