0 0.14268292456983916 0.17694805194805194 0.2630272408266178 0.18831168831168832
1 0.13888173458010192 0.4935064935064935 0.2646079215447771 0.19480519480519481
2 0.13665213494944423 0.8133116883116883 0.26145565046753816 0.18506493506493507
12 0.39746587334017514 0.21103896103896103 0.25984769867214014 0.16883116883116883
11 0.395199912273199 0.5178571428571429 0.2614011083130605 0.16558441558441558
10 0.39291122530852385 0.8165584415584416 0.2582761083130605 0.16558441558441558
10 0.39371520120622294 0.8246753246753247 0.2614829215447771 0.19480519480519481
4 0.6522488221105112 0.24512987012987014 0.26315450585373235 0.23376623376623376
5 0.6523311562230749 0.5535714285714286 0.26148292154477704 0.19480519480519481
6 0.6477487162333375 0.8701298701298701 0.26143746974937904 0.17857142857142858
7 0.8908295330792914 0.2224025974025974 0.21834093384141723 0.1525974025974026
8 0.8873732558537325 0.5454545454545454 0.22525348829253494 0.15584415584415584
9 0.8858746488077134 0.875 0.22825070238457315 0.16558441558441558