0 0.1422355606237223 0.06699577359318454 0.23809430965324174 0.13399154718636908
1 0.14419073423047207 0.22992886259922032 0.23602579207735325 0.17108328039528836
2 0.14185499530276377 0.4128374534474996 0.23532223348971176 0.17792462583390342
12 0.37341184418839174 0.07118414560773965 0.2308816593912762 0.1423682912154793
11 0.3749836198610438 0.226020672469372 0.23238152457803826 0.16419411717740506
4 0.6078679685024447 0.07779966400830995 0.2410518818397297 0.1555993280166199
5 0.6087108906752338 0.23372443943644997 0.23889483207106593 0.16152611781891002
10 0.3748344414329246 0.413014943469113 0.23462710653947746 0.1875056972999159
6 0.6089261389970461 0.4213996571281013 0.2368811201383241 0.21355700344982384
7 0.8444221211233114 0.062445571595495034 0.23661130774129416 0.12489114319099007
8 0.8441443602247325 0.2071617069863671 0.24187769916977522 0.18895525661239468
9 0.8438982179664307 0.36264912867103966 0.24709771659251692 0.23695624950099292
3 0.4922349021219451 0.7679002014353344 0.9462929783559894 0.2186195450730092