0 0.13671875 0.11989407935173227 0.23486328125 0.15626664347820168
1 0.1376953125 0.3618652789050637 0.2353515625 0.17376500871611328
2 0.13720703125 0.6057970746580384 0.234375 0.17861278747255446
3 0.49072265625 0.8475734509620892 0.92919921875 0.14875736650169877
12 0.36962890625 0.12011263637814072 0.2333984375 0.1854042008256916
11 0.37060546875 0.3669429224232118 0.23193359375 0.1717817970458735
10 0.36865234375 0.6128353143758297 0.2314453125 0.16594523938813696
4 0.60107421875 0.1145172512174091 0.23486328125 0.19611115271046597
5 0.6015625 0.385648623588827 0.23193359375 0.2155135754715295
6 0.60205078125 0.6159636694296327 0.23095703125 0.17079867201222745
7 0.83447265625 0.10598379869103723 0.23681640625 0.19030286439097507
8 0.83447265625 0.36643083464827725 0.23681640625 0.18835922979427924
9 0.8349609375 0.60743587077091 0.23828125 0.1533907686567018