0 0.18956179427466072 0.12002897100735499 0.22125997418613674 0.13404449835314844
1 0.1803059916713121 0.34992390208180335 0.22382300067575536 0.1535317041756527
2 0.1711107914618276 0.598531408006551 0.22964178943456134 0.14910165149403104
3 0.5132092249759252 0.8569409868874098 0.9555769347895864 0.18812460024454306
12 0.4066499757995032 0.11925719755562765 0.21538785532073035 0.1220074851665067
11 0.4024184141537002 0.3565849026138099 0.21964178943456128 0.1489971395812593
10 0.3998729119406004 0.5998832129719593 0.2280381492575134 0.1685453106862138
4 0.6183651243812611 0.13201508861553385 0.20717572677512522 0.15934554160646247
5 0.6220114438700518 0.3572840071719136 0.21797027457638554 0.14748271494110682
6 0.6269926067102523 0.608737466529616 0.2263811789738649 0.17152190401013312
7 0.8337939115267007 0.13350624279797105 0.22460300390248827 0.13707334763345363
8 0.8449547755900187 0.36318779538384394 0.2295836111364516 0.1311375796377436
9 0.855715941656952 0.5981132235908327 0.23711754847701588 0.14169500548848987