0 0.20470910850945223 0.09389671361502347 0.21045573000185816 0.14710485133020346
1 0.17902765979930108 0.44835680751173707 0.23461270028550657 0.14397496087636932
2 0.16582224793472272 0.676056338028169 0.23127451876066413 0.14241001564945227
3 0.5079801726302106 0.9209702660406885 0.9788230006757553 0.15805946791862285
11 0.3958133849610599 0.27543035993740217 0.2237702261753919 0.41001564945226915
12 0.40544035201797535 0.26134585289514867 0.1998120317436178 0.47730829420970267
10 0.39395922951193635 0.7394366197183099 0.22915267769837613 0.2644757433489828
4 0.610053052303482 0.11737089201877934 0.2115605620597027 0.2347417840375587
5 0.6131143313060671 0.47417840375586856 0.22587267447164322 0.28169014084507044
6 0.6197416568344238 0.755868544600939 0.23646415383575706 0.4726134585289515
7 0.8220733591471966 0.13771517996870108 0.21918661503894024 0.27543035993740217
8 0.8373149353132977 0.46322378716744916 0.23065935404524168 0.21283255086071987
9 0.851280124229217 0.662754303599374 0.24045088181034924 0.14553990610328638