0 0.208488197658507 0.08222634371260672 0.20876967056915494 0.1431212166709528
1 0.17989250637744378 0.43620441630065293 0.2337551259946276 0.1386995185400118
2 0.16418951860862 0.6632853567335123 0.2295836111364518 0.13708905038812633
3 0.5054535075769104 0.9240236679425935 0.9804363372358216 0.15155206237509142
11 0.3979064146774115 0.26794392556409685 0.2204175000760221 0.4061503743979362
12 0.40794762430523906 0.25453263611537774 0.1947926389775813 0.47316077702056597
10 0.3918880166573758 0.731217787949011 0.22662843674083055 0.2591183597476822
4 0.6137957800162183 0.11497612531744549 0.20905086567668452 0.22995225063489097
5 0.613518877493961 0.4713715830978325 0.22334843351409764 0.2762963389037952
6 0.6176462030223177 0.7530070964329408 0.2322780944030539 0.46887564766452994
7 0.8253921479060027 0.13731450674324097 0.21670115961346748 0.27462901348648194
8 0.8376976646394004 0.4650100866672425 0.22896844642102926 0.20750248101440036
9 0.8495770961262319 0.6651865069377209 0.2387599741861368 0.14031909127689082