0 0.13166666666666665 0.10269892795938924 0.2608333333333333 0.1881020105664506
1 0.13291666666666666 0.37979269050996445 0.25833333333333336 0.19906362204300804
2 0.14083333333333334 0.6695183881288091 0.25916666666666666 0.15668656997049776
12 0.38916666666666666 0.12200459422561405 0.25083333333333335 0.20369099964379525
11 0.38958333333333334 0.3653372612819806 0.25166666666666665 0.18800154568745442
10 0.395 0.6707341465155303 0.24583333333333332 0.1659595915137078
4 0.6358333333333334 0.13648195313305955 0.24 0.22241057297575376
5 0.6375 0.37825846123293694 0.2375 0.21453387989972095
6 0.6366666666666667 0.6466951679365305 0.24 0.23025986653933303
7 0.8783333333333333 0.11873154257574087 0.24333333333333335 0.2208772469463092
8 0.8775 0.3542012163123014 0.245 0.19891749130992284
9 0.87375 0.6532182018159917 0.23583333333333334 0.19881702643092675
3 0.50625 0.9247152805707726 0.9875 0.15056943885845475