0 0.11082910321489002 0.1521288929447453 0.20473773265651438 0.17496656519422935
0 0.10913705583756345 0.4701555772101502 0.20219966159052452 0.1827601982873158
1 0.11336717428087986 0.8027796688949745 0.1996615905245347 0.17294130691856255
12 0.3164128595600677 0.1503407664397313 0.20642978003384094 0.19260186002714894
11 0.31387478849407785 0.4664218887282497 0.20473773265651438 0.2023638254682019
10 0.3147208121827411 0.8078977833861539 0.20642978003384094 0.1789032298901628
4 0.5241116751269036 0.13678249399630757 0.20812182741116753 0.19262463039822897
5 0.5211505922165821 0.4646109918521556 0.20642978003384094 0.1965157543520021
6 0.5241116751269036 0.8050799499649964 0.2038917089678511 0.18473991582082247
7 0.7305414551607445 0.130090614399687 0.20558375634517767 0.2043321578161686
8 0.7258883248730964 0.47066203918238814 0.20473773265651438 0.21019161411790835
9 0.7284263959390863 0.8042873748195059 0.2038917089678511 0.20822328176994184