0 0.1854721430659032 0.10939794419970632 0.24048481915091297 0.14684287812041116
1 0.18341249508387855 0.35462555066079293 0.24219027134965262 0.15859030837004406
2 0.18580285516868622 0.6402349486049926 0.2564732946125384 0.19383259911894274
3 0.5183629019563134 0.8744493392070485 0.9380769347895864 0.17474302496328928
12 0.40585487239200596 0.1196769456681351 0.2138617862078284 0.16005873715124816
11 0.4109512806159516 0.34287812041116006 0.22050906010845864 0.15418502202643172
10 0.419676484052169 0.6027900146842878 0.22302360468298596 0.15859030837004406
4 0.6112521462926361 0.12555066079295155 0.19977269060530792 0.18355359765051396
5 0.6205467344280577 0.3392070484581498 0.20891026812291974 0.17474302496328928
6 0.6347467828290514 0.5814977973568282 0.2147193604987075 0.16740088105726872
7 0.8133985061155882 0.10646108663729809 0.20474360145625306 0.17474302496328928
8 0.8293573368219218 0.3208516886930984 0.2180139082999676 0.15565345080763582
9 0.8473388984677249 0.55359765051395 0.21717087858361614 0.1527165932452276