0 0.14416666666666667 0.17680137781510166 0.2733333333333333 0.3534396389065317
1 0.1725 0.4582621351571149 0.2325 0.12558126871846811
12 0.38958333333333334 0.13585644149006484 0.24416666666666667 0.25031872918163534
4 0.6304166666666666 0.126014311918984 0.24 0.1941986526254753
7 0.8741666666666666 0.12632851008051738 0.25166666666666665 0.12734732804191357
11 0.39625 0.4606952929518836 0.23416666666666666 0.31095764825058947
2 0.1725 0.7697886149078937 0.23916666666666667 0.29076279930801285
10 0.40166666666666667 0.7707230435652344 0.22666666666666666 0.17224680639965703
5 0.6270833333333333 0.4523020512971089 0.23333333333333334 0.18945325910758165
6 0.6266666666666667 0.7809579564140785 0.23083333333333333 0.15360052781563027
8 0.8641666666666666 0.44942848833950266 0.24666666666666667 0.13040822059819743
9 0.86 0.7936199382630933 0.23833333333333334 0.17393130736126675
3 0.5179166666666667 0.945790975410549 0.9225 0.10841804917890203