0 0.20708333333333334 0.09963436928702012 0.20416666666666666 0.13893967093235832
1 0.19666666666666666 0.33638025594149906 0.21583333333333332 0.13345521023765997
2 0.1825 0.6517367458866545 0.22583333333333333 0.14990859232175502
3 0.5045833333333334 0.9003656307129799 0.9016666666666666 0.16819012797074953
12 0.40166666666666667 0.11974405850091407 0.1925 0.16270566727605118
11 0.40041666666666664 0.34552102376599636 0.19833333333333333 0.13711151736745886
10 0.39875 0.6334552102376599 0.21333333333333335 0.13528336380255943
4 0.59 0.14990859232175502 0.1925 0.19378427787934185
5 0.59625 0.40676416819012795 0.19916666666666666 0.24862888482632542
6 0.6041666666666666 0.6828153564899452 0.20833333333333334 0.23948811700182815
7 0.78 0.11060329067641682 0.1925 0.12979890310786105
8 0.7920833333333334 0.3473491773308958 0.19916666666666666 0.12979890310786105
9 0.8175 0.6316270566727605 0.21666666666666667 0.13711151736745886