0 0.1457073760580411 0.12777500398883568 0.26481257557436516 0.1621008061603154
1 0.1457073760580411 0.4544945807084123 0.26360338573155984 0.16737642036716463
2 0.1444981862152358 0.7984253157079123 0.26360338573155984 0.1938314468221914
12 0.40810157194679564 0.1284033926952449 0.2587666263603386 0.16731485603054086
11 0.407496977025393 0.45645341627965086 0.26118500604594924 0.16470013555335009
10 0.407496977025393 0.8135962734225082 0.26118500604594924 0.1488271196803342
4 0.6686819830713422 0.12773211670513676 0.26360338573155984 0.1541489071396515
5 0.6686819830713422 0.4306421696151897 0.2623941958887545 0.2625991245211039
6 0.6686819830713422 0.8367268256998458 0.26360338573155984 0.2520325050232493
7 0.8996372430471584 0.12082416566309319 0.2007255139056832 0.16657608399105445
8 0.8996372430471584 0.4753215201604477 0.2007255139056832 0.16393058134555188
9 0.8996372430471584 0.8060093508482784 0.2007255139056832 0.126893544308515