0 0.18958333333333333 0.11164768869318796 0.2375 0.12546945521744987
1 0.1875 0.36535491162100325 0.2375 0.12381108042474666
2 0.1825 0.6206867408434482 0.24083333333333334 0.09234055193261385
3 0.5170833333333333 0.8807793754522352 0.9191666666666667 0.13833676000246073
12 0.4141666666666667 0.13746511014269452 0.21166666666666667 0.1384373611475666
11 0.4125 0.3654723478547644 0.2125 0.12518001094824807
10 0.41041666666666665 0.6274714447460954 0.22083333333333333 0.1203013679932058
4 0.61875 0.14232129126805032 0.2075 0.12180537250900147
5 0.6229166666666667 0.36790850378721246 0.2075 0.13341399605792353
6 0.6270833333333333 0.6075919020443514 0.215 0.20481094542491937
7 0.8333333333333334 0.12241762821053954 0.22083333333333333 0.14186024029834687
8 0.8358333333333333 0.34549798225603356 0.21583333333333332 0.15838609937153805
9 0.8479166666666667 0.5943940992249537 0.2275 0.145254175022207