0 0.14755293398918143 0.10930789378332538 0.24718399439895547 0.1792106677801494
1 0.14911253208038946 0.3018582322082753 0.24928718703850208 0.18819194164497455
2 0.14967899437314017 0.5115597247455888 0.24998421949159352 0.18969316228648353
4 0.15304971351861962 0.733236249102669 0.25350969935795825 0.2121246386283562
4 0.6361204384347153 0.116175908733659 0.25134199855695966 0.17926276774860572
12 0.3914972414456069 0.11534949989296162 0.24307840312213105 0.19856155288631994
11 0.39406610237563533 0.29671883345927935 0.24862644042622745 0.2001235568243612
10 0.3953275812414321 0.5071752779813853 0.24371092741377046 0.1761821765129035
5 0.6394951893402856 0.3393449704041722 0.24967826776730495 0.3329680610479596
5 0.6396445954849478 0.5229227182923729 0.2513782843977764 0.1926956035695013
7 0.8779313150509135 0.1020422111277238 0.23886395432285615 0.17761393052980393
8 0.879492929022167 0.29533881820939006 0.2409227976014047 0.17017729394686798
9 0.8810097315898135 0.511032168320625 0.23798053682037296 0.18508530042504423
3 0.5139453738858326 0.9165785520171682 0.9721092522283347 0.16684289596566365