0 0.1421875 0.17694805194805194 0.2625 0.18831168831168832
1 0.1375 0.4935064935064935 0.2640625 0.19480519480519481
2 0.134375 0.8133116883116883 0.2609375 0.18506493506493507
12 0.396875 0.21103896103896103 0.259375 0.16883116883116883
11 0.39375 0.5178571428571429 0.2609375 0.16558441558441558
10 0.390625 0.8165584415584416 0.2578125 0.16558441558441558
10 0.39140625 0.8246753246753247 0.2609375 0.19480519480519481
4 0.6515625 0.24512987012987014 0.2625 0.23376623376623376
5 0.65078125 0.5535714285714286 0.2609375 0.19480519480519481
6 0.6453125 0.8701298701298701 0.2609375 0.17857142857142858
7 0.890625 0.2224025974025974 0.21875 0.1525974025974026
8 0.88671875 0.5454545454545454 0.2265625 0.15584415584415584
9 0.88359375 0.875 0.228125 0.16558441558441558