0 0.13707384215154758 0.11989407935173227 0.23531211772955613 0.15626664347820168
1 0.13875774821743034 0.3618652789050637 0.235851532249379 0.17376500871611328
2 0.13898249200773785 0.6057970746580384 0.23488917343544086 0.17861278747255446
3 0.4932168235224701 0.8475734509620892 0.929602603434158 0.14875736650169877
12 0.36999252061318466 0.12011263637814072 0.23393249609592748 0.1854042008256916
11 0.3716906303651294 0.3669429224232118 0.23242788202495412 0.1717817970458735
10 0.37045621187986166 0.6128353143758297 0.23192255635168002 0.16594523938813696
4 0.6014293109015476 0.1145172512174091 0.23542858795526378 0.19611115271046597
5 0.6027101578338017 0.385648623588827 0.23255571519951124 0.2155135754715295
6 0.6038716938031359 0.6159636694296327 0.23144847878774177 0.17079867201222745
7 0.8348107039782733 0.10598379869103723 0.23736466853198945 0.19030286439097507
8 0.8355720215511913 0.36643083464827725 0.23735898705756475 0.18835922979427924
9 0.8367648056298617 0.60743587077091 0.23872156426791902 0.1533907686567018