0 0.130578125 0.18948096885813148 0.2581875 0.20432525951557093
1 0.130953125 0.5083044982698962 0.2604218749999999 0.2422145328719723
2 0.13132812500000002 0.8716262975778547 0.2581875 0.1845328719723183
12 0.39025 0.18619377162629758 0.26265625000000004 0.20761245674740483
11 0.389140625 0.5264359861591695 0.2604218749999999 0.18290657439446373
10 0.390625 0.8625951557093425 0.2604218749999999 0.18619377162629758
4 0.65328125 0.20515570934256055 0.2604218749999999 0.14993079584775085
5 0.651046875 0.5412802768166091 0.2604218749999999 0.14335640138408307
6 0.6491875 0.8724567474048442 0.26265625000000004 0.17629757785467134
7 0.89025 0.15982698961937716 0.21950000000000003 0.2471626297577855
8 0.89025 0.5132525951557094 0.21950000000000003 0.27847750865051907
9 0.8875 0.856401384083045 0.225 0.2179930795847751