0 0.16666666666666666 0.10134302637976839 0.23666666666666666 0.15031456246704714
12 0.39625 0.11083418052116528 0.23166666666666666 0.16736758427285475
4 0.6229166666666667 0.12495929670869226 0.22333333333333333 0.15328021522447285
7 0.8566666666666667 0.10416909649403124 0.24416666666666667 0.17527935324200605
1 0.16125 0.3477849923303575 0.235 0.15651730638676428
11 0.39375 0.36197344414568644 0.2325 0.15182453268624654
10 0.38666666666666666 0.6402791182461637 0.24333333333333335 0.18926719487527052
2 0.155 0.6354309740977258 0.245 0.13796336230858608
3 0.5079166666666667 0.8702114576512866 0.9616666666666667 0.19551131508840183
5 0.61875 0.38152369927625873 0.22333333333333333 0.16883231475790983
6 0.6225 0.6700558613822452 0.22916666666666666 0.15023313094558743
8 0.85375 0.3654127008418721 0.24666666666666667 0.22818363549617857
9 0.85625 0.6407120064241938 0.24333333333333335 0.22503702380217583