0 0.1560757829872328 0.1937040808542864 0.22893037263300753 0.14523705503078815
1 0.1603500712315008 0.4041959106624721 0.22745132519694566 0.14033719810751388
12 0.393589101897078 0.18426108691193266 0.2470166640434942 0.15228320708450438
11 0.3981188937151956 0.3986620074573307 0.24849571147955607 0.1571830640077787
4 0.6323074998772551 0.16946120290564082 0.24036253372508654 0.21470366644255767
5 0.6363845196605274 0.39606347322661417 0.2378984015773875 0.20686275907043394
2 0.16291963620658736 0.6161326990601712 0.23287355221676848 0.15797781932618626
10 0.3984684671675831 0.6027607292201184 0.24855252622380375 0.1767143140077787
6 0.6399278063984016 0.6070350620731627 0.24535329423915697 0.25186985618680535
7 0.8608117619284057 0.16821388293642903 0.21733377433313983 0.18709288714459393
8 0.863409734275616 0.38991629633412805 0.22364734173659118 0.17544799631211583
9 0.8681367945547294 0.5882067763667385 0.2210951467353084 0.1373336514399921