0 0.15762176039396517 0.24905183312262957 0.2380575420235499 0.14538558786346398
1 0.1711301842278641 0.5120101137800253 0.23735026166945394 0.17825537294563842
2 0.17946164907167977 0.7288242730720607 0.2306593540452416 0.17193426042983564
12 0.39051661019884076 0.24336283185840707 0.23060602393864116 0.15802781289506954
11 0.3947347384825902 0.4740834386852086 0.22554784564053154 0.14285714285714285
10 0.3998322579190097 0.7168141592920354 0.22482117252039907 0.1706700379266751
4 0.6225247965637827 0.22376738305941846 0.23724844964776215 0.15170670037926676
7 0.86875 0.2579013906447535 0.2625 0.515802781289507
5 0.6219077633588425 0.4974715549936789 0.2343563017417595 0.2667509481668774
8 0.8576029232341655 0.461441213653603 0.24576601425844236 0.1997471554993679
6 0.6174146771746649 0.7383059418457648 0.22784048461811304 0.5233881163084703
3 0.5122746352271371 0.9190897597977244 0.8581205685131686 0.16182048040455121
9 0.8421819639822267 0.6776232616940582 0.23626482237764587 0.1125158027812895