0 0.14095127610208816 0.2979214780600462 0.25638051044083526 0.16628175519630484
1 0.14037122969837587 0.5969976905311778 0.25754060324825984 0.17090069284064666
2 0.14037122969837587 0.894919168591224 0.2529002320185615 0.15935334872979215
12 0.3909512761020882 0.30138568129330257 0.24477958236658934 0.15242494226327943
11 0.3938515081206497 0.5866050808314087 0.2494199535962877 0.15242494226327943
10 0.3938515081206497 0.8891454965357968 0.2529002320185615 0.12009237875288684
4 0.6415313225058005 0.30484988452655887 0.25406032482598606 0.12471131639722864
5 0.6450116009280742 0.581986143187067 0.2529002320185615 0.16397228637413394
6 0.6432714617169374 0.8579676674364896 0.2552204176334107 0.23325635103926096
7 0.8845707656612529 0.2863741339491917 0.2296983758700696 0.22170900692840648
8 0.8845707656612529 0.5762124711316398 0.2308584686774942 0.17782909930715934
9 0.8839907192575406 0.8822170900692841 0.23201856148491878 0.15935334872979215