0 0.13606770833333334 0.15382848384582104 0.23307291666666666 0.15962236080038333
1 0.13411458333333334 0.37166484873935335 0.23567708333333334 0.15250720760900685
2 0.1328125 0.6014129015255177 0.234375 0.154874308014219
12 0.3678385416666667 0.1408179450514164 0.23046875 0.13340418065842644
11 0.3665364583333333 0.37651837878996175 0.23046875 0.14768989494414064
10 0.3658854166666667 0.6015114528020916 0.23046875 0.14054703780128364
4 0.5983072916666666 0.15636498285269995 0.23177083333333334 0.16675136596750012
5 0.5963541666666666 0.4218203953652799 0.234375 0.24058859372850472
6 0.5989583333333334 0.6623242897929511 0.23307291666666666 0.25009855127657377
7 0.8294270833333334 0.1850141847370918 0.23177083333333334 0.23341803263416677
8 0.830078125 0.3957353964392477 0.23697916666666666 0.1834734405371283
9 0.8287760416666666 0.6111977349396979 0.23177083333333334 0.1500846993008335
3 0.4830729166666667 0.834900987761582 0.9296875 0.13131888210719547