0 0.1616257985728364 0.32429022082018927 0.22305963468415807 0.08958990536277603
1 0.1635303054896965 0.44353312302839115 0.22118605032610472 0.10725552050473186
2 0.1659600232403175 0.5545741324921135 0.21772831125513137 0.09842271293375394
4 0.16594833474093854 0.6656151419558359 0.218724758915618 0.1028391167192429
3 0.49555489736368336 0.7703470031545742 0.8720450714156179 0.1028391167192429
12 0.3730288539251374 0.32933753943217664 0.2015695782097333 0.08832807570977919
11 0.372503317540847 0.44605678233438484 0.20022404542265326 0.11482649842271293
10 0.3773886452275299 0.5539432176656152 0.2138873982110161 0.11293375394321767
4 0.5839322650785888 0.33690851735015775 0.2187332811272551 0.10473186119873817
7 0.8085416400785888 0.33690851735015775 0.2289644614795563 0.09968454258675079
5 0.5839461432141213 0.44227129337539434 0.21921872164004297 0.10410094637223975
8 0.8080672369641213 0.44227129337539434 0.2299694313516798 0.10599369085173502
6 0.5903190405485033 0.5451104100946372 0.2147844200690694 0.09526813880126182
9 0.8080867965740784 0.546372239747634 0.22897866516561804 0.1028391167192429