0 0.14189189189189189 0.2999879295662457 0.26403326403326405 0.19645623204111654
1 0.14397089397089397 0.6045386202239039 0.2609147609147609 0.18201702733034936
2 0.14397089397089397 0.9095548019003749 0.25675675675675674 0.18089039619925038
12 0.3976091476091476 0.2998463372483342 0.2598752598752599 0.20052357500563547
11 0.4007276507276507 0.5828040604776199 0.25675675675675674 0.22723663366935387
10 0.4017671517671518 0.8996884593043915 0.26507276507276506 0.18618013704072756
4 0.6522869022869023 0.30380800042463885 0.25675675675675674 0.16962346494507405
5 0.656964656964657 0.5898700996718597 0.26195426195426197 0.15322241381144197
7 0.8898128898128899 0.26333346156003656 0.2151767151767152 0.23704586578367853
8 0.8918918918918919 0.5575960863740734 0.21621621621621623 0.20002079958987393
6 0.6595634095634095 0.8954555823354963 0.2609147609147609 0.19024748000524647
9 0.8924116424116424 0.883733759038488 0.2151767151767152 0.18972076290302023