0 0.18451400329489293 0.17098445595854922 0.21636463481603516 0.17357512953367876
1 0.18369028006589785 0.3860103626943005 0.21801208127402527 0.19948186528497408
5 0.1814936847885777 0.6386010362694301 0.21471718835804504 0.19689119170984457
6 0.3904448105436573 0.19041450777202074 0.21306974190005493 0.19948186528497408
7 0.3912685337726524 0.39702072538860106 0.2114222954420648 0.15932642487046633
8 0.39236683141131246 0.6340673575129534 0.21032399780340472 0.16709844559585493
9 0.5030203185063152 0.8477979274611399 0.8555738605161999 0.1800518134715026
10 0.6015925315760571 0.17422279792746115 0.21252059308072488 0.172279792746114
11 0.6040637012630423 0.41580310880829013 0.21087314662273476 0.19430051813471502
12 0.6068094453596925 0.6327720207253886 0.21197144426139483 0.17746113989637305
2 0.8157605711147721 0.14961139896373057 0.21911037891268534 0.20077720207253885
3 0.8198791872597474 0.375 0.22075782537067545 0.21373056994818654
4 0.8182317408017573 0.6055699481865285 0.2185612300933553 0.20595854922279794