0 0.17865232163080408 0.17974683544303796 0.2146092865232163 0.17974683544303796
1 0.1803510758776897 0.39556962025316456 0.21347678369195924 0.15063291139240506
5 0.18261608154020384 0.6386075949367088 0.2146092865232163 0.1962025316455696
6 0.3941109852774632 0.18227848101265823 0.2129105322763307 0.17974683544303796
7 0.39156285390713474 0.3968354430379747 0.210079275198188 0.15822784810126583
8 0.3929784824462061 0.6354430379746835 0.20951302378255945 0.1670886075949367
9 0.5022650056625142 0.8683544303797468 0.8516421291053228 0.17215189873417722
10 0.6058890147225368 0.17405063291139242 0.21064552661381652 0.16075949367088607
11 0.603907134767837 0.4170886075949367 0.21121177802944507 0.19367088607594937
12 0.6036240090600227 0.6272151898734177 0.21177802944507362 0.2746835443037975
2 0.8202151755379389 0.15379746835443037 0.21913929784824462 0.30253164556962026
3 0.8202151755379389 0.330379746835443 0.21687429218573046 0.3721518987341772
4 0.818233295583239 0.5746835443037974 0.217440543601359 0.35443037974683544