0 0.8189143341815097 0.17557251908396945 0.21458863443596268 0.19083969465648856
1 0.8155216284987278 0.4074427480916031 0.21458863443596268 0.1736641221374046
5 0.8155216284987278 0.6383587786259542 0.21628498727735368 0.17748091603053434
6 0.6064461407972859 0.18129770992366412 0.21204410517387617 0.19083969465648856
7 0.6043256997455471 0.40076335877862596 0.20949957591178966 0.16412213740458015
8 0.6022052586938084 0.6393129770992366 0.21204410517387617 0.17557251908396945
9 0.49363867684478374 0.8664122137404581 0.8566581849024597 0.17938931297709923
10 0.3948261238337574 0.18702290076335878 0.21289228159457166 0.1984732824427481
11 0.3927056827820187 0.4360687022900763 0.21204410517387617 0.23473282442748092
12 0.3914334181509754 0.6641221374045801 0.21119592875318066 0.23282442748091603
2 0.1806615776081425 0.15744274809160305 0.21882951653944022 0.21946564885496184
3 0.17938931297709923 0.4255725190839695 0.2196776929601357 0.2748091603053435
4 0.17726887192536048 0.6440839694656488 0.2171331636980492 0.16984732824427481