0 0.1863013698630137 0.16666666666666666 0.21698630136986302 0.16279069767441862
1 0.18 0.39405684754521964 0.21424657534246574 0.14987080103359174
5 0.18547945205479452 0.6337209302325582 0.21315068493150685 0.17958656330749354
6 0.4005479452054794 0.1744186046511628 0.2104109589041096 0.17571059431524547
7 0.3915068493150685 0.39728682170542634 0.21095890410958903 0.15891472868217055
8 0.3956164383561644 0.6317829457364341 0.2126027397260274 0.15762273901808785
9 0.5019178082191781 0.8682170542635659 0.8515068493150685 0.17054263565891473
10 0.6106849315068493 0.19702842377260982 0.21095890410958903 0.20801033591731266
11 0.6038356164383561 0.4160206718346253 0.2104109589041096 0.1937984496124031
12 0.6079452054794521 0.6350129198966409 0.21424657534246574 0.17183462532299743
2 0.8189041095890411 0.14857881136950904 0.22082191780821916 0.17571059431524547
3 0.8208219178082192 0.32751937984496127 0.22136986301369863 0.2777777777777778
4 0.8213698630136986 0.5742894056847545 0.2191780821917808 0.2596899224806202