0 0.18023748939779474 0.17362428842504743 0.21119592875318066 0.18026565464895636
1 0.179813401187447 0.3946869070208729 0.21374045801526717 0.15180265654648956
5 0.181509754028838 0.6337760910815939 0.2171331636980492 0.17836812144212524
6 0.3927056827820187 0.17362428842504743 0.21374045801526717 0.16888045540796964
7 0.3914334181509754 0.39753320683111953 0.21119592875318066 0.15749525616698293
8 0.3948261238337574 0.6375711574952562 0.21289228159457166 0.16698292220113853
9 0.5021204410517388 0.8681214421252372 0.8515691263782866 0.17267552182163187
10 0.6064461407972859 0.18785578747628084 0.21374045801526717 0.18975332068311196
11 0.6043256997455471 0.4089184060721063 0.21628498727735368 0.2333965844402277
12 0.6047497879558948 0.6072106261859582 0.21374045801526717 0.269449715370019
2 0.8227311280746396 0.1366223908918406 0.21882951653944022 0.24667931688804554
3 0.8197625106022053 0.38519924098671726 0.2179813401187447 0.18975332068311196
4 0.8193384223918575 0.6290322580645161 0.2171331636980492 0.1840607210626186