0 0.17857142857142858 0.8206106870229007 0.21428571428571427 0.17938931297709923
1 0.1798469387755102 0.6059160305343512 0.21343537414965985 0.15076335877862596
5 0.18579931972789115 0.3702290076335878 0.21343537414965985 0.17557251908396945
6 0.3903061224489796 0.8215648854961832 0.2108843537414966 0.1736641221374046
7 0.39158163265306123 0.6020992366412213 0.2100340136054422 0.15839694656488548
8 0.39753401360544216 0.375 0.2100340136054422 0.14694656488549618
9 0.5089285714285714 0.15267175572519084 0.8528911564625851 0.20229007633587787
10 0.6054421768707483 0.8005725190839694 0.21258503401360543 0.22709923664122136
11 0.6037414965986394 0.5830152671755725 0.2108843537414966 0.19274809160305342
12 0.608843537414966 0.36354961832061067 0.21428571428571427 0.19274809160305342
2 0.8201530612244898 0.8654580152671756 0.2185374149659864 0.23091603053435114
3 0.8214285714285714 0.6393129770992366 0.21768707482993196 0.24045801526717558
4 0.8227040816326531 0.40553435114503816 0.22023809523809523 0.21946564885496184