0 0.8214285714285714 0.17947103274559195 0.21428571428571427 0.1801007556675063
1 0.8180272108843537 0.40428211586901763 0.21315192743764172 0.17632241813602015
5 0.8174603174603174 0.639168765743073 0.21428571428571427 0.1952141057934509
6 0.6094104308390023 0.17884130982367757 0.2108843537414966 0.17380352644836272
7 0.6085600907029478 0.3973551637279597 0.21031746031746032 0.1574307304785894
8 0.6071428571428571 0.6353904282115869 0.20975056689342403 0.16498740554156172
9 0.4977324263038549 0.8690176322418136 0.8514739229024944 0.1712846347607053
10 0.3982426303854875 0.17443324937027707 0.21258503401360543 0.172544080604534
11 0.3956916099773243 0.45843828715365237 0.2108843537414966 0.28463476070528965
12 0.3937074829931973 0.6819899244332494 0.21031746031746032 0.2682619647355164
2 0.1828231292517007 0.16561712846347607 0.21825396825396826 0.25566750629722923
3 0.1822562358276644 0.3809823677581864 0.2193877551020408 0.24307304785894207
4 0.18253968253968253 0.6360201511335013 0.2108843537414966 0.16876574307304787