0 0.8153191489361702 0.8330152671755725 0.2093617021276596 0.16221374045801526
1 0.82 0.6059160305343512 0.21361702127659574 0.15076335877862596
5 0.8178723404255319 0.3616412213740458 0.214468085106383 0.1965648854961832
6 0.6042553191489362 0.833969465648855 0.21106382978723404 0.16030534351145037
7 0.6085106382978723 0.6020992366412213 0.21106382978723404 0.15839694656488548
8 0.6072340425531915 0.3654580152671756 0.2102127659574468 0.16603053435114504
9 0.4978723404255319 0.1316793893129771 0.851063829787234 0.1717557251908397
10 0.39106382978723403 0.8263358778625954 0.21361702127659574 0.17557251908396945
11 0.39191489361702125 0.5601145038167938 0.21361702127659574 0.24618320610687022
12 0.39404255319148934 0.32538167938931295 0.214468085106383 0.26145038167938933
2 0.17617021276595746 0.8024809160305344 0.21617021276595744 0.23473282442748092
3 0.1778723404255319 0.6020992366412213 0.21617021276595744 0.24618320610687022
4 0.17914893617021277 0.38263358778625955 0.21872340425531914 0.2652671755725191