0 0.17861205915813425 0.8128172588832487 0.21387940841865757 0.1865482233502538
1 0.1831626848691695 0.5913705583756346 0.21387940841865757 0.1700507614213198
5 0.18088737201365188 0.34454314720812185 0.2150170648464164 0.2398477157360406
6 0.3905005688282139 0.817258883248731 0.21217292377701935 0.1802030456852792
7 0.39078498293515357 0.5862944162436549 0.21160409556313994 0.1802030456852792
8 0.39533560864618883 0.35088832487309646 0.21046643913538113 0.217005076142132
9 0.5022753128555176 0.16751269035532995 0.850967007963595 0.19035532994923857
10 0.6018202502844141 0.8134517766497462 0.21160409556313994 0.17766497461928935
11 0.6049488054607508 0.5812182741116751 0.21103526734926054 0.19289340101522842
12 0.6035267349260524 0.3635786802030457 0.21046643913538113 0.2017766497461929
2 0.8151308304891922 0.8508883248730964 0.22070534698521047 0.2068527918781726
3 0.8156996587030717 0.6142131979695431 0.2161547212741752 0.233502538071066
4 0.8156996587030717 0.3756345177664975 0.21729237770193402 0.21065989847715735