0 0.18797814207650274 0.17396907216494845 0.21311475409836064 0.18041237113402062
1 0.1882513661202186 0.39819587628865977 0.21147540983606558 0.16752577319587628
5 0.18469945355191256 0.6378865979381443 0.21420765027322405 0.16752577319587628
6 0.3989071038251366 0.1797680412371134 0.21202185792349726 0.18943298969072164
7 0.3978142076502732 0.4007731958762887 0.21092896174863388 0.17010309278350516
8 0.3978142076502732 0.6365979381443299 0.21202185792349726 0.17010309278350516
9 0.5087431693989071 0.8614690721649485 0.8546448087431694 0.17396907216494845
10 0.6098360655737705 0.18878865979381443 0.21092896174863388 0.19458762886597938
11 0.6079234972677595 0.41494845360824745 0.21147540983606558 0.19845360824742267
12 0.6112021857923498 0.6346649484536082 0.21147540983606558 0.19716494845360824
2 0.8218579234972677 0.1643041237113402 0.2185792349726776 0.18943298969072164
3 0.821584699453552 0.39884020618556704 0.21366120218579235 0.1713917525773196
4 0.8243169398907104 0.6211340206185567 0.21475409836065573 0.17010309278350516