0 0.8214285714285714 0.1785028790786948 0.21428571428571427 0.18042226487523993
1 0.8201530612244898 0.3944337811900192 0.21343537414965985 0.15163147792706333
5 0.8176020408163265 0.6391554702495201 0.2151360544217687 0.19577735124760076
6 0.6075680272108843 0.1833013435700576 0.21343537414965985 0.18618042226487524
7 0.6045918367346939 0.41746641074856045 0.21428571428571427 0.1785028790786948
8 0.6033163265306123 0.6381957773512476 0.2151360544217687 0.1785028790786948
9 0.49787414965986393 0.8685220729366603 0.8511904761904762 0.1708253358925144
10 0.39413265306122447 0.1785028790786948 0.21173469387755103 0.18809980806142035
11 0.39625850340136054 0.41746641074856045 0.2108843537414966 0.19385796545105566
12 0.391156462585034 0.6391554702495201 0.21428571428571427 0.3761996161228407
2 0.18027210884353742 0.15067178502879078 0.22108843537414966 0.30134357005758156
3 0.17899659863945577 0.3493282149712092 0.21683673469387754 0.29174664107485604
4 0.17559523809523808 0.6007677543186181 0.22534013605442177 0.19961612284069097