0 0.17857142857142858 0.17974683544303796 0.21428571428571427 0.17974683544303796
1 0.18027210884353742 0.39556962025316456 0.21315192743764172 0.15063291139240506
5 0.18253968253968253 0.6386075949367088 0.21428571428571427 0.1962025316455696
6 0.39058956916099774 0.17848101265822786 0.2108843537414966 0.17468354430379746
7 0.39143990929705214 0.3968354430379747 0.21031746031746032 0.15822784810126583
8 0.39285714285714285 0.6354430379746835 0.20975056689342403 0.1670886075949367
9 0.5022675736961452 0.8683544303797468 0.8514739229024944 0.17215189873417722
10 0.6017573696145124 0.17468354430379746 0.21258503401360543 0.17215189873417722
11 0.6040249433106576 0.4170886075949367 0.21145124716553287 0.19367088607594937
12 0.6045918367346939 0.6468354430379747 0.213718820861678 0.19240506329113924
2 0.8160430839002267 0.15126582278481013 0.21825396825396826 0.20126582278481012
3 0.8168934240362812 0.4006329113924051 0.21315192743764172 0.15822784810126583
4 0.8174603174603174 0.6367088607594936 0.2108843537414966 0.16962025316455695