0 0.8214588634435963 0.8218390804597702 0.21458863443596268 0.18007662835249041
1 0.820186598812553 0.6053639846743295 0.21374045801526717 0.14942528735632185
5 0.8180661577608143 0.3611111111111111 0.21458863443596268 0.19731800766283525
6 0.6094147582697201 0.8218390804597702 0.21119592875318066 0.1724137931034483
7 0.6085665818490246 0.6024904214559387 0.21119592875318066 0.15900383141762453
8 0.6072943172179813 0.3649425287356322 0.21034775233248515 0.16666666666666666
9 0.4944868532654792 0.13697318007662834 0.8566581849024597 0.20114942528735633
10 0.39737065309584396 0.8113026819923371 0.21289228159457166 0.1896551724137931
11 0.3948261238337574 0.5766283524904214 0.21289228159457166 0.2222222222222222
12 0.3944020356234097 0.3381226053639847 0.21374045801526717 0.22030651340996169
2 0.183206106870229 0.8467432950191571 0.2205258693808312 0.2720306513409962
3 0.18023748939779474 0.6168582375478927 0.22137404580152673 0.2796934865900383
4 0.17938931297709923 0.35727969348659006 0.2196776929601357 0.2624521072796935