0 0.18856048166392994 0.8288288288288288 0.210727969348659 0.16731016731016732
1 0.18801313628899835 0.5990990990990991 0.21182266009852216 0.16087516087516088
5 0.18664477285166942 0.3577863577863578 0.21237000547345375 0.16216216216216217
6 0.3981937602627258 0.8159588159588159 0.20963327859879585 0.18532818532818532
7 0.3981937602627258 0.5933075933075933 0.20853858784893267 0.17245817245817247
8 0.39272030651340994 0.3655083655083655 0.20963327859879585 0.16731016731016732
9 0.5019157088122606 0.13191763191763192 0.8516694033935414 0.17117117117117117
10 0.6083743842364532 0.8075933075933076 0.2140120415982485 0.19433719433719435
11 0.6050903119868637 0.5411840411840412 0.21182266009852216 0.27927927927927926
12 0.6075533661740559 0.31724581724581724 0.2112753147235906 0.27413127413127414
2 0.819376026272578 0.833976833976834 0.2200328407224959 0.28314028314028317
3 0.8207443897099069 0.6184041184041184 0.21839080459770116 0.25868725868725867
4 0.8212917350848385 0.3770913770913771 0.21729611384783798 0.2059202059202059