0 0.18273972602739727 0.8281853281853282 0.21643835616438356 0.16087516087516088
1 0.18356164383561643 0.6055341055341056 0.2136986301369863 0.18146718146718147
5 0.18191780821917808 0.36229086229086227 0.2147945205479452 0.1969111969111969
6 0.393972602739726 0.824967824967825 0.2126027397260274 0.1879021879021879
7 0.3915068493150685 0.6029601029601029 0.21095890410958903 0.1583011583011583
8 0.3926027397260274 0.3661518661518662 0.20986301369863014 0.16602316602316602
9 0.5008219178082192 0.14993564993564992 0.8547945205479452 0.1866151866151866
10 0.6071232876712329 0.8211068211068211 0.2126027397260274 0.1981981981981982
11 0.6038356164383561 0.5836550836550837 0.2104109589041096 0.19176319176319176
12 0.606027397260274 0.4124839124839125 0.2147945205479452 0.26898326898326896
2 0.821917808219178 0.8732303732303732 0.2191780821917808 0.2483912483912484
3 0.8213698630136986 0.6312741312741312 0.2191780821917808 0.18404118404118405
4 0.8216438356164384 0.3764478764478765 0.21863013698630138 0.19176319176319176