0 0.17857142857142858 0.8202531645569621 0.21428571428571427 0.17974683544303796
1 0.18197278911564627 0.6069620253164557 0.21315192743764172 0.1911392405063291
5 0.18253968253968253 0.3613924050632911 0.21428571428571427 0.1962025316455696
6 0.39058956916099774 0.8215189873417722 0.2108843537414966 0.17468354430379746
7 0.39143990929705214 0.6031645569620253 0.21031746031746032 0.15822784810126583
8 0.39285714285714285 0.36455696202531646 0.20975056689342403 0.1670886075949367
9 0.5005668934240363 0.15126582278481013 0.8503401360544217 0.1759493670886076
10 0.6037414965986394 0.7835443037974683 0.2108843537414966 0.2481012658227848
11 0.6040249433106576 0.5829113924050633 0.21145124716553287 0.19367088607594937
12 0.6040249433106576 0.3512658227848101 0.21145124716553287 0.31772151898734174
2 0.8168934240362812 0.8512658227848101 0.21882086167800455 0.2974683544303797
3 0.8174603174603174 0.6613924050632911 0.21768707482993196 0.3
4 0.8183106575963719 0.3924050632911392 0.2193877551020408 0.22025316455696203