0 0.1784197111299915 0.8206106870229007 0.2141036533559898 0.17938931297709923
1 0.18011894647408666 0.6059160305343512 0.2141036533559898 0.15076335877862596
5 0.1822429906542056 0.3616412213740458 0.21495327102803738 0.1965648854961832
6 0.3903993203058624 0.8215648854961832 0.21155480033984708 0.1736641221374046
7 0.39167374681393374 0.6020992366412213 0.2107051826677995 0.15839694656488548
8 0.39507221750212407 0.36736641221374045 0.21240441801189464 0.16984732824427481
9 0.5033984706881903 0.14980916030534353 0.8555649957519117 0.16221374045801526
10 0.6015293118096856 0.8263358778625954 0.21240441801189464 0.1717557251908397
11 0.6040781648258283 0.5830152671755725 0.2107051826677995 0.19274809160305342
12 0.607051826677995 0.37786259541984735 0.21325403568394222 0.2099236641221374
2 0.8190314358538657 0.8673664122137404 0.22090059473237042 0.22709923664122136
3 0.820730671197961 0.6269083969465649 0.21750212404418012 0.18893129770992367
4 0.8220050977060323 0.38263358778625955 0.21495327102803738 0.1736641221374046