0 0.17854113655640375 0.17938931297709923 0.21458863443596268 0.17938931297709923
1 0.179813401187447 0.39408396946564883 0.21374045801526717 0.15076335877862596
5 0.18193384223918574 0.6383587786259542 0.21458863443596268 0.1965648854961832
6 0.3905852417302799 0.1784351145038168 0.21119592875318066 0.1736641221374046
7 0.3914334181509754 0.3979007633587786 0.21119592875318066 0.15839694656488548
8 0.3927056827820187 0.6345419847328244 0.21034775233248515 0.16603053435114504
9 0.5021204410517388 0.8683206106870229 0.8515691263782866 0.1717557251908397
10 0.6072943172179813 0.1765267175572519 0.21034775233248515 0.25
11 0.6039016115351993 0.4580152671755725 0.21374045801526717 0.3282442748091603
12 0.6051738761662426 0.6736641221374046 0.21628498727735368 0.3053435114503817
2 0.821882951653944 0.1431297709923664 0.2205258693808312 0.2862595419847328
3 0.8214588634435963 0.35877862595419846 0.2196776929601357 0.2480916030534351
4 0.8206106870229007 0.6049618320610687 0.21628498727735368 0.26717557251908397