0 0.8159626988480526 0.17609254498714652 0.2133845309928689 0.17737789203084833
1 0.8203510696653867 0.3939588688946015 0.2133845309928689 0.15038560411311053
5 0.8178826110806363 0.6381748071979434 0.21503017004936917 0.19665809768637532
6 0.6025781678551838 0.17673521850899743 0.21119034558420186 0.17352185089974292
7 0.6086121777290181 0.397172236503856 0.21009325287986835 0.15938303341902313
8 0.6075150850246845 0.634318766066838 0.20899616017553482 0.16580976863753213
9 0.49808008776741636 0.8682519280205655 0.8513439385628085 0.17095115681233933
10 0.39221064179923204 0.17609254498714652 0.2106417992320351 0.17737789203084833
11 0.39577619308831596 0.46272493573264784 0.21448162369720242 0.3033419023136247
12 0.3935820076796489 0.7024421593830334 0.2133845309928689 0.30719794344473006
2 0.1821173889193637 0.17159383033419023 0.21941854086670323 0.3380462724935733
3 0.18129456939111355 0.3740359897172236 0.2210641799232035 0.2930591259640103
4 0.1807460230389468 0.6034704370179949 0.21777290181020295 0.2506426735218509