0 0.8163698049194232 0.8377862595419847 0.21289228159457166 0.1717557251908397
1 0.8155216284987278 0.6154580152671756 0.21458863443596268 0.20038167938931298
5 0.81509754028838 0.375 0.2154368108566582 0.1851145038167939
6 0.6039016115351993 0.8196564885496184 0.21204410517387617 0.18893129770992367
7 0.6043256997455471 0.6030534351145038 0.21289228159457166 0.15267175572519084
8 0.6039016115351993 0.375 0.21374045801526717 0.18893129770992367
9 0.4961832061068702 0.1650763358778626 0.8549618320610687 0.21946564885496184
10 0.39185750636132316 0.8234732824427481 0.21374045801526717 0.1851145038167939
11 0.3922815945716709 0.6001908396946565 0.21289228159457166 0.17748091603053434
12 0.39185750636132316 0.3788167938931298 0.21374045801526717 0.19274809160305342
2 0.17769296013570823 0.8520992366412213 0.2196776929601357 0.1851145038167939
3 0.17726887192536048 0.6116412213740458 0.2154368108566582 0.20038167938931298
4 0.17769296013570823 0.37595419847328243 0.2196776929601357 0.16412213740458015