0 0.817062818336163 0.8257142857142857 0.21137521222410866 0.1580952380952381
1 0.815365025466893 0.599047619047619 0.21307300509337862 0.14666666666666667
5 0.8149405772495756 0.3619047619047619 0.21392190152801357 0.1676190476190476
6 0.6052631578947368 0.8257142857142857 0.21392190152801357 0.1580952380952381
7 0.6039898132427843 0.6009523809523809 0.21477079796264856 0.1619047619047619
8 0.6018675721561969 0.3628571428571429 0.21222410865874364 0.16952380952380952
9 0.49108658743633277 0.1380952380952381 0.8548387096774194 0.17333333333333334
10 0.3934634974533107 0.8161904761904762 0.21477079796264856 0.1619047619047619
11 0.39176570458404075 0.5847619047619048 0.21137521222410866 0.1980952380952381
12 0.3883701188455008 0.3647619047619048 0.21137521222410866 0.1961904761904762
2 0.17784380305602718 0.8352380952380952 0.21816638370118846 0.18857142857142858
3 0.17826825127334464 0.6 0.21392190152801357 0.17142857142857143
4 0.17529711375212223 0.3780952380952381 0.21477079796264856 0.16952380952380952