0 0.8172602739726027 0.8204633204633205 0.21424657534246574 0.18146718146718147
1 0.8167123287671233 0.5881595881595881 0.21205479452054796 0.16473616473616473
5 0.816986301369863 0.35135135135135137 0.2115068493150685 0.21106821106821108
6 0.606027397260274 0.8198198198198198 0.2104109589041096 0.16988416988416988
7 0.6076712328767123 0.5997425997425997 0.2126027397260274 0.15701415701415702
8 0.6054794520547945 0.3507078507078507 0.2115068493150685 0.1994851994851995
9 0.4980821917808219 0.13256113256113256 0.8515068493150685 0.17245817245817247
10 0.39452054794520547 0.8217503217503217 0.2115068493150685 0.16859716859716858
11 0.39534246575342463 0.5598455598455598 0.21424657534246574 0.23680823680823682
12 0.393972602739726 0.32625482625482627 0.2115068493150685 0.25353925353925355
2 0.18082191780821918 0.8166023166023166 0.21808219178082192 0.20463320463320464
3 0.18082191780821918 0.5913770913770914 0.21698630136986302 0.1891891891891892
4 0.18054794520547945 0.35263835263835264 0.22082191780821916 0.18532818532818532