0 0.1826677994902294 0.8238095238095238 0.2141036533559898 0.18476190476190477
1 0.1860662701784197 0.5952380952380952 0.21240441801189464 0.1580952380952381
5 0.18776550552251486 0.35904761904761906 0.21240441801189464 0.1580952380952381
6 0.3903993203058624 0.8219047619047619 0.21155480033984708 0.17333333333333334
7 0.39167374681393374 0.6028571428571429 0.2107051826677995 0.1580952380952381
8 0.3929481733220051 0.3647619047619048 0.20985556499575192 0.1657142857142857
9 0.5021240441801189 0.13142857142857142 0.8513169073916738 0.17142857142857143
10 0.6062022090059473 0.8114285714285714 0.21495327102803738 0.1980952380952381
11 0.6066270178419712 0.5466666666666666 0.2141036533559898 0.29714285714285715
12 0.6066270178419712 0.3171428571428571 0.21580288870008496 0.32571428571428573
2 0.820730671197961 0.8314285714285714 0.21920135938827529 0.33714285714285713
3 0.8220050977060323 0.6409523809523809 0.21665250637213254 0.3942857142857143
4 0.8237043330501275 0.4219047619047619 0.2183517417162277 0.3142857142857143