0 0.8176420695504665 0.8352490421455939 0.21374045801526717 0.16475095785440613
1 0.820186598812553 0.6053639846743295 0.21374045801526717 0.14942528735632185
5 0.8180661577608143 0.3611111111111111 0.21458863443596268 0.19731800766283525
6 0.6051738761662426 0.8189655172413793 0.20949957591178966 0.1896551724137931
7 0.6085665818490246 0.6024904214559387 0.21119592875318066 0.15900383141762453
8 0.6072943172179813 0.3649425287356322 0.21034775233248515 0.16666666666666666
9 0.49787955894826125 0.13122605363984674 0.8515691263782866 0.17049808429118773
10 0.3935538592027142 0.8237547892720306 0.21374045801526717 0.1839080459770115
11 0.39567430025445294 0.5833333333333334 0.21119592875318066 0.19348659003831417
12 0.3935538592027142 0.35727969348659006 0.21204410517387617 0.18582375478927204
2 0.18023748939779474 0.8227969348659003 0.2196776929601357 0.19348659003831417
3 0.17896522476675147 0.5909961685823755 0.21882951653944022 0.1896551724137931
4 0.1806615776081425 0.36590038314176243 0.2205258693808312 0.1724137931034483