0 0.8214588634435963 0.1793168880455408 0.21458863443596268 0.18026565464895636
1 0.820186598812553 0.3946869070208729 0.21374045801526717 0.15180265654648956
5 0.8180661577608143 0.6385199240986718 0.21458863443596268 0.1954459203036053
6 0.6043256997455471 0.16888045540796964 0.21628498727735368 0.16698292220113853
7 0.6022052586938084 0.40227703984819735 0.2154368108566582 0.1555977229601518
8 0.6005089058524173 0.6299810246679317 0.21204410517387617 0.18216318785578747
9 0.49321458863443596 0.864326375711575 0.8608990670059372 0.17647058823529413
10 0.39185750636132316 0.1859582542694497 0.21374045801526717 0.1859582542694497
11 0.3884648006785411 0.39753320683111953 0.21204410517387617 0.17647058823529413
12 0.38761662425784565 0.6404174573055028 0.21374045801526717 0.18026565464895636
2 0.17726887192536048 0.18785578747628084 0.2205258693808312 0.22011385199240988
3 0.17514843087362172 0.4278937381404175 0.2196776929601357 0.2144212523719165
4 0.17387616624257846 0.6527514231499051 0.2154368108566582 0.21631878557874762