0 0.8214285714285714 0.8218390804597702 0.21428571428571427 0.18007662835249041
1 0.8201530612244898 0.6159003831417624 0.2151360544217687 0.22030651340996169
5 0.8176020408163265 0.3611111111111111 0.2151360544217687 0.19731800766283525
6 0.6062925170068028 0.8247126436781609 0.21598639455782312 0.19348659003831417
7 0.6084183673469388 0.6024904214559387 0.2100340136054422 0.15900383141762453
8 0.60671768707483 0.38697318007662834 0.21343537414965985 0.19923371647509577
9 0.49787414965986393 0.1724137931034483 0.8511904761904762 0.2222222222222222
10 0.39413265306122447 0.803639846743295 0.21343537414965985 0.22413793103448276
11 0.3945578231292517 0.5622605363984674 0.2108843537414966 0.2471264367816092
12 0.39625850340136054 0.3773946360153257 0.20918367346938777 0.1839080459770115
2 0.179421768707483 0.8400383141762452 0.22108843537414966 0.1781609195402299
3 0.179421768707483 0.6273946360153256 0.21768707482993196 0.19348659003831417
4 0.18027210884353742 0.4166666666666667 0.21598639455782312 0.2509578544061303