0 0.818233295583239 0.8299748110831234 0.21630804077010193 0.1712846347607053
1 0.8171007927519819 0.5913098236775819 0.21404303510758776 0.17002518891687657
5 0.8173839184597962 0.3602015113350126 0.2146092865232163 0.1964735516372796
6 0.6067383918459797 0.8236775818639799 0.21121177802944507 0.15113350125944586
7 0.6053227633069083 0.5938287153652393 0.20838052095130238 0.1624685138539043
8 0.6044733861834655 0.3513853904282116 0.21121177802944507 0.21662468513853905
9 0.49745186862967156 0.13035264483627204 0.8522083805209513 0.172544080604534
10 0.3943941109852775 0.818639798488665 0.210079275198188 0.16624685138539042
11 0.39580973952434884 0.5648614609571788 0.21064552661381652 0.22544080604534006
12 0.39269535673839184 0.3501259445843829 0.2089467723669309 0.20151133501259447
2 0.18091732729331822 0.8054156171284634 0.21687429218573046 0.1977329974811083
3 0.18346545866364666 0.5743073047858942 0.2129105322763307 0.20654911838790932
4 0.18204983012457532 0.3633501259445844 0.21121177802944507 0.17002518891687657