0 0.18479184367034834 0.8330134357005758 0.20985556499575192 0.1765834932821497
1 0.18521665250637212 0.6046065259117083 0.20900594732370434 0.1727447216890595
5 0.1822429906542056 0.36084452975047987 0.21495327102803738 0.19577735124760076
6 0.3963466440101954 0.8224568138195777 0.21155480033984708 0.1785028790786948
7 0.39507221750212407 0.6055662188099808 0.21240441801189464 0.15930902111324377
8 0.3929481733220051 0.3646833013435701 0.20985556499575192 0.16506717850287908
9 0.5038232795242141 0.13915547024952016 0.8530161427357689 0.21689059500959693
10 0.6079014443500425 0.8119001919385797 0.20815632965165676 0.19577735124760076
11 0.6066270178419712 0.5844529750479847 0.21240441801189464 0.2053742802303263
12 0.607051826677995 0.3474088291746641 0.21325403568394222 0.19961612284069097
2 0.8232795242141037 0.8387715930902111 0.21750212404418012 0.21497120921305182
3 0.8220050977060323 0.6065259117082533 0.21665250637213254 0.21497120921305182
4 0.820730671197961 0.3800383877159309 0.21920135938827529 0.1765834932821497