0 0.8214285714285714 0.8218390804597702 0.21428571428571427 0.18007662835249041
1 0.8201530612244898 0.6053639846743295 0.21343537414965985 0.14942528735632185
5 0.8176020408163265 0.3611111111111111 0.2151360544217687 0.19731800766283525
6 0.6075680272108843 0.8218390804597702 0.21343537414965985 0.1839080459770115
7 0.60671768707483 0.5909961685823755 0.21343537414965985 0.1781609195402299
8 0.6050170068027211 0.3668582375478927 0.21173469387755103 0.16283524904214558
9 0.49404761904761907 0.13984674329501914 0.8571428571428571 0.16475095785440613
10 0.3945578231292517 0.8007662835249042 0.21428571428571427 0.2260536398467433
11 0.3937074829931973 0.5383141762452107 0.21428571428571427 0.27586206896551724
12 0.391156462585034 0.32662835249042144 0.21428571428571427 0.22413793103448276
2 0.179421768707483 0.8237547892720306 0.21598639455782312 0.19540229885057472
3 0.179421768707483 0.6091954022988506 0.21768707482993196 0.15708812260536398
4 0.1764455782312925 0.36973180076628354 0.2185374149659864 0.210727969348659