0 0.185957213384531 0.163860103626943 0.2161272627537027 0.1645077720207254
1 0.18623148656061436 0.4022020725388601 0.21557871640153592 0.17487046632124353
5 0.1818431157432803 0.6386010362694301 0.21448162369720242 0.19689119170984457
6 0.39166209544706526 0.18069948186528498 0.21173889193636863 0.16968911917098445
7 0.3913878222709819 0.3963730569948187 0.21119034558420186 0.15803108808290156
8 0.3924849149753154 0.6347150259067358 0.21009325287986835 0.16580310880829016
9 0.5002742731760834 0.8575129533678757 0.8535381239714755 0.23316062176165803
10 0.6064179923203511 0.17746113989637305 0.21448162369720242 0.17098445595854922
11 0.6042238069116841 0.4164507772020725 0.21119034558420186 0.1955958549222798
12 0.6031267142073505 0.655440414507772 0.21667580910586945 0.21502590673575128
2 0.821996708721887 0.1560880829015544 0.21777290181020295 0.30958549222797926
3 0.8217224355458036 0.35103626943005184 0.22051563357103676 0.29533678756476683
4 0.81980252331322 0.5990932642487047 0.21886999451453648 0.23704663212435234