0 0.8145526613816535 0.8236775818639799 0.2146092865232163 0.18387909319899245
1 0.815118912797282 0.6026448362720404 0.21234428086070214 0.18513853904282115
5 0.8173839184597962 0.3608312342569269 0.2146092865232163 0.1952141057934509
6 0.6033408833522084 0.8236775818639799 0.21121177802944507 0.18639798488664988
7 0.6084371460928653 0.6026448362720404 0.210079275198188 0.1574307304785894
8 0.6070215175537939 0.3646095717884131 0.20951302378255945 0.16498740554156172
9 0.49773499433748586 0.1486146095717884 0.8493771234428086 0.24685138539042822
10 0.3983578708946772 0.825566750629723 0.21234428086070214 0.172544080604534
11 0.3932616081540204 0.5780856423173804 0.21234428086070214 0.21914357682619648
12 0.39467723669309174 0.3897984886649874 0.20951302378255945 0.2380352644836272
2 0.177519818799547 0.8532745591939547 0.21800679501698755 0.2380352644836272
3 0.17978482446206115 0.6114609571788413 0.21687429218573046 0.20277078085642317
4 0.18261608154020384 0.36397984886649876 0.21121177802944507 0.16876574307304787