0 0.8193181818181818 0.17929292929292928 0.2125 0.13383838383838384
1 0.8170454545454545 0.40845959595959597 0.21363636363636362 0.17045454545454544
5 0.8173295454545455 0.639520202020202 0.21420454545454545 0.19570707070707072
6 0.6085227272727273 0.1893939393939394 0.21136363636363636 0.1590909090909091
7 0.6053977272727272 0.4059343434343434 0.20852272727272728 0.16287878787878787
8 0.6045454545454545 0.648989898989899 0.21136363636363636 0.21717171717171718
9 0.49772727272727274 0.8541666666666666 0.8568181818181818 0.19065656565656566
10 0.39744318181818183 0.17803030303030304 0.2119318181818182 0.15151515151515152
11 0.3963068181818182 0.4166666666666667 0.21079545454545454 0.23737373737373738
12 0.3951704545454545 0.6357323232323232 0.2096590909090909 0.2335858585858586
2 0.18323863636363635 0.13194444444444445 0.22215909090909092 0.24621212121212122
3 0.18352272727272728 0.3680555555555556 0.21818181818181817 0.24621212121212122
4 0.18153409090909092 0.615530303030303 0.21988636363636363 0.19570707070707072