0 0.17865232163080408 0.17929292929292928 0.2146092865232163 0.17929292929292928
1 0.1803510758776897 0.39457070707070707 0.21347678369195924 0.15025252525252525
5 0.18261608154020384 0.639520202020202 0.2146092865232163 0.19570707070707072
6 0.39382785956964894 0.18244949494949494 0.21121177802944507 0.17803030303030304
7 0.39156285390713474 0.3970959595959596 0.210079275198188 0.15782828282828282
8 0.3929784824462061 0.6357323232323232 0.20951302378255945 0.16540404040404041
9 0.5022650056625142 0.8686868686868687 0.8516421291053228 0.1717171717171717
10 0.6016421291053228 0.17424242424242425 0.21234428086070214 0.1717171717171717
11 0.603907134767837 0.41792929292929293 0.21121177802944507 0.19444444444444445
12 0.6030577576443941 0.6660353535353535 0.21177802944507362 0.23863636363636365
2 0.8190826727066818 0.1849747474747475 0.2202718006795017 0.26641414141414144
3 0.8179501698754247 0.4008838383838384 0.21800679501698755 0.23106060606060605
4 0.8173839184597962 0.6363636363636364 0.21121177802944507 0.1691919191919192