0 0.18003412969283278 0.19061302681992337 0.21331058020477817 0.1896551724137931
1 0.1825938566552901 0.4042145593869732 0.21331058020477817 0.1685823754789272
5 0.18515358361774745 0.6388888888888888 0.21331058020477817 0.18582375478927204
6 0.39419795221843 0.1752873563218391 0.21160409556313994 0.17049808429118773
7 0.39121160409556316 0.3975095785440613 0.21075085324232082 0.15900383141762453
8 0.39291808873720135 0.6350574712643678 0.21075085324232082 0.16666666666666666
9 0.507679180887372 0.8649425287356322 0.8515358361774744 0.19348659003831417
10 0.606655290102389 0.1781609195402299 0.21160409556313994 0.18773946360153257
11 0.6062286689419796 0.4434865900383142 0.21416382252559726 0.24329501915708812
12 0.6083617747440273 0.6637931034482759 0.21331058020477817 0.29310344827586204
2 0.8191126279863481 0.15134099616858238 0.22184300341296928 0.25287356321839083
3 0.8212457337883959 0.3888888888888889 0.2158703071672355 0.20306513409961685
4 0.8233788395904437 0.6264367816091954 0.2167235494880546 0.19157088122605365