0 0.18403730115194733 0.17609254498714652 0.2133845309928689 0.17737789203084833
1 0.17964893033461327 0.3939588688946015 0.2133845309928689 0.15038560411311053
5 0.1821173889193637 0.6381748071979434 0.21503017004936917 0.19665809768637532
6 0.39742183214481624 0.17673521850899743 0.21119034558420186 0.17352185089974292
7 0.3913878222709819 0.397172236503856 0.21009325287986835 0.15938303341902313
8 0.3924849149753154 0.634318766066838 0.20899616017553482 0.16580976863753213
9 0.5019199122325837 0.8682519280205655 0.8513439385628085 0.17095115681233933
10 0.607789358200768 0.17609254498714652 0.2106417992320351 0.17737789203084833
11 0.6042238069116841 0.46272493573264784 0.21448162369720242 0.3033419023136247
12 0.6064179923203511 0.7024421593830334 0.2133845309928689 0.30719794344473006
2 0.8178826110806363 0.17159383033419023 0.21941854086670323 0.3380462724935733
3 0.8187054306088865 0.3740359897172236 0.2210641799232035 0.2930591259640103
4 0.8192539769610532 0.6034704370179949 0.21777290181020295 0.2506426735218509