0 0.8171283210853589 0.8312342569269522 0.21424533634821932 0.17380352644836272
1 0.819672131147541 0.6051637279596978 0.21368004522328998 0.14987405541561713
5 0.8174109666478236 0.3608312342569269 0.21481062747314866 0.1952141057934509
6 0.6048615036743923 0.8173803526448362 0.21028829847371397 0.19143576826196473
7 0.6082532504239684 0.6026448362720404 0.21028829847371397 0.1574307304785894
8 0.606840022611645 0.3646095717884131 0.20972300734878463 0.16498740554156172
9 0.49773883550028264 0.1309823677581864 0.8518937252685133 0.1712846347607053
10 0.39400791407574903 0.8091939546599496 0.2091577162238553 0.18261964735516373
11 0.3959864330130017 0.5818639798488665 0.2108535895986433 0.19395465994962216
12 0.39542114188807237 0.38161209068010077 0.20972300734878463 0.21662468513853905
2 0.17976257772752968 0.8633501259445844 0.22046353872244207 0.24307304785894207
3 0.18174109666478236 0.6272040302267002 0.21763708309779536 0.24685138539042822
4 0.18117580553985302 0.38413098236775817 0.21763708309779536 0.19395465994962216