0 0.1785109983079526 0.8206106870229007 0.21489001692047377 0.17938931297709923
1 0.1802030456852792 0.6059160305343512 0.2131979695431472 0.15076335877862596
5 0.1823181049069374 0.3616412213740458 0.2140439932318105 0.1965648854961832
6 0.3934010152284264 0.8320610687022901 0.2131979695431472 0.16793893129770993
7 0.39382402707275804 0.5954198473282443 0.21742808798646363 0.17557251908396945
8 0.3925549915397631 0.3654580152671756 0.2098138747884941 0.16603053435114504
9 0.5021150592216582 0.1316793893129771 0.8519458544839256 0.1717557251908397
10 0.6065989847715736 0.8225190839694656 0.2131979695431472 0.183206106870229
11 0.6070219966159053 0.5687022900763359 0.21235194585448391 0.23282442748091603
12 0.6065989847715736 0.3597328244274809 0.2131979695431472 0.2385496183206107
2 0.8210659898477157 0.8568702290076335 0.21912013536379019 0.2824427480916031
3 0.821912013536379 0.6288167938931297 0.22081218274111675 0.24236641221374045
4 0.8206429780033841 0.3597328244274809 0.2182741116751269 0.23091603053435114