0 0.8159682899207248 0.8350125944584383 0.21177802944507362 0.18387909319899245
1 0.8196489241223103 0.6051637279596978 0.21347678369195924 0.14987405541561713
5 0.8173839184597962 0.3608312342569269 0.2146092865232163 0.1952141057934509
6 0.6056058890147226 0.8117128463476071 0.21347678369195924 0.21536523929471033
7 0.6084371460928653 0.6026448362720404 0.210079275198188 0.1574307304785894
8 0.6053227633069083 0.37468513853904284 0.21177802944507362 0.21788413098236775
9 0.4983012457531144 0.14798488664987405 0.8505096262740657 0.25818639798488663
10 0.3929784824462061 0.8035264483627204 0.21064552661381652 0.19899244332493704
11 0.39665911664779163 0.5768261964735516 0.21234428086070214 0.20654911838790932
12 0.394960362400906 0.34886649874055414 0.21234428086070214 0.17632241813602015
2 0.17921857304643263 0.8406801007556675 0.21913929784824462 0.2128463476070529
3 0.18204983012457532 0.6158690176322418 0.21687429218573046 0.22921914357682618
4 0.18063420158550397 0.3765743073047859 0.21970554926387317 0.20151133501259447