0 0.18531659388646288 0.16944801026957637 0.21561135371179038 0.17715019255455713
1 0.18640829694323144 0.39666238767650835 0.21233624454148473 0.14890885750962773
5 0.185589519650655 0.6341463414634146 0.212882096069869 0.17201540436456997
6 0.3971069868995633 0.1797175866495507 0.21124454148471616 0.18485237483953787
7 0.3941048034934498 0.4069319640564827 0.21397379912663755 0.17458279845956354
8 0.3968340611353712 0.6418485237483954 0.21397379912663755 0.16944801026957637
9 0.5019104803493449 0.8677792041078306 0.8509825327510917 0.17201540436456997
10 0.607532751091703 0.18613607188703465 0.212882096069869 0.1797175866495507
11 0.6078056768558951 0.43645699614890887 0.2134279475982533 0.2336328626444159
12 0.6083515283842795 0.6521181001283697 0.2177947598253275 0.251604621309371
2 0.8206877729257642 0.1681643132220796 0.22216157205240175 0.2336328626444159
3 0.82014192139738 0.383183568677792 0.2210698689956332 0.24005134788189988
4 0.8231441048034934 0.6174582798459564 0.21506550218340612 0.18741976893453144