0 0.8217934165720772 0.8202531645569621 0.21452894438138478 0.17974683544303796
1 0.8195232690124858 0.6044303797468354 0.2133938706015891 0.15063291139240506
5 0.8172531214528944 0.3613924050632911 0.21452894438138478 0.1962025316455696
6 0.6092508513053349 0.8215189873417722 0.21169125993189558 0.17468354430379746
7 0.608683314415437 0.6031645569620253 0.2105561861520999 0.15822784810126583
8 0.6069807037457434 0.36455696202531646 0.2105561861520999 0.1670886075949367
9 0.4974460839954597 0.13164556962025317 0.8518728717366629 0.17215189873417722
10 0.3978433598183882 0.8253164556962025 0.2122587968217934 0.17215189873417722
11 0.3955732122587968 0.5829113924050633 0.21112372304199772 0.19367088607594937
12 0.3961407491486947 0.37658227848101267 0.20885357548240635 0.18354430379746836
2 0.18359818388195231 0.8487341772151898 0.2185017026106697 0.20126582278481012
3 0.18331441543700341 0.5993670886075949 0.2133938706015891 0.15822784810126583
4 0.18217934165720773 0.3632911392405063 0.21112372304199772 0.16962025316455695