0 0.1803510758776897 0.18198992443324938 0.2146092865232163 0.190176322418136
1 0.1803510758776897 0.39483627204030225 0.21347678369195924 0.14987405541561713
5 0.18261608154020384 0.639168765743073 0.2146092865232163 0.1952141057934509
6 0.3929784824462061 0.18198992443324938 0.21177802944507362 0.1801007556675063
7 0.39156285390713474 0.3973551637279597 0.210079275198188 0.1574307304785894
8 0.3929784824462061 0.6353904282115869 0.20951302378255945 0.16498740554156172
9 0.5022650056625142 0.8690176322418136 0.8516421291053228 0.1712846347607053
10 0.6033408833522084 0.1889168765743073 0.20781426953567383 0.19143576826196473
11 0.603907134767837 0.4181360201511335 0.21121177802944507 0.19395465994962216
12 0.6044733861834655 0.6385390428211587 0.21234428086070214 0.26700251889168763
2 0.8176670441676104 0.14105793450881612 0.21970554926387317 0.27204030226700254
3 0.8165345413363534 0.3790931989924433 0.217440543601359 0.22670025188916876
4 0.8185164212910532 0.6196473551637279 0.21800679501698755 0.2141057934508816