0 0.8163265306122449 0.15996168582375478 0.21428571428571427 0.18582375478927204
1 0.8180272108843537 0.39655172413793105 0.21768707482993196 0.16475095785440613
5 0.8176020408163265 0.6388888888888888 0.2151360544217687 0.19731800766283525
6 0.6028911564625851 0.17911877394636017 0.21428571428571427 0.19731800766283525
7 0.6033163265306123 0.3955938697318008 0.21173469387755103 0.16283524904214558
8 0.6037414965986394 0.6312260536398467 0.21428571428571427 0.16666666666666666
9 0.49787414965986393 0.8687739463601533 0.8511904761904762 0.17049808429118773
10 0.3907312925170068 0.21839080459770116 0.21343537414965985 0.26053639846743293
11 0.3924319727891156 0.3457854406130268 0.21173469387755103 0.3773946360153257
12 0.39200680272108845 0.6197318007662835 0.21258503401360543 0.2777777777777778
2 0.17517006802721088 0.15421455938697318 0.2193877551020408 0.22413793103448276
3 0.17729591836734693 0.40229885057471265 0.22023809523809523 0.19923371647509577
4 0.17814625850340135 0.6350574712643678 0.2185374149659864 0.19348659003831417