0 0.8143483023001096 0.833764553686934 0.21358159912376778 0.16946959896507116
1 0.8157174151150055 0.5912031047865459 0.21084337349397592 0.1630012936610608
5 0.8154435925520263 0.36093143596377747 0.2157721796276013 0.16817593790426907
6 0.6021358159912377 0.8292367399741267 0.21084337349397592 0.14747736093143596
7 0.6048740416210295 0.5905562742561449 0.21193866374589265 0.17723156532988357
8 0.6029572836801752 0.36610608020698576 0.21139101861993428 0.16041397153945666
9 0.49808324205914567 0.13195342820181113 0.8515881708652793 0.17076326002587322
10 0.3907447973713034 0.8247089262613195 0.20974808324205915 0.15653298835705046
11 0.3937568455640745 0.5692108667529108 0.2157721796276013 0.21992238033635186
12 0.3904709748083242 0.34023285899094435 0.21248630887185105 0.19663648124191463
2 0.1801752464403067 0.8221216041397154 0.21686746987951808 0.16946959896507116
3 0.17907995618838993 0.5970245795601552 0.21905805038335158 0.14877102199223805
4 0.1768893756845564 0.36351875808538164 0.21467688937568455 0.15523932729624837