0 0.17865232163080408 0.8202531645569621 0.2146092865232163 0.17974683544303796
1 0.1803510758776897 0.6044303797468354 0.21347678369195924 0.15063291139240506
5 0.18261608154020384 0.3613924050632911 0.2146092865232163 0.1962025316455696
6 0.3941109852774632 0.8177215189873418 0.2129105322763307 0.17974683544303796
7 0.39156285390713474 0.6031645569620253 0.210079275198188 0.15822784810126583
8 0.3929784824462061 0.36455696202531646 0.20951302378255945 0.1670886075949367
9 0.5022650056625142 0.13164556962025317 0.8516421291053228 0.17215189873417722
10 0.6058890147225368 0.8259493670886076 0.21064552661381652 0.16075949367088607
11 0.603907134767837 0.5829113924050633 0.21121177802944507 0.19367088607594937
12 0.6036240090600227 0.37278481012658227 0.21177802944507362 0.2746835443037975
2 0.8202151755379389 0.8462025316455696 0.21913929784824462 0.30253164556962026
3 0.8202151755379389 0.669620253164557 0.21687429218573046 0.3721518987341772
4 0.818233295583239 0.4253164556962025 0.217440543601359 0.35443037974683544