0 0.17843026538678713 0.17947103274559195 0.21456804065499718 0.1801007556675063
1 0.18012422360248448 0.39483627204030225 0.2134387351778656 0.14987405541561713
5 0.18238283455674761 0.639168765743073 0.21456804065499718 0.1952141057934509
6 0.39073969508752115 0.17884130982367757 0.2111801242236025 0.17380352644836272
7 0.39158667419536985 0.3973551637279597 0.2106154714850367 0.1574307304785894
8 0.3929983060417843 0.6353904282115869 0.2100508187464709 0.16498740554156172
9 0.5022586109542632 0.8690176322418136 0.8520609824957651 0.1712846347607053
10 0.6019198193111237 0.17443324937027707 0.21230942970073405 0.172544080604534
11 0.6027667984189723 0.4269521410579345 0.20948616600790515 0.2216624685138539
12 0.6050254093732355 0.656801007556675 0.21287408243929984 0.23551637279596976
2 0.8170525127046866 0.15491183879093198 0.22134387351778656 0.24433249370277077
3 0.8176171654432524 0.35768261964735515 0.21908526256352343 0.2795969773299748
4 0.8181818181818182 0.6020151133501259 0.21795595708639187 0.23929471032745592