0 0.8214890016920474 0.17938931297709923 0.21489001692047377 0.17938931297709923
1 0.8197969543147208 0.39408396946564883 0.2131979695431472 0.15076335877862596
5 0.8176818950930627 0.6383587786259542 0.2140439932318105 0.1965648854961832
6 0.6065989847715736 0.16793893129770993 0.2131979695431472 0.16793893129770993
7 0.606175972927242 0.40458015267175573 0.21742808798646363 0.17557251908396945
8 0.6074450084602369 0.6345419847328244 0.2098138747884941 0.16603053435114504
9 0.4978849407783418 0.8683206106870229 0.8519458544839256 0.1717557251908397
10 0.3934010152284264 0.17748091603053434 0.2131979695431472 0.183206106870229
11 0.3929780033840948 0.4312977099236641 0.21235194585448391 0.23282442748091603
12 0.3934010152284264 0.6402671755725191 0.2131979695431472 0.2385496183206107
2 0.17893401015228427 0.1431297709923664 0.21912013536379019 0.2824427480916031
3 0.17808798646362098 0.3711832061068702 0.22081218274111675 0.24236641221374045
4 0.1793570219966159 0.6402671755725191 0.2182741116751269 0.23091603053435114