0 0.17865232163080408 0.17929292929292928 0.2146092865232163 0.17929292929292928
1 0.1803510758776897 0.39457070707070707 0.21347678369195924 0.15025252525252525
5 0.18261608154020384 0.639520202020202 0.2146092865232163 0.19570707070707072
6 0.39071347678369195 0.17866161616161616 0.21064552661381652 0.17297979797979798
7 0.39156285390713474 0.3970959595959596 0.210079275198188 0.15782828282828282
8 0.3929784824462061 0.6357323232323232 0.20951302378255945 0.16540404040404041
9 0.5019818799546999 0.8415404040404041 0.8522083805209513 0.15025252525252525
10 0.6022083805209513 0.20959595959595959 0.21234428086070214 0.24242424242424243
11 0.603907134767837 0.41792929292929293 0.21121177802944507 0.19444444444444445
12 0.6036240090600227 0.6231060606060606 0.20951302378255945 0.1830808080808081
2 0.8159682899207248 0.15088383838383837 0.21857304643261607 0.20075757575757575
3 0.8187995469988675 0.39141414141414144 0.217440543601359 0.20959595959595959
4 0.8187995469988675 0.61489898989899 0.22083805209513024 0.1919191919191919