0 0.8212765957446808 0.8206106870229007 0.214468085106383 0.17938931297709923
1 0.82 0.6059160305343512 0.21361702127659574 0.15076335877862596
5 0.8178723404255319 0.3616412213740458 0.214468085106383 0.1965648854961832
6 0.6042553191489362 0.8301526717557252 0.214468085106383 0.17557251908396945
7 0.6085106382978723 0.6020992366412213 0.21106382978723404 0.15839694656488548
8 0.6072340425531915 0.3654580152671756 0.2102127659574468 0.16603053435114504
9 0.4978723404255319 0.1316793893129771 0.851063829787234 0.1717557251908397
10 0.39063829787234045 0.7862595419847328 0.21617021276595744 0.2633587786259542
11 0.39361702127659576 0.5400763358778626 0.21361702127659574 0.3053435114503817
12 0.39659574468085107 0.37786259541984735 0.2093617021276596 0.183206106870229
2 0.17574468085106382 0.8396946564885496 0.21872340425531914 0.2748091603053435
3 0.17702127659574468 0.5734732824427481 0.21617021276595744 0.2652671755725191
4 0.17872340425531916 0.3711832061068702 0.2178723404255319 0.15458015267175573