0 0.821347678369196 0.8212045169385195 0.2146092865232163 0.1794228356336261
1 0.8196489241223103 0.6047678795483061 0.21347678369195924 0.15056461731493098
5 0.8173839184597962 0.3607277289836888 0.2146092865232163 0.19698870765370138
6 0.609286523216308 0.821831869510665 0.21064552661381652 0.17314930991217065
7 0.6084371460928653 0.6022584692597239 0.210079275198188 0.15809284818067754
8 0.6070215175537939 0.3644918444165621 0.20951302378255945 0.1668757841907152
9 0.49773499433748586 0.13111668757841907 0.8516421291053228 0.17189460476787954
10 0.3983578708946772 0.8262233375156838 0.21234428086070214 0.17189460476787954
11 0.3960928652321631 0.5821831869510665 0.21121177802944507 0.1932245922208281
12 0.39637599093997733 0.37703889585947303 0.20951302378255945 0.18444165621079048
2 0.18403171007927518 0.849435382685069 0.21857304643261607 0.20075282308657466
3 0.1831823329558324 0.5997490589711418 0.21347678369195924 0.15809284818067754
4 0.18148357870894677 0.37766624843161856 0.21913929784824462 0.20326223337515684