0 0.8162830349531117 0.16889312977099236 0.21057118499573743 0.18893129770992367
1 0.8201193520886616 0.39408396946564883 0.21312872975277067 0.15076335877862596
5 0.8175618073316283 0.6383587786259542 0.21483375959079284 0.1965648854961832
6 0.6040068201193521 0.17461832061068702 0.21227621483375958 0.18129770992366412
7 0.6082693947144076 0.3979007633587786 0.21057118499573743 0.15839694656488548
8 0.6069906223358909 0.6345419847328244 0.20971867007672634 0.16603053435114504
9 0.4978687127024723 0.8683206106870229 0.8525149190110827 0.1717557251908397
10 0.3908780903665814 0.17938931297709923 0.21227621483375958 0.1946564885496183
11 0.39258312020460356 0.4494274809160305 0.21227621483375958 0.2729007633587786
12 0.39300937766410915 0.7022900763358778 0.21312872975277067 0.33587786259541985
2 0.17604433077578857 0.20038167938931298 0.21739130434782608 0.3969465648854962
3 0.17561807331628304 0.3931297709923664 0.21483375959079284 0.4580152671755725
4 0.17774936061381075 0.6154580152671756 0.21568627450980393 0.24236641221374045