0 0.18493150684931506 0.8329032258064516 0.21534246575342467 0.18451612903225806
1 0.18383561643835616 0.603225806451613 0.21753424657534245 0.16903225806451613
5 0.1821917808219178 0.36258064516129035 0.21424657534246574 0.19612903225806452
6 0.39013698630136984 0.8225806451612904 0.2104109589041096 0.17419354838709677
7 0.39095890410958906 0.603225806451613 0.21095890410958903 0.15870967741935485
8 0.3956164383561644 0.3632258064516129 0.2147945205479452 0.1870967741935484
9 0.5016438356164383 0.13225806451612904 0.852054794520548 0.17161290322580644
10 0.6046575342465753 0.807741935483871 0.21534246575342467 0.20903225806451614
11 0.6065753424657534 0.5064516129032258 0.2158904109589041 0.43483870967741933
12 0.6079452054794521 0.2761290322580645 0.21643835616438356 0.44129032258064516
2 0.8186301369863014 0.7909677419354839 0.22027397260273973 0.29419354838709677
3 0.8221917808219178 0.5735483870967742 0.21643835616438356 0.19483870967741934
4 0.8238356164383561 0.36258064516129035 0.21972602739726027 0.15483870967741936