0 0.18493150684931506 0.16451612903225807 0.21534246575342467 0.1664516129032258
1 0.18438356164383563 0.3929032258064516 0.21315068493150685 0.1638709677419355
5 0.1821917808219178 0.6374193548387097 0.21534246575342467 0.19612903225806452
6 0.38986301369863013 0.1774193548387097 0.21095890410958903 0.17419354838709677
7 0.39123287671232876 0.3967741935483871 0.2104109589041096 0.15870967741935485
8 0.3926027397260274 0.6341935483870967 0.20876712328767122 0.1664516129032258
9 0.5049315068493151 0.8774193548387097 0.8553424657534247 0.22193548387096773
10 0.6013698630136987 0.1735483870967742 0.21205479452054796 0.17161290322580644
11 0.606027397260274 0.4541935483870968 0.2147945205479452 0.2838709677419355
12 0.6068493150684932 0.6864516129032258 0.21643835616438356 0.24516129032258063
2 0.8191780821917808 0.15870967741935485 0.22027397260273973 0.29935483870967744
3 0.8183561643835616 0.3741935483870968 0.2219178082191781 0.28903225806451616
4 0.821917808219178 0.6212903225806452 0.22136986301369863 0.22580645161290322