0 0.17857142857142858 0.17929292929292928 0.21428571428571427 0.17929292929292928
1 0.18027210884353742 0.39457070707070707 0.21315192743764172 0.15025252525252525
5 0.18253968253968253 0.639520202020202 0.21428571428571427 0.19570707070707072
6 0.39058956916099774 0.17866161616161616 0.2108843537414966 0.17297979797979798
7 0.39143990929705214 0.3970959595959596 0.21031746031746032 0.15782828282828282
8 0.39285714285714285 0.6357323232323232 0.20975056689342403 0.16540404040404041
9 0.501984126984127 0.8541666666666666 0.8520408163265306 0.1553030303030303
10 0.6020408163265306 0.19886363636363635 0.21201814058956917 0.2032828282828283
11 0.6020408163265306 0.4494949494949495 0.21201814058956917 0.2676767676767677
12 0.6040249433106576 0.6837121212121212 0.21145124716553287 0.2840909090909091
2 0.814625850340136 0.15025252525252525 0.2199546485260771 0.3005050505050505
3 0.8163265306122449 0.3503787878787879 0.21882086167800455 0.2537878787878788
4 0.8180272108843537 0.5978535353535354 0.2199546485260771 0.23106060606060605