0 0.18176670441676104 0.17002518891687657 0.21630804077010193 0.1712846347607053
1 0.18289920724801811 0.4086901763224181 0.21404303510758776 0.17002518891687657
5 0.18261608154020384 0.6397984886649875 0.2146092865232163 0.1964735516372796
6 0.3932616081540204 0.17632241813602015 0.21121177802944507 0.15113350125944586
7 0.39467723669309174 0.4061712846347607 0.20838052095130238 0.1624685138539043
8 0.39552661381653453 0.6486146095717884 0.21121177802944507 0.21662468513853905
9 0.5025481313703284 0.8696473551637279 0.8522083805209513 0.172544080604534
10 0.6056058890147226 0.181360201511335 0.210079275198188 0.16624685138539042
11 0.6041902604756512 0.4351385390428212 0.21064552661381652 0.22544080604534006
12 0.6073046432616082 0.6498740554156172 0.2089467723669309 0.20151133501259447
2 0.8190826727066818 0.19458438287153654 0.21687429218573046 0.1977329974811083
3 0.8165345413363534 0.4256926952141058 0.2129105322763307 0.20654911838790932
4 0.8179501698754247 0.6366498740554156 0.21121177802944507 0.17002518891687657