0 0.17857142857142858 0.820528967254408 0.21428571428571427 0.1801007556675063
1 0.18197278911564627 0.5957178841309824 0.21315192743764172 0.17632241813602015
5 0.18253968253968253 0.3608312342569269 0.21428571428571427 0.1952141057934509
6 0.39058956916099774 0.8211586901763224 0.2108843537414966 0.17380352644836272
7 0.39143990929705214 0.6026448362720404 0.21031746031746032 0.1574307304785894
8 0.39285714285714285 0.3646095717884131 0.20975056689342403 0.16498740554156172
9 0.5022675736961452 0.1309823677581864 0.8514739229024944 0.1712846347607053
10 0.6017573696145124 0.825566750629723 0.21258503401360543 0.172544080604534
11 0.6043083900226758 0.5415617128463476 0.2108843537414966 0.28463476070528965
12 0.6062925170068028 0.31801007556675065 0.21031746031746032 0.2682619647355164
2 0.8171768707482994 0.8343828715365239 0.21825396825396826 0.25566750629722923
3 0.8177437641723356 0.6190176322418136 0.2193877551020408 0.24307304785894207
4 0.8174603174603174 0.36397984886649876 0.2108843537414966 0.16876574307304787