0 0.8158904109589041 0.8198717948717948 0.2158904109589041 0.16794871794871793
1 0.8205479452054795 0.6064102564102564 0.21315068493150685 0.15128205128205127
5 0.8178082191780822 0.36217948717948717 0.21534246575342467 0.19615384615384615
6 0.6101369863013698 0.8224358974358974 0.21095890410958903 0.17307692307692307
7 0.6087671232876712 0.6025641025641025 0.2104109589041096 0.15897435897435896
8 0.6035616438356164 0.366025641025641 0.21315068493150685 0.17051282051282052
9 0.4980821917808219 0.13205128205128205 0.8515068493150685 0.1717948717948718
10 0.39534246575342463 0.8224358974358974 0.21534246575342467 0.18076923076923077
11 0.3947945205479452 0.5711538461538461 0.21643835616438356 0.2141025641025641
12 0.3917808219178082 0.3371794871794872 0.2136986301369863 0.2230769230769231
2 0.18136986301369862 0.8282051282051283 0.21808219178082192 0.2230769230769231
3 0.17972602739726026 0.5987179487179487 0.2158904109589041 0.2
4 0.17835616438356164 0.36346153846153845 0.21643835616438356 0.17564102564102563