0 0.8199152542372882 0.8301707779886148 0.21271186440677967 0.15749525616698293
1 0.8173728813559322 0.5977229601518027 0.21610169491525424 0.15939278937381404
5 0.8135593220338984 0.36622390891840606 0.2135593220338983 0.16698292220113853
6 0.6076271186440678 0.8235294117647058 0.2135593220338983 0.1555977229601518
7 0.6042372881355932 0.5910815939278937 0.21016949152542372 0.17267552182163187
8 0.6021186440677966 0.36242884250474383 0.21610169491525424 0.17077798861480076
9 0.49322033898305084 0.14895635673624288 0.8576271186440678 0.16129032258064516
10 0.3949152542372881 0.818785578747628 0.2135593220338983 0.17267552182163187
11 0.39322033898305087 0.5445920303605313 0.2135593220338983 0.27703984819734345
12 0.39110169491525426 0.29886148007590135 0.21101694915254238 0.2713472485768501
2 0.18135593220338983 0.8121442125237192 0.21694915254237288 0.2618595825426945
3 0.18093220338983051 0.6157495256166983 0.21779661016949153 0.22580645161290322
4 0.17669491525423728 0.3757115749525617 0.21779661016949153 0.18975332068311196