0 0.8174109666478236 0.821969696969697 0.21368004522328998 0.18686868686868688
1 0.819672131147541 0.6054292929292929 0.21368004522328998 0.15025252525252525
5 0.8174109666478236 0.36047979797979796 0.21481062747314866 0.19570707070707072
6 0.609383832673827 0.8213383838383839 0.21141888072357265 0.17297979797979798
7 0.6082532504239684 0.6029040404040404 0.21028829847371397 0.15782828282828282
8 0.606840022611645 0.36426767676767674 0.20972300734878463 0.16540404040404041
9 0.49773883550028264 0.13131313131313133 0.8518937252685133 0.1717171717171717
10 0.394855850763143 0.8074494949494949 0.211984171848502 0.19065656565656566
11 0.3959864330130017 0.5820707070707071 0.2108535895986433 0.19444444444444445
12 0.39626907857546634 0.3244949494949495 0.21141888072357265 0.34595959595959597
2 0.18089315997738836 0.8301767676767676 0.2182023742227247 0.3068181818181818
3 0.18089315997738836 0.6319444444444444 0.21594120972300734 0.2689393939393939
4 0.18258903335217638 0.3787878787878788 0.2182023742227247 0.22474747474747475