0 0.816120218579235 0.17806451612903226 0.21693989071038253 0.1703225806451613
1 0.8169398907103825 0.4012903225806452 0.21311475409836064 0.17290322580645162
5 0.8147540983606557 0.6432258064516129 0.21420765027322405 0.16903225806451613
6 0.6084699453551913 0.1761290322580645 0.21256830601092896 0.17419354838709677
7 0.6040983606557377 0.4045161290322581 0.21256830601092896 0.15612903225806452
8 0.6032786885245902 0.64 0.21420765027322405 0.1703225806451613
9 0.4937158469945355 0.8619354838709677 0.8530054644808743 0.17806451612903226
10 0.3953551912568306 0.18645161290322582 0.21147540983606558 0.1896774193548387
11 0.39316939890710384 0.45806451612903226 0.21256830601092896 0.2864516129032258
12 0.3901639344262295 0.6741935483870968 0.21202185792349726 0.2335483870967742
2 0.18060109289617488 0.15483870967741936 0.2191256830601093 0.26064516129032256
3 0.17923497267759564 0.3709677419354839 0.22185792349726777 0.27483870967741936
4 0.17704918032786884 0.6116129032258064 0.22076502732240438 0.2658064516129032