0 0.821368004522329 0.17974683544303796 0.21481062747314866 0.17974683544303796
1 0.819672131147541 0.39556962025316456 0.21368004522328998 0.15063291139240506
5 0.8174109666478236 0.6386075949367088 0.21481062747314866 0.1962025316455696
6 0.609383832673827 0.17848101265822786 0.21141888072357265 0.17468354430379746
7 0.6082532504239684 0.3968354430379747 0.21028829847371397 0.15822784810126583
8 0.606840022611645 0.6354430379746835 0.20972300734878463 0.1670886075949367
9 0.49773883550028264 0.8683544303797468 0.8518937252685133 0.17215189873417722
10 0.39824759751271904 0.17468354430379746 0.211984171848502 0.17215189873417722
11 0.3959864330130017 0.4170886075949367 0.2108535895986433 0.19367088607594937
12 0.3959864330130017 0.5810126582278481 0.211984171848502 0.27341772151898736
2 0.18315432447710572 0.11772151898734177 0.22159412097230075 0.23291139240506328
3 0.18258903335217638 0.3594936708860759 0.21933295647258338 0.25569620253164554
4 0.1814584511023177 0.6126582278481013 0.21707179197286602 0.21012658227848102