0 0.814176245210728 0.8346203346203346 0.210727969348659 0.19433719433719435
1 0.8149972632731254 0.6036036036036037 0.21237000547345375 0.15701415701415702
5 0.8180076628352491 0.36229086229086227 0.2140120415982485 0.1969111969111969
6 0.6078270388615217 0.8127413127413128 0.21182266009852216 0.1994851994851995
7 0.6064586754241926 0.5933075933075933 0.21237000547345375 0.1776061776061776
8 0.6078270388615217 0.3661518661518662 0.20963327859879585 0.16602316602316602
9 0.49808429118773945 0.13256113256113256 0.8516694033935414 0.17245817245817247
10 0.3973727422003284 0.8146718146718147 0.21237000547345375 0.19305019305019305
11 0.39627805145046524 0.5592020592020592 0.21455938697318008 0.25353925353925355
12 0.3946360153256705 0.3410553410553411 0.2112753147235906 0.22393822393822393
2 0.18226600985221675 0.8661518661518661 0.2200328407224959 0.2651222651222651
3 0.18253968253968253 0.6550836550836551 0.22058018609742747 0.2754182754182754
4 0.18144499178981938 0.4015444015444015 0.21839080459770116 0.2471042471042471