0 0.8214285714285714 0.17929292929292928 0.21428571428571427 0.17929292929292928
1 0.8183106575963719 0.3851010101010101 0.213718820861678 0.22727272727272727
5 0.8174603174603174 0.639520202020202 0.21428571428571427 0.19570707070707072
6 0.6079931972789115 0.19381313131313133 0.21031746031746032 0.2032828282828283
7 0.6085600907029478 0.3970959595959596 0.21031746031746032 0.15782828282828282
8 0.6071428571428571 0.6357323232323232 0.20975056689342403 0.16540404040404041
9 0.4971655328798186 0.8289141414141414 0.8503401360544217 0.23106060606060605
10 0.3973922902494331 0.21338383838383837 0.21201814058956917 0.25
11 0.3959750566893424 0.41792929292929293 0.21145124716553287 0.19444444444444445
12 0.3959750566893424 0.6243686868686869 0.21031746031746032 0.3143939393939394
2 0.18310657596371882 0.13005050505050506 0.2199546485260771 0.255050505050505
3 0.1828231292517007 0.369949494949495 0.2193877551020408 0.2398989898989899
4 0.18253968253968253 0.6136363636363636 0.21882086167800455 0.2196969696969697