0 0.8180272108843537 0.17624521072796934 0.2108843537414966 0.1724137931034483
1 0.8163265306122449 0.40325670498084293 0.2108843537414966 0.16666666666666666
5 0.814625850340136 0.632183908045977 0.21428571428571427 0.1839080459770115
6 0.6096938775510204 0.1781609195402299 0.2108843537414966 0.1724137931034483
7 0.6084183673469388 0.3975095785440613 0.2100340136054422 0.15900383141762453
8 0.6071428571428571 0.6350574712643678 0.20918367346938777 0.16666666666666666
9 0.491921768707483 0.8553639846743295 0.8545918367346939 0.16666666666666666
10 0.3983843537414966 0.1743295019157088 0.21173469387755103 0.1724137931034483
11 0.3937074829931973 0.43486590038314177 0.21258503401360543 0.23754789272030652
12 0.3932823129251701 0.6561302681992337 0.2151360544217687 0.22030651340996169
2 0.1798469387755102 0.1810344827586207 0.2185374149659864 0.22030651340996169
3 0.18027210884353742 0.4109195402298851 0.2193877551020408 0.18582375478927204
4 0.17772108843537415 0.6350574712643678 0.21768707482993196 0.17049808429118773