0 0.1861353711790393 0.84 0.21397379912663755 0.15483870967741936
1 0.18586244541484717 0.6232258064516129 0.21561135371179038 0.1935483870967742
5 0.18286026200873362 0.38193548387096776 0.212882096069869 0.19870967741935483
6 0.3951965065502183 0.8232258064516129 0.212882096069869 0.1703225806451613
7 0.3943777292576419 0.5954838709677419 0.21451965065502182 0.17419354838709677
8 0.3951965065502183 0.3929032258064516 0.2096069868995633 0.19741935483870968
9 0.5019104803493449 0.15870967741935485 0.8564410480349345 0.2167741935483871
10 0.6094432314410481 0.807741935483871 0.21124454148471616 0.20903225806451614
11 0.6067139737991266 0.5580645161290323 0.2134279475982533 0.2645161290322581
12 0.6061681222707423 0.34516129032258064 0.21233624454148473 0.2103225806451613
2 0.8231441048034934 0.8412903225806452 0.21724890829694324 0.16516129032258065
3 0.8204148471615721 0.6174193548387097 0.21943231441048036 0.2232258064516129
4 0.8206877729257642 0.38387096774193546 0.21997816593886463 0.2