0 0.181509754028838 0.17557251908396945 0.2154368108566582 0.15648854961832062
1 0.18447837150127228 0.4026717557251908 0.21458863443596268 0.15648854961832062
5 0.18744698897370654 0.6412213740458015 0.21204410517387617 0.18702290076335878
6 0.3905852417302799 0.1784351145038168 0.21119592875318066 0.1736641221374046
7 0.3914334181509754 0.3979007633587786 0.21119592875318066 0.15839694656488548
8 0.3927056827820187 0.6345419847328244 0.21034775233248515 0.16603053435114504
9 0.5080576759966073 0.857824427480916 0.8532654792196777 0.16603053435114504
10 0.6060220525869381 0.18797709923664122 0.21458863443596268 0.20419847328244276
11 0.6072943172179813 0.4312977099236641 0.21374045801526717 0.31297709923664124
12 0.6068702290076335 0.5935114503816794 0.21289228159457166 0.37404580152671757
2 0.8189143341815097 0.1450381679389313 0.2196776929601357 0.2862595419847328
3 0.8210347752332485 0.3788167938931298 0.21882951653944022 0.24618320610687022
4 0.8231552162849872 0.6202290076335878 0.22137404580152673 0.183206106870229