0 0.17857142857142858 0.17929292929292928 0.21428571428571427 0.17929292929292928
1 0.18027210884353742 0.39457070707070707 0.21315192743764172 0.15025252525252525
5 0.18253968253968253 0.639520202020202 0.21428571428571427 0.19570707070707072
6 0.39058956916099774 0.17866161616161616 0.2108843537414966 0.17297979797979798
7 0.39143990929705214 0.3970959595959596 0.21031746031746032 0.15782828282828282
8 0.39285714285714285 0.6357323232323232 0.20975056689342403 0.16540404040404041
9 0.5022675736961452 0.8686868686868687 0.8514739229024944 0.1717171717171717
10 0.6028911564625851 0.19633838383838384 0.21031746031746032 0.21843434343434343
11 0.6034580498866213 0.4722222222222222 0.21145124716553287 0.30808080808080807
12 0.6028911564625851 0.6843434343434344 0.21031746031746032 0.23737373737373738
2 0.8174603174603174 0.15467171717171718 0.2199546485260771 0.24116161616161616
3 0.8154761904761905 0.369949494949495 0.21485260770975056 0.255050505050505
4 0.8174603174603174 0.6363636363636364 0.2108843537414966 0.1691919191919192