0 0.178631995477671 0.17929292929292928 0.21481062747314866 0.17929292929292928
1 0.18032786885245902 0.39457070707070707 0.21368004522328998 0.15025252525252525
5 0.18258903335217638 0.639520202020202 0.21481062747314866 0.19570707070707072
6 0.3937252685132843 0.17929292929292928 0.21424533634821932 0.17676767676767677
7 0.39174674957603167 0.3970959595959596 0.21028829847371397 0.15782828282828282
8 0.393159977388355 0.6357323232323232 0.20972300734878463 0.16540404040404041
9 0.5022611644997174 0.8686868686868687 0.8518937252685133 0.1717171717171717
10 0.6048615036743923 0.18371212121212122 0.21141888072357265 0.17803030303030304
11 0.6040135669869983 0.41792929292929293 0.2108535895986433 0.19444444444444445
12 0.6037309214245337 0.6231060606060606 0.2091577162238553 0.1830808080808081
2 0.818824194460147 0.16603535353535354 0.21876766534765404 0.15782828282828282
3 0.818824194460147 0.398989898989899 0.21876766534765404 0.16161616161616163
4 0.8174109666478236 0.6363636363636364 0.21141888072357265 0.1691919191919192