0 0.8148656061437192 0.16731016731016732 0.2133845309928689 0.24453024453024452
1 0.8129456939111355 0.3963963963963964 0.21173889193636863 0.1981981981981982
5 0.8143170597915523 0.6364221364221364 0.21228743828853539 0.19176319176319176
6 0.6061437191442677 0.1969111969111969 0.21283598464070214 0.21106821106821108
7 0.6023038946791004 0.4124839124839125 0.2106417992320351 0.16859716859716858
8 0.6014810751508503 0.631917631917632 0.21009325287986835 0.17503217503217502
9 0.494240263302249 0.8333333333333334 0.8535381239714755 0.19433719433719435
10 0.39330773450356554 0.1718146718146718 0.21283598464070214 0.17374517374517376
11 0.3913878222709819 0.425997425997426 0.21119034558420186 0.18018018018018017
12 0.3908392759188151 0.6435006435006435 0.21448162369720242 0.2059202059202059
2 0.17910038398244651 0.1435006435006435 0.2210641799232035 0.24581724581724582
3 0.17855183763027976 0.3564993564993565 0.21886999451453648 0.24967824967824967
4 0.1766319253976961 0.6061776061776062 0.21941854086670323 0.19305019305019305