0 0.8139025725232621 0.16731266149870802 0.21565407772304324 0.17183462532299743
1 0.8133552271483306 0.39987080103359174 0.2134646962233169 0.1640826873385013
5 0.8147235905856596 0.6356589147286822 0.21291735084838534 0.16279069767441862
6 0.6059113300492611 0.1789405684754522 0.21565407772304324 0.1744186046511628
7 0.6059113300492611 0.40633074935400515 0.2134646962233169 0.16666666666666666
8 0.6075533661740559 0.6350129198966409 0.21018062397372742 0.16666666666666666
9 0.49808429118773945 0.8682170542635659 0.8516694033935414 0.17054263565891473
10 0.39299397920087575 0.1847545219638243 0.21237000547345375 0.17829457364341086
11 0.3924466338259442 0.42829457364341084 0.21455938697318008 0.21834625322997417
12 0.3943623426382047 0.6627906976744186 0.21291735084838534 0.2351421188630491
2 0.17788724685276408 0.18410852713178294 0.2200328407224959 0.2441860465116279
3 0.17733990147783252 0.40310077519379844 0.21893814997263272 0.2454780361757106
4 0.17925561029009304 0.6337209302325582 0.21729611384783798 0.2751937984496124