0 0.18239166209544708 0.15847347994825356 0.21228743828853539 0.20310478654592498
1 0.18403730115194733 0.39909443725743854 0.21448162369720242 0.17464424320827943
5 0.1821173889193637 0.6384217335058214 0.21503017004936917 0.19534282018111254
6 0.3960504662643993 0.17723156532988357 0.21503017004936917 0.1888745148771022
7 0.39166209544706526 0.3965071151358344 0.2106417992320351 0.1591203104786546
8 0.3927591881513988 0.6345407503234153 0.2095447065277016 0.16688227684346701
9 0.5019199122325837 0.8680465717981889 0.8524410312671421 0.17076326002587322
10 0.607789358200768 0.19469598965071153 0.21393307734503567 0.20051746442432083
11 0.6039495337356007 0.4165588615782665 0.2106417992320351 0.19404915912031048
12 0.6088864509051015 0.6746442432082794 0.2172243554580362 0.2884864165588616
2 0.8236423477783873 0.16429495472186287 0.21777290181020295 0.3260025873221216
3 0.8222709818979704 0.29042690815006467 0.21503017004936917 0.45666235446313064
4 0.8233680746023039 0.5433376455368694 0.21832144816236973 0.3829236739974127