0 0.8171768707482994 0.8336520076481836 0.21258503401360543 0.1835564053537285
1 0.814625850340136 0.6003824091778203 0.21428571428571427 0.1682600382409178
5 0.8154761904761905 0.361376673040153 0.21258503401360543 0.1950286806883365
6 0.6037414965986394 0.8355640535372849 0.21428571428571427 0.1682600382409178
7 0.6033163265306123 0.5917782026768642 0.21343537414965985 0.17782026768642448
8 0.6041666666666666 0.3632887189292543 0.21343537414965985 0.1835564053537285
9 0.49787414965986393 0.13193116634799235 0.8511904761904762 0.17208413001912046
10 0.3898809523809524 0.8145315487571702 0.2100340136054422 0.18738049713193117
11 0.39158163265306123 0.5583173996175909 0.21683673469387754 0.25239005736137665
12 0.39200680272108845 0.32504780114722753 0.21428571428571427 0.28680688336520077
2 0.1760204081632653 0.8279158699808795 0.21768707482993196 0.248565965583174
3 0.17814625850340135 0.609942638623327 0.21683673469387754 0.25621414913957935
4 0.17899659863945577 0.36424474187380496 0.2185374149659864 0.22753346080305928