0 0.1826677994902294 0.1761904761904762 0.2141036533559898 0.18476190476190477
1 0.1860662701784197 0.40476190476190477 0.21240441801189464 0.1580952380952381
5 0.18776550552251486 0.6409523809523809 0.21240441801189464 0.1580952380952381
6 0.3903993203058624 0.17809523809523808 0.21155480033984708 0.17333333333333334
7 0.39167374681393374 0.39714285714285713 0.2107051826677995 0.1580952380952381
8 0.3929481733220051 0.6352380952380953 0.20985556499575192 0.1657142857142857
9 0.5021240441801189 0.8685714285714285 0.8513169073916738 0.17142857142857143
10 0.6062022090059473 0.18857142857142858 0.21495327102803738 0.1980952380952381
11 0.6066270178419712 0.4533333333333333 0.2141036533559898 0.29714285714285715
12 0.6066270178419712 0.6828571428571428 0.21580288870008496 0.32571428571428573
2 0.820730671197961 0.16857142857142857 0.21920135938827529 0.33714285714285713
3 0.8220050977060323 0.35904761904761906 0.21665250637213254 0.3942857142857143
4 0.8237043330501275 0.5780952380952381 0.2183517417162277 0.3142857142857143