0 0.18318729463307776 0.1908150064683053 0.21631982475355968 0.19534282018111254
1 0.1799014238773275 0.39391979301423025 0.21303395399780942 0.15135834411384216
5 0.18209200438116102 0.6384217335058214 0.21412924424972618 0.19534282018111254
6 0.39266155531215774 0.16429495472186287 0.2157721796276013 0.15523932729624837
7 0.3910186199342826 0.39715394566623546 0.21029572836801752 0.15782664941785252
8 0.39238773274917854 0.6338939197930142 0.20974808324205915 0.16558861578266496
9 0.5019167579408543 0.8673997412677878 0.8515881708652793 0.17205692108667528
10 0.6046002190580504 0.18111254851228978 0.21686746987951808 0.18628719275549807
11 0.6062431544359255 0.4126778783958603 0.21139101861993428 0.23544631306597671
12 0.6056955093099672 0.6377749029754204 0.21139101861993428 0.23285899094437257
2 0.8203723986856517 0.17335058214747737 0.2212486308871851 0.19146183699870634
3 0.8206462212486308 0.4036222509702458 0.21741511500547644 0.18111254851228978
4 0.8170865279299014 0.6351875808538163 0.21139101861993428 0.17076326002587322