0 0.18197278911564627 0.8237547892720306 0.2108843537414966 0.1724137931034483
1 0.1836734693877551 0.5967432950191571 0.2108843537414966 0.16666666666666666
5 0.18537414965986396 0.367816091954023 0.21428571428571427 0.1839080459770115
6 0.3903061224489796 0.8218390804597702 0.2108843537414966 0.1724137931034483
7 0.39158163265306123 0.6024904214559387 0.2100340136054422 0.15900383141762453
8 0.39285714285714285 0.3649425287356322 0.20918367346938777 0.16666666666666666
9 0.5080782312925171 0.1446360153256705 0.8545918367346939 0.16666666666666666
10 0.6016156462585034 0.8256704980842912 0.21173469387755103 0.1724137931034483
11 0.6062925170068028 0.5651340996168582 0.21258503401360543 0.23754789272030652
12 0.60671768707483 0.3438697318007663 0.2151360544217687 0.22030651340996169
2 0.8201530612244898 0.8189655172413793 0.2185374149659864 0.22030651340996169
3 0.8197278911564626 0.5890804597701149 0.2193877551020408 0.18582375478927204
4 0.8222789115646258 0.3649425287356322 0.21768707482993196 0.17049808429118773