0 0.178631995477671 0.17929292929292928 0.21481062747314866 0.17929292929292928
1 0.18032786885245902 0.39457070707070707 0.21368004522328998 0.15025252525252525
5 0.18258903335217638 0.639520202020202 0.21481062747314866 0.19570707070707072
6 0.390616167326173 0.17866161616161616 0.21141888072357265 0.17297979797979798
7 0.39174674957603167 0.3970959595959596 0.21028829847371397 0.15782828282828282
8 0.393159977388355 0.6357323232323232 0.20972300734878463 0.16540404040404041
9 0.5022611644997174 0.8686868686868687 0.8518937252685133 0.1717171717171717
10 0.6026003391746749 0.19381313131313133 0.21254946297343133 0.21085858585858586
11 0.603448275862069 0.43623737373737376 0.211984171848502 0.2765151515151515
12 0.6048615036743923 0.6761363636363636 0.21254946297343133 0.22348484848484848
2 0.8162803843979649 0.15404040404040403 0.21933295647258338 0.30808080808080807
3 0.8168456755228943 0.36174242424242425 0.21707179197286602 0.2916666666666667
4 0.8176936122102882 0.6111111111111112 0.21876766534765404 0.26515151515151514