0 0.17854113655640375 0.8212237093690249 0.21458863443596268 0.18164435946462715
1 0.18023748939779474 0.5965583173996176 0.2179813401187447 0.2447418738049713
5 0.1823579304495335 0.3632887189292543 0.2171331636980492 0.2294455066921606
6 0.3905852417302799 0.8212237093690249 0.21119592875318066 0.1739961759082218
7 0.3914334181509754 0.6032504780114722 0.21119592875318066 0.1586998087954111
8 0.3927056827820187 0.36424474187380496 0.21034775233248515 0.16634799235181644
9 0.5029686174724343 0.16730401529636713 0.8481764206955047 0.24665391969407266
10 0.6022052586938084 0.8021032504780115 0.21204410517387617 0.2237093690248566
11 0.6043256997455471 0.5544933078393881 0.21289228159457166 0.2638623326959847
12 0.6055979643765903 0.34703632887189295 0.21204410517387617 0.22753346080305928
2 0.8159457167090755 0.8499043977055449 0.21882951653944022 0.20076481835564053
3 0.816793893129771 0.6003824091778203 0.21374045801526717 0.15678776290630975
4 0.8193384223918575 0.37189292543021035 0.2205258693808312 0.15105162523900573