0 0.8217934165720772 0.17947103274559195 0.21452894438138478 0.1801007556675063
1 0.8195232690124858 0.39483627204030225 0.2133938706015891 0.14987405541561713
5 0.8172531214528944 0.639168765743073 0.21452894438138478 0.1952141057934509
6 0.6092508513053349 0.17884130982367757 0.21169125993189558 0.17380352644836272
7 0.608683314415437 0.3973551637279597 0.2105561861520999 0.1574307304785894
8 0.6069807037457434 0.6353904282115869 0.2105561861520999 0.16498740554156172
9 0.4974460839954597 0.8690176322418136 0.8518728717366629 0.1712846347607053
10 0.3955732122587968 0.1889168765743073 0.2122587968217934 0.1964735516372796
11 0.3955732122587968 0.4181360201511335 0.21112372304199772 0.19395465994962216
12 0.3961407491486947 0.6227959697732998 0.20885357548240635 0.18261964735516373
2 0.18359818388195231 0.15113350125944586 0.2185017026106697 0.20151133501259447
3 0.18331441543700341 0.3998740554156171 0.2133938706015891 0.1574307304785894
4 0.18217934165720773 0.6360201511335013 0.21112372304199772 0.16876574307304787