0 0.18767123287671234 0.16321243523316062 0.21534246575342467 0.18134715025906736
1 0.18794520547945207 0.39831606217616583 0.2126027397260274 0.172279792746114
5 0.18465753424657536 0.6424870466321243 0.2147945205479452 0.19170984455958548
6 0.3989041095890411 0.17875647668393782 0.2115068493150685 0.18911917098445596
7 0.3926027397260274 0.41386010362694303 0.21315068493150685 0.18523316062176165
8 0.3972602739726027 0.6405440414507773 0.2104109589041096 0.15155440414507773
9 0.5071232876712328 0.8730569948186528 0.8564383561643836 0.19170984455958548
10 0.6098630136986302 0.1800518134715026 0.2104109589041096 0.15803108808290156
11 0.6052054794520548 0.4255181347150259 0.21315068493150685 0.21632124352331605
12 0.6082191780821918 0.667098445595855 0.2126027397260274 0.22797927461139897
2 0.8213698630136986 0.16839378238341968 0.22246575342465755 0.24352331606217617
3 0.8210958904109589 0.40349740932642486 0.2252054794520548 0.1800518134715026
4 0.8246575342465754 0.6321243523316062 0.2191780821917808 0.17098445595854922