0 0.8168176670441676 0.8215189873417722 0.21234428086070214 0.189873417721519
1 0.8196489241223103 0.6044303797468354 0.21347678369195924 0.15063291139240506
5 0.8173839184597962 0.3613924050632911 0.2146092865232163 0.1962025316455696
6 0.6053227633069083 0.8221518987341773 0.21064552661381652 0.1911392405063291
7 0.6084371460928653 0.6031645569620253 0.210079275198188 0.15822784810126583
8 0.6070215175537939 0.36455696202531646 0.20951302378255945 0.1670886075949367
9 0.49773499433748586 0.13164556962025317 0.8516421291053228 0.17215189873417722
10 0.3943941109852775 0.8278481012658228 0.21121177802944507 0.17468354430379746
11 0.39580973952434884 0.5702531645569621 0.21177802944507362 0.2189873417721519
12 0.39637599093997733 0.3430379746835443 0.21064552661381652 0.2
2 0.18006795016987542 0.8253164556962025 0.21630804077010193 0.17974683544303796
3 0.1831823329558324 0.5993670886075949 0.21347678369195924 0.15822784810126583
4 0.18261608154020384 0.3632911392405063 0.21121177802944507 0.16962025316455695