0 0.17838983050847457 0.1781609195402299 0.21440677966101696 0.18007662835249041
1 0.18008474576271186 0.3946360153256705 0.21271186440677967 0.14942528735632185
5 0.1826271186440678 0.6388888888888888 0.21440677966101696 0.19731800766283525
6 0.39152542372881355 0.17624521072796934 0.2135593220338983 0.17624521072796934
7 0.39152542372881355 0.3975095785440613 0.21016949152542372 0.15900383141762453
8 0.3927966101694915 0.6350574712643678 0.2093220338983051 0.16666666666666666
9 0.5021186440677966 0.8687739463601533 0.8516949152542372 0.17049808429118773
10 0.6029661016949153 0.19061302681992337 0.21440677966101696 0.19731800766283525
11 0.6042372881355932 0.42049808429118773 0.211864406779661 0.22796934865900384
12 0.6059322033898306 0.6494252873563219 0.21525423728813559 0.2720306513409962
2 0.8190677966101695 0.15613026819923373 0.21949152542372882 0.2739463601532567
3 0.8190677966101695 0.33524904214559387 0.2211864406779661 0.30268199233716475
4 0.8203389830508474 0.5938697318007663 0.22203389830508474 0.2796934865900383