0 0.178631995477671 0.17947103274559195 0.21481062747314866 0.1801007556675063
1 0.18032786885245902 0.39483627204030225 0.21368004522328998 0.14987405541561713
5 0.18258903335217638 0.639168765743073 0.21481062747314866 0.1952141057934509
6 0.390616167326173 0.17884130982367757 0.21141888072357265 0.17380352644836272
7 0.39174674957603167 0.3973551637279597 0.21028829847371397 0.1574307304785894
8 0.393159977388355 0.6353904282115869 0.20972300734878463 0.16498740554156172
9 0.5036743923120407 0.8620906801007556 0.851328434143584 0.19269521410579346
10 0.6017524024872809 0.17443324937027707 0.211984171848502 0.172544080604534
11 0.605144149236857 0.45465994962216627 0.211984171848502 0.2594458438287154
12 0.6057094403617863 0.6750629722921915 0.21311475409836064 0.22921914357682618
2 0.8174109666478236 0.1580604534005038 0.22046353872244207 0.21032745591939547
3 0.8193894855850763 0.3891687657430731 0.21876766534765404 0.18387909319899245
4 0.8174109666478236 0.6360201511335013 0.21141888072357265 0.16876574307304787