0 0.18451400329489293 0.8290155440414507 0.21636463481603516 0.17357512953367876
1 0.18369028006589785 0.6139896373056994 0.21801208127402527 0.19948186528497408
5 0.1814936847885777 0.36139896373056996 0.21471718835804504 0.19689119170984457
6 0.3904448105436573 0.8095854922279793 0.21306974190005493 0.19948186528497408
7 0.3912685337726524 0.602979274611399 0.2114222954420648 0.15932642487046633
8 0.39236683141131246 0.36593264248704666 0.21032399780340472 0.16709844559585493
9 0.5030203185063152 0.15220207253886012 0.8555738605161999 0.1800518134715026
10 0.6015925315760571 0.8257772020725389 0.21252059308072488 0.172279792746114
11 0.6040637012630423 0.5841968911917098 0.21087314662273476 0.19430051813471502
12 0.6068094453596925 0.36722797927461137 0.21197144426139483 0.17746113989637305
2 0.8157605711147721 0.8503886010362695 0.21911037891268534 0.20077720207253885
3 0.8198791872597474 0.625 0.22075782537067545 0.21373056994818654
4 0.8182317408017573 0.3944300518134715 0.2185612300933553 0.20595854922279794