0 0.17846944603083953 0.1792573623559539 0.21416333523700742 0.1792573623559539
1 0.18018275271273557 0.39500640204865556 0.21302113078241006 0.14980793854033292
5 0.18246716162193033 0.6395646606914213 0.21416333523700742 0.19590268886043533
6 0.3906339234723015 0.17861715749039692 0.211307824100514 0.17285531370038412
7 0.39149057681324956 0.3975672215108835 0.2107367218732153 0.15749039692701663
8 0.39291833238149626 0.6357234314980794 0.21016561964591662 0.16517285531370038
9 0.5022844089091948 0.8687580025608195 0.8515134209023415 0.17285531370038412
10 0.6019417475728155 0.17413572343149808 0.21245002855511136 0.17157490396927016
11 0.6042261564820103 0.4180537772087068 0.211307824100514 0.19334186939820744
12 0.6050828098229583 0.647247119078105 0.21302113078241006 0.19846350832266324
2 0.8209594517418618 0.17541613316261204 0.22215876641918902 0.21510883482714468
3 0.8212450028555112 0.39628681177976954 0.220445459737293 0.2599231754161332
4 0.8212450028555112 0.6197183098591549 0.22158766419189035 0.2176696542893726