0 0.1802030456852792 0.15142857142857144 0.21658206429780033 0.21142857142857144
1 0.1802030456852792 0.3952380952380952 0.2131979695431472 0.15047619047619049
5 0.1823181049069374 0.6390476190476191 0.2140439932318105 0.1961904761904762
6 0.39509306260575294 0.18285714285714286 0.2131979695431472 0.19047619047619047
7 0.3942470389170897 0.38857142857142857 0.21150592216582065 0.19047619047619047
8 0.3925549915397631 0.6352380952380953 0.2098138747884941 0.1657142857142857
9 0.5021150592216582 0.8685714285714285 0.8519458544839256 0.17142857142857143
10 0.6070219966159053 0.18571428571428572 0.2140439932318105 0.18095238095238095
11 0.606175972927242 0.43333333333333335 0.21573604060913706 0.22666666666666666
12 0.6057529610829103 0.6438095238095238 0.21489001692047377 0.2057142857142857
2 0.821912013536379 0.14476190476190476 0.21912013536379019 0.24761904761904763
3 0.8214890016920474 0.37047619047619046 0.2182741116751269 0.21142857142857144
4 0.8202199661590525 0.6152380952380953 0.21573604060913706 0.2438095238095238