0 0.1823329558323896 0.172544080604534 0.2129105322763307 0.1889168765743073
1 0.1803510758776897 0.39483627204030225 0.21347678369195924 0.14987405541561713
5 0.18261608154020384 0.639168765743073 0.2146092865232163 0.1952141057934509
6 0.39071347678369195 0.17884130982367757 0.21064552661381652 0.17380352644836272
7 0.39156285390713474 0.3973551637279597 0.210079275198188 0.1574307304785894
8 0.3929784824462061 0.6353904282115869 0.20951302378255945 0.16498740554156172
9 0.5022650056625142 0.8690176322418136 0.8516421291053228 0.1712846347607053
10 0.6056058890147226 0.18765743073047858 0.210079275198188 0.19143576826196473
11 0.603907134767837 0.4181360201511335 0.21121177802944507 0.19395465994962216
12 0.6027746319365799 0.6410579345088161 0.21121177802944507 0.19143576826196473
2 0.8159682899207248 0.15113350125944586 0.21857304643261607 0.20151133501259447
3 0.8171007927519819 0.37720403022670024 0.21630804077010193 0.22040302267002518
4 0.8162514156285391 0.6246851385390428 0.21800679501698755 0.1889168765743073