0 0.8172602739726027 0.1718146718146718 0.21643835616438356 0.16087516087516088
1 0.8164383561643835 0.3944658944658945 0.2136986301369863 0.18146718146718147
5 0.8180821917808219 0.6377091377091377 0.2147945205479452 0.1969111969111969
6 0.606027397260274 0.17503217503217502 0.2126027397260274 0.1879021879021879
7 0.6084931506849315 0.39703989703989706 0.21095890410958903 0.1583011583011583
8 0.6073972602739726 0.6338481338481339 0.20986301369863014 0.16602316602316602
9 0.49917808219178084 0.8500643500643501 0.8547945205479452 0.1866151866151866
10 0.39287671232876714 0.1788931788931789 0.2126027397260274 0.1981981981981982
11 0.39616438356164385 0.4163449163449163 0.2104109589041096 0.19176319176319176
12 0.393972602739726 0.5875160875160875 0.2147945205479452 0.26898326898326896
2 0.1780821917808219 0.12676962676962678 0.2191780821917808 0.2483912483912484
3 0.17863013698630137 0.3687258687258687 0.2191780821917808 0.18404118404118405
4 0.17835616438356164 0.6235521235521235 0.21863013698630138 0.19176319176319176