0 0.8138006571741512 0.8285899094437258 0.21248630887185105 0.16946959896507116
1 0.8138006571741512 0.6313065976714101 0.21139101861993428 0.23544631306597671
5 0.8140744797371303 0.3758085381630013 0.21193866374589265 0.21604139715394566
6 0.6065169769989047 0.8285899094437258 0.21522453450164294 0.17205692108667528
7 0.6051478641840088 0.592496765847348 0.2157721796276013 0.16041397153945666
8 0.6018619934282585 0.3680465717981889 0.21248630887185105 0.1591203104786546
9 0.4928806133625411 0.16623544631306597 0.859802847754655 0.2445019404915912
10 0.3932092004381161 0.8260025873221216 0.21139101861993428 0.17464424320827943
11 0.39238773274917854 0.6274256144890039 0.21303395399780942 0.2276843467011643
12 0.39184008762322015 0.40620957309184996 0.21084337349397592 0.2716688227684347
2 0.18072289156626506 0.8415265200517464 0.22015334063526834 0.17723156532988357
3 0.17771084337349397 0.6060802069857697 0.21741511500547644 0.16429495472186287
4 0.1771631982475356 0.36998706338939197 0.22070098576122674 0.16558861578266496