0 0.17865232163080408 0.17947103274559195 0.2146092865232163 0.1801007556675063
1 0.1803510758776897 0.39483627204030225 0.21347678369195924 0.14987405541561713
5 0.18261608154020384 0.639168765743073 0.2146092865232163 0.1952141057934509
6 0.39071347678369195 0.17884130982367757 0.21064552661381652 0.17380352644836272
7 0.39156285390713474 0.3973551637279597 0.210079275198188 0.1574307304785894
8 0.3929784824462061 0.6353904282115869 0.20951302378255945 0.16498740554156172
9 0.5022650056625142 0.8690176322418136 0.8516421291053228 0.1712846347607053
10 0.6016421291053228 0.17443324937027707 0.21234428086070214 0.172544080604534
11 0.603907134767837 0.4181360201511335 0.21121177802944507 0.19395465994962216
12 0.6036240090600227 0.6227959697732998 0.20951302378255945 0.18261964735516373
2 0.8159682899207248 0.15113350125944586 0.21857304643261607 0.20151133501259447
3 0.8185164212910532 0.3790931989924433 0.21800679501698755 0.20151133501259447
4 0.8173839184597962 0.6360201511335013 0.21121177802944507 0.16876574307304787