0 0.8163265306122449 0.8237547892720306 0.21428571428571427 0.18773946360153257
1 0.8201530612244898 0.6053639846743295 0.21343537414965985 0.14942528735632185
5 0.8176020408163265 0.3611111111111111 0.2151360544217687 0.19731800766283525
6 0.6096938775510204 0.8218390804597702 0.2108843537414966 0.1724137931034483
7 0.6084183673469388 0.6024904214559387 0.2100340136054422 0.15900383141762453
8 0.6071428571428571 0.3649425287356322 0.20918367346938777 0.16666666666666666
9 0.49787414965986393 0.13122605363984674 0.8511904761904762 0.17049808429118773
10 0.39158163265306123 0.8180076628352491 0.21343537414965985 0.3448275862068966
11 0.39625850340136054 0.5833333333333334 0.2108843537414966 0.19348659003831417
12 0.39200680272108845 0.3706896551724138 0.21258503401360543 0.22413793103448276
2 0.17687074829931973 0.8697318007662835 0.21768707482993196 0.2413793103448276
3 0.17814625850340135 0.6340996168582376 0.2151360544217687 0.24521072796934865
4 0.17814625850340135 0.38122605363984674 0.21683673469387754 0.19923371647509577