0 0.1870543060888645 0.8348387096774194 0.21503017004936917 0.17806451612903226
1 0.18348875479978058 0.5974193548387097 0.21119034558420186 0.16774193548387098
5 0.18513439385628086 0.36838709677419357 0.21448162369720242 0.18451612903225806
6 0.40016456390565003 0.8161290322580645 0.21009325287986835 0.18451612903225806
7 0.3913878222709819 0.603225806451613 0.21009325287986835 0.15870967741935485
8 0.3924849149753154 0.3658064516129032 0.20899616017553482 0.1664516129032258
9 0.507953922106418 0.14516129032258066 0.8546352166758091 0.1664516129032258
10 0.6108063631376851 0.8129032258064516 0.21009325287986835 0.1935483870967742
11 0.6061437191442677 0.5658064516129032 0.21283598464070214 0.23870967741935484
12 0.6064179923203511 0.3445161290322581 0.21557871640153592 0.21935483870967742
2 0.81980252331322 0.82 0.21886999451453648 0.22064516129032258
3 0.8195282501371366 0.5896774193548387 0.21941854086670323 0.18580645161290324
4 0.821996708721887 0.36516129032258066 0.21777290181020295 0.1703225806451613