0 0.8216101694915254 0.1793168880455408 0.21440677966101696 0.18026565464895636
1 0.8177966101694916 0.40132827324478176 0.21694915254237288 0.16888045540796964
5 0.815677966101695 0.6413662239089184 0.21440677966101696 0.18216318785578747
6 0.6097457627118644 0.17836812144212524 0.21101694915254238 0.174573055028463
7 0.6050847457627119 0.4079696394686907 0.2135593220338983 0.1442125237191651
8 0.6038135593220338 0.6252371916508539 0.21440677966101696 0.14231499051233396
9 0.4923728813559322 0.8671726755218216 0.8559322033898306 0.20872865275142316
10 0.39703389830508473 0.17077798861480076 0.21610169491525424 0.1555977229601518
11 0.3961864406779661 0.4174573055028463 0.21101694915254238 0.1935483870967742
12 0.39110169491525426 0.6480075901328273 0.21440677966101696 0.18785578747628084
2 0.18305084745762712 0.17362428842504743 0.21864406779661016 0.19165085388994307
3 0.1805084745762712 0.4079696394686907 0.22203389830508474 0.17077798861480076
4 0.17542372881355933 0.6385199240986718 0.21864406779661016 0.15749525616698293