0 0.17857142857142858 0.8217726396917149 0.21428571428571427 0.1791907514450867
1 0.1798469387755102 0.605009633911368 0.21343537414965985 0.15028901734104047
5 0.18239795918367346 0.3603082851637765 0.2151360544217687 0.19653179190751446
6 0.3903061224489796 0.8227360308285164 0.2108843537414966 0.17341040462427745
7 0.39158163265306123 0.603082851637765 0.2100340136054422 0.1579961464354528
8 0.39285714285714285 0.36416184971098264 0.20918367346938777 0.16570327552986513
9 0.502125850340136 0.13102119460500963 0.8511904761904762 0.17341040462427745
10 0.6016156462585034 0.8265895953757225 0.21173469387755103 0.17341040462427745
11 0.6037414965986394 0.5828516377649325 0.2108843537414966 0.19460500963391136
12 0.6037414965986394 0.37764932562620424 0.20918367346938777 0.18497109826589594
2 0.8214285714285714 0.859344894026975 0.21768707482993196 0.22736030828516376
3 0.8214285714285714 0.6136801541425819 0.2193877551020408 0.21001926782273603
4 0.8171768707482994 0.36416184971098264 0.2108843537414966 0.16955684007707128