0 0.17855105533371363 0.8202824133504493 0.21448944666286365 0.1797175866495507
1 0.1802624073017684 0.6052631578947368 0.21334854535082715 0.15019255455712452
5 0.17969195664575013 0.3684210526315789 0.21448944666286365 0.1822849807445443
6 0.3907586993725043 0.8215661103979461 0.21106674272675413 0.17458279845956354
7 0.39161437535653165 0.6026957637997432 0.2104962920707359 0.15789473684210525
8 0.3930405019965773 0.3645699614890886 0.20992584141471762 0.1668806161745828
9 0.5005704506560182 0.13607188703465983 0.8596691386195094 0.17458279845956354
10 0.6018254420992584 0.8254172015404364 0.21220764403879064 0.17201540436456997
11 0.6041072447233314 0.5821566110397947 0.21106674272675413 0.19383825417201542
12 0.6038220193953223 0.37676508344030807 0.20935539075869938 0.18356867779204109
2 0.820593268682259 0.8331193838254172 0.22304620650313747 0.20539152759948653
3 0.8203080433542499 0.6014120667522465 0.22247575584711923 0.22721437740693196
4 0.8200228180262408 0.36777920410783055 0.22076440387906446 0.17843388960205392