0 0.8213264722698685 0.1797175866495507 0.2144082332761578 0.1797175866495507
1 0.8196112064036593 0.39473684210526316 0.21326472269868496 0.15019255455712452
5 0.8173241852487135 0.6392811296534018 0.2144082332761578 0.1951219512195122
6 0.6092052601486564 0.17843388960205392 0.2109777015437393 0.17458279845956354
7 0.6083476272155517 0.39730423620025673 0.21040594625500286 0.15789473684210525
8 0.6066323613493425 0.6463414634146342 0.2115494568324757 0.196405648267009
9 0.49771297884505433 0.8690629011553274 0.8513436249285306 0.17201540436456997
10 0.39594053744997143 0.17843388960205392 0.21212121212121213 0.17458279845956354
11 0.39451114922813035 0.4345314505776637 0.21269296740994853 0.24775353016688062
12 0.39422527158376214 0.6739409499358151 0.21212121212121213 0.28241335044929394
2 0.17981703830760434 0.19062901155327341 0.21898227558604916 0.20410783055198972
3 0.18324757004002287 0.3998716302952503 0.21326472269868496 0.15789473684210525
4 0.18267581475128644 0.6360718870346598 0.2109777015437393 0.17073170731707318