0 0.18479184367034834 0.8206106870229007 0.21325403568394222 0.19083969465648856
1 0.18011894647408666 0.6059160305343512 0.2141036533559898 0.15076335877862596
5 0.1822429906542056 0.3616412213740458 0.21495327102803738 0.1965648854961832
6 0.3967714528462192 0.8272900763358778 0.2107051826677995 0.16603053435114504
7 0.3963466440101954 0.5906488549618321 0.21325403568394222 0.18129770992366412
8 0.3976210705182668 0.36736641221374045 0.21240441801189464 0.1736641221374046
9 0.5021240441801189 0.1316793893129771 0.8513169073916738 0.1717557251908397
10 0.6087510620220901 0.8206106870229007 0.21325403568394222 0.183206106870229
11 0.6083262531860663 0.5744274809160306 0.2107051826677995 0.21374045801526717
12 0.6087510620220901 0.3435114503816794 0.21155480033984708 0.21374045801526717
2 0.824553950722175 0.8435114503816794 0.2183517417162277 0.25572519083969464
3 0.824553950722175 0.6402671755725191 0.21665250637213254 0.28053435114503816
4 0.8215802888700084 0.3845419847328244 0.21750212404418012 0.22328244274809161