0 0.1782065834279228 0.8210659898477157 0.21452894438138478 0.1802030456852792
1 0.18047673098751418 0.6046954314720813 0.2133938706015891 0.15101522842639595
5 0.18274687854710556 0.3610406091370558 0.21452894438138478 0.1967005076142132
6 0.39074914869466515 0.8217005076142132 0.21169125993189558 0.17385786802030456
7 0.391316685584563 0.6021573604060914 0.2105561861520999 0.15862944162436549
8 0.3930192962542565 0.36484771573604063 0.2105561861520999 0.16624365482233502
9 0.5025539160045402 0.13071065989847716 0.8518728717366629 0.17258883248730963
10 0.6021566401816119 0.8261421319796954 0.2122587968217934 0.17258883248730963
11 0.6044267877412032 0.5824873096446701 0.21112372304199772 0.19289340101522842
12 0.6038592508513053 0.37753807106598986 0.20885357548240635 0.18401015228426396
2 0.8164018161180476 0.8496192893401016 0.2185017026106697 0.2017766497461929
3 0.8166855845629966 0.5996192893401016 0.2133938706015891 0.15862944162436549
4 0.8178206583427923 0.36421319796954316 0.21112372304199772 0.1700507614213198