0 0.18343357025697102 0.1767741935483871 0.21596500820120285 0.1703225806451613
1 0.1820667031164571 0.4012903225806452 0.21432476763258612 0.2064516129032258
5 0.1817933296883543 0.6374193548387097 0.2148715144887917 0.19612903225806452
6 0.3901038819026791 0.1774193548387097 0.21159103335155824 0.17419354838709677
7 0.391470749043193 0.3967741935483871 0.21104428649535265 0.15870967741935485
8 0.39557135046473485 0.6225806451612903 0.21049753963914708 0.1767741935483871
9 0.5035538545653363 0.8535483870967742 0.8562055768179333 0.23870967741935484
10 0.6011481683980318 0.1735483870967742 0.21268452706396937 0.17161290322580644
11 0.604702022963368 0.4103225806451613 0.2121377802077638 0.18580645161290324
12 0.6057955166757791 0.6219354838709678 0.21323127392017496 0.21935483870967742
2 0.8157463094587206 0.14516129032258066 0.2197922361946419 0.23096774193548386
3 0.8162930563149262 0.39161290322580644 0.21760524876981957 0.2129032258064516
4 0.8171131765992345 0.6361290322580645 0.21049753963914708 0.1703225806451613