0 0.8177570093457944 0.8311068702290076 0.21325403568394222 0.1736641221374046
1 0.8198810535259133 0.6059160305343512 0.2141036533559898 0.15076335877862596
5 0.8177570093457944 0.3616412213740458 0.21495327102803738 0.1965648854961832
6 0.6053525913338997 0.825381679389313 0.21325403568394222 0.16984732824427481
7 0.6062022090059473 0.5935114503816794 0.21325403568394222 0.17938931297709923
8 0.607051826677995 0.3654580152671756 0.20985556499575192 0.16603053435114504
9 0.49787595581988103 0.1316793893129771 0.8513169073916738 0.1717557251908397
10 0.3925233644859813 0.8158396946564885 0.2107051826677995 0.1965648854961832
11 0.39379779099405265 0.5629770992366412 0.21155480033984708 0.24427480916030533
12 0.3920985556499575 0.32538167938931295 0.21325403568394222 0.24236641221374045
2 0.17926932880203908 0.8387404580152672 0.21920135938827529 0.2652671755725191
3 0.1788445199660153 0.6040076335877863 0.21665250637213254 0.24618320610687022
4 0.17799490229396772 0.36354961832061067 0.21665250637213254 0.16984732824427481