0 0.1852054794520548 0.8305304010349288 0.2136986301369863 0.17076326002587322
1 0.18383561643835616 0.5996119016817594 0.21753424657534245 0.15135834411384216
5 0.1841095890410959 0.3602846054333765 0.2136986301369863 0.16170763260025872
6 0.3975342465753425 0.8195342820181113 0.21095890410958903 0.1927554980595084
7 0.39643835616438355 0.5957309184993532 0.21095890410958903 0.17981888745148772
8 0.3926027397260274 0.3654592496765847 0.21095890410958903 0.16688227684346701
9 0.5019178082191781 0.13195342820181113 0.8526027397260274 0.17076326002587322
10 0.6084931506849315 0.8182406209573092 0.21095890410958903 0.17981888745148772
11 0.6038356164383561 0.5840879689521346 0.2115068493150685 0.1927554980595084
12 0.606027397260274 0.351228978007762 0.2104109589041096 0.22897800776196636
2 0.8243835616438356 0.814359637774903 0.21753424657534245 0.2755498059508409
3 0.8227397260273973 0.5860284605433377 0.21972602739726027 0.23544631306597671
4 0.816986301369863 0.3648124191461837 0.2115068493150685 0.16817593790426907