0 0.8171007927519819 0.15931989924433249 0.21517553793884484 0.190176322418136
1 0.8196489241223103 0.39483627204030225 0.21347678369195924 0.14987405541561713
5 0.8173839184597962 0.639168765743073 0.2146092865232163 0.1952141057934509
6 0.6041902604756512 0.18198992443324938 0.21064552661381652 0.1952141057934509
7 0.6084371460928653 0.3973551637279597 0.210079275198188 0.1574307304785894
8 0.6070215175537939 0.6353904282115869 0.20951302378255945 0.16498740554156172
9 0.49773499433748586 0.8690176322418136 0.8516421291053228 0.1712846347607053
10 0.39382785956964894 0.18765743073047858 0.21121177802944507 0.2040302267002519
11 0.3960928652321631 0.4181360201511335 0.21121177802944507 0.19395465994962216
12 0.39580973952434884 0.6467254408060453 0.20951302378255945 0.1952141057934509
2 0.17978482446206115 0.1561712846347607 0.21800679501698755 0.25692695214105793
3 0.1803510758776897 0.38476070528967254 0.21574178935447338 0.2455919395465995
4 0.18148357870894677 0.6272040302267002 0.2202718006795017 0.2367758186397985