0 0.8165938864628821 0.1615186615186615 0.212882096069869 0.17117117117117117
1 0.8157751091703057 0.3835263835263835 0.21451965065502182 0.20077220077220076
5 0.8152292576419214 0.6241956241956242 0.21561135371179038 0.18532818532818532
6 0.6042576419213974 0.17953667953667954 0.21179039301310043 0.1891891891891892
7 0.6048034934497817 0.3963963963963964 0.212882096069869 0.15186615186615188
8 0.6042576419213974 0.6248391248391248 0.21397379912663755 0.1891891891891892
9 0.4964519650655022 0.833976833976834 0.855349344978166 0.2187902187902188
10 0.3921943231441048 0.17631917631917632 0.2134279475982533 0.18532818532818532
11 0.39246724890829693 0.398970398970399 0.212882096069869 0.1776061776061776
12 0.3921943231441048 0.6203346203346203 0.2134279475982533 0.19305019305019305
2 0.1779475982532751 0.14736164736164736 0.21943231441048036 0.18404118404118405
3 0.17767467248908297 0.38738738738738737 0.21561135371179038 0.20077220077220076
4 0.1779475982532751 0.6235521235521235 0.21943231441048036 0.16344916344916344