0 0.1861353711790393 0.16 0.21397379912663755 0.15483870967741936
1 0.18586244541484717 0.3767741935483871 0.21561135371179038 0.1935483870967742
5 0.18286026200873362 0.6180645161290322 0.212882096069869 0.19870967741935483
6 0.3951965065502183 0.1767741935483871 0.212882096069869 0.1703225806451613
7 0.3943777292576419 0.4045161290322581 0.21451965065502182 0.17419354838709677
8 0.3951965065502183 0.6070967741935483 0.2096069868995633 0.19741935483870968
9 0.5019104803493449 0.8412903225806452 0.8564410480349345 0.2167741935483871
10 0.6094432314410481 0.19225806451612903 0.21124454148471616 0.20903225806451614
11 0.6067139737991266 0.44193548387096776 0.2134279475982533 0.2645161290322581
12 0.6061681222707423 0.6548387096774193 0.21233624454148473 0.2103225806451613
2 0.8231441048034934 0.15870967741935485 0.21724890829694324 0.16516129032258065
3 0.8204148471615721 0.3825806451612903 0.21943231441048036 0.2232258064516129
4 0.8206877729257642 0.6161290322580645 0.21997816593886463 0.2