0 0.8216101694915254 0.8218390804597702 0.21440677966101696 0.18007662835249041
1 0.8199152542372882 0.6053639846743295 0.21271186440677967 0.14942528735632185
5 0.8173728813559322 0.3611111111111111 0.21440677966101696 0.19731800766283525
6 0.6084745762711864 0.8237547892720306 0.2135593220338983 0.17624521072796934
7 0.6084745762711864 0.6024904214559387 0.21016949152542372 0.15900383141762453
8 0.6072033898305085 0.3649425287356322 0.2093220338983051 0.16666666666666666
9 0.4978813559322034 0.13122605363984674 0.8516949152542372 0.17049808429118773
10 0.39703389830508473 0.8093869731800766 0.21440677966101696 0.19731800766283525
11 0.39576271186440676 0.5795019157088123 0.211864406779661 0.22796934865900384
12 0.3940677966101695 0.3505747126436782 0.21525423728813559 0.2720306513409962
2 0.18093220338983051 0.8438697318007663 0.21949152542372882 0.2739463601532567
3 0.18093220338983051 0.6647509578544061 0.2211864406779661 0.30268199233716475
4 0.17966101694915254 0.4061302681992337 0.22203389830508474 0.2796934865900383