0 0.18479184367034834 0.16698656429942418 0.20985556499575192 0.1765834932821497
1 0.18521665250637212 0.39539347408829173 0.20900594732370434 0.1727447216890595
5 0.1822429906542056 0.6391554702495201 0.21495327102803738 0.19577735124760076
6 0.3963466440101954 0.17754318618042225 0.21155480033984708 0.1785028790786948
7 0.39507221750212407 0.3944337811900192 0.21240441801189464 0.15930902111324377
8 0.3929481733220051 0.6353166986564299 0.20985556499575192 0.16506717850287908
9 0.5038232795242141 0.8608445297504799 0.8530161427357689 0.21689059500959693
10 0.6079014443500425 0.18809980806142035 0.20815632965165676 0.19577735124760076
11 0.6066270178419712 0.41554702495201534 0.21240441801189464 0.2053742802303263
12 0.607051826677995 0.6525911708253359 0.21325403568394222 0.19961612284069097
2 0.8232795242141037 0.16122840690978887 0.21750212404418012 0.21497120921305182
3 0.8220050977060323 0.3934740882917466 0.21665250637213254 0.21497120921305182
4 0.820730671197961 0.6199616122840691 0.21920135938827529 0.1765834932821497