0 0.17843026538678713 0.8207070707070707 0.21456804065499718 0.17929292929292928
1 0.18012422360248448 0.6054292929292929 0.2134387351778656 0.15025252525252525
5 0.18238283455674761 0.36047979797979796 0.21456804065499718 0.19570707070707072
6 0.391304347826087 0.8087121212121212 0.2100508187464709 0.19570707070707072
7 0.39158667419536985 0.6029040404040404 0.2106154714850367 0.15782828282828282
8 0.3929983060417843 0.36426767676767674 0.2100508187464709 0.16540404040404041
9 0.5011293054771315 0.16035353535353536 0.8509316770186336 0.19444444444444445
10 0.6016374929418408 0.7891414141414141 0.2106154714850367 0.23737373737373738
11 0.6041784302653868 0.5820707070707071 0.2111801242236025 0.19444444444444445
12 0.6050254093732355 0.38446969696969696 0.2106154714850367 0.33207070707070707
2 0.8156408808582721 0.860479797979798 0.22077922077922077 0.2765151515151515
3 0.8162055335968379 0.6534090909090909 0.21852060982495766 0.24873737373737373
4 0.8170525127046866 0.4128787878787879 0.21795595708639187 0.25252525252525254