0 0.18401015228426396 0.14885496183206107 0.21235194585448391 0.21374045801526717
1 0.18485617597292725 0.39217557251908397 0.21065989847715735 0.16221374045801526
5 0.1823181049069374 0.6383587786259542 0.2140439932318105 0.1965648854961832
6 0.39720812182741116 0.183206106870229 0.21573604060913706 0.21374045801526717
7 0.3912859560067682 0.3979007633587786 0.21065989847715735 0.15839694656488548
8 0.3925549915397631 0.6345419847328244 0.2098138747884941 0.16603053435114504
9 0.5021150592216582 0.8683206106870229 0.8519458544839256 0.1717557251908397
10 0.6091370558375635 0.183206106870229 0.2131979695431472 0.17938931297709923
11 0.6087140439932318 0.4570610687022901 0.21235194585448391 0.3148854961832061
12 0.6074450084602369 0.6793893129770993 0.2131979695431472 0.32061068702290074
2 0.8240270727580372 0.16984732824427481 0.2182741116751269 0.33969465648854963
3 0.8236040609137056 0.36259541984732824 0.2140439932318105 0.37404580152671757
4 0.8227580372250423 0.583969465648855 0.2140439932318105 0.3282442748091603