0 0.1782065834279228 0.17947103274559195 0.21452894438138478 0.1801007556675063
1 0.1818955732122588 0.3778337531486146 0.21169125993189558 0.18639798488664988
5 0.18274687854710556 0.639168765743073 0.21452894438138478 0.1952141057934509
6 0.39074914869466515 0.17884130982367757 0.21169125993189558 0.17380352644836272
7 0.391316685584563 0.3973551637279597 0.2105561861520999 0.1574307304785894
8 0.3952894438138479 0.6221662468513854 0.2105561861520999 0.1889168765743073
9 0.5039727582292849 0.8381612090680101 0.8501702610669694 0.172544080604534
10 0.6021566401816119 0.17443324937027707 0.2122587968217934 0.172544080604534
11 0.6044267877412032 0.4181360201511335 0.21112372304199772 0.19395465994962216
12 0.60527809307605 0.6026448362720404 0.21282633371169127 0.23551637279596976
2 0.8166855845629966 0.12342569269521411 0.21906923950056753 0.24685138539042822
3 0.8183881952326901 0.36838790931989923 0.21906923950056753 0.2304785894206549
4 0.8195232690124858 0.5994962216624685 0.21679909194097616 0.21914357682619648