0 0.18595744680851065 0.18199233716475097 0.21361702127659574 0.19540229885057472
1 0.18680851063829787 0.40804597701149425 0.2119148936170213 0.18007662835249041
5 0.18212765957446808 0.6388888888888888 0.214468085106383 0.19731800766283525
6 0.3974468085106383 0.1772030651340996 0.214468085106383 0.18199233716475097
7 0.39787234042553193 0.4109195402298851 0.20851063829787234 0.1896551724137931
8 0.39276595744680853 0.6350574712643678 0.2102127659574468 0.16666666666666666
9 0.5029787234042553 0.8409961685823755 0.851063829787234 0.3103448275862069
10 0.6102127659574468 0.1810344827586207 0.2127659574468085 0.19348659003831417
11 0.6072340425531915 0.4329501915708812 0.21361702127659574 0.2413793103448276
12 0.6068085106382979 0.64272030651341 0.2127659574468085 0.24329501915708812
2 0.8251063829787234 0.1388888888888889 0.21872340425531914 0.25862068965517243
3 0.8238297872340425 0.38026819923371646 0.2178723404255319 0.2662835249042146
4 0.8170212765957446 0.6360153256704981 0.21106382978723404 0.1685823754789272