0 0.8140744797371303 0.8393316195372751 0.21631982475355968 0.13367609254498714
1 0.8138006571741512 0.6465295629820051 0.2157721796276013 0.2390745501285347
5 0.8157174151150055 0.40102827763496146 0.21741511500547644 0.2853470437017995
6 0.6007667031763417 0.8187660668380463 0.21139101861993428 0.18251928020565553
7 0.6018619934282585 0.5784061696658098 0.21139101861993428 0.2185089974293059
8 0.6032311062431545 0.40809768637532134 0.21303395399780942 0.2506426735218509
9 0.4920591456736035 0.17544987146529564 0.8548740416210295 0.33547557840616965
10 0.3899233296823658 0.8097686375321337 0.21139101861993428 0.1928020565552699
11 0.3932092004381161 0.5636246786632391 0.21358159912376778 0.24293059125964012
12 0.39156626506024095 0.39652956298200515 0.21467688937568455 0.2249357326478149
2 0.1801752464403067 0.872107969151671 0.22015334063526834 0.2532133676092545
3 0.1796276013143483 0.6433161953727506 0.2212486308871851 0.2609254498714653
4 0.17661555312157723 0.37789203084832906 0.21631982475355968 0.20565552699228792