0 0.185659760087241 0.17541613316261204 0.21428571428571427 0.16645326504481434
1 0.185659760087241 0.39308578745198464 0.21428571428571427 0.17157490396927016
5 0.18157033805888767 0.6376440460947503 0.2148309705561614 0.19718309859154928
6 0.39830970556161394 0.18117797695262483 0.21101417666303163 0.18053777208706787
7 0.3966739367502726 0.3994878361075544 0.21101417666303163 0.1587708066581306
8 0.3925845147219193 0.6338028169014085 0.21046892039258452 0.16645326504481434
9 0.5016357688113413 0.8681177976952625 0.8516902944383861 0.17157490396927016
10 0.6095965103598692 0.18373879641485275 0.21264994547437296 0.19334186939820744
11 0.6079607415485279 0.42189500640204863 0.21264994547437296 0.19846350832266324
12 0.6049618320610687 0.649167733674776 0.21101417666303163 0.18950064020486557
2 0.816793893129771 0.1293213828425096 0.22137404580152673 0.24839948783610755
3 0.8178844056706652 0.354033290653009 0.21810250817884405 0.2599231754161332
4 0.8181570338058888 0.615877080665813 0.21864776444929115 0.1946222791293214