0 0.1784197111299915 0.1781609195402299 0.2141036533559898 0.18007662835249041
1 0.18394222599830076 0.3888888888888889 0.21155480033984708 0.18773946360153257
5 0.18479184367034834 0.6360153256704981 0.21325403568394222 0.1724137931034483
6 0.3903993203058624 0.1781609195402299 0.21155480033984708 0.1724137931034483
7 0.39507221750212407 0.40804597701149425 0.2107051826677995 0.1685823754789272
8 0.3929481733220051 0.6350574712643678 0.20985556499575192 0.16666666666666666
9 0.5063721325403568 0.8275862068965517 0.8564146134239592 0.2413793103448276
10 0.6015293118096856 0.1743295019157088 0.21240441801189464 0.1724137931034483
11 0.6053525913338997 0.4224137931034483 0.21325403568394222 0.2164750957854406
12 0.6091758708581139 0.6532567049808429 0.2141036533559898 0.20306513409961685
2 0.8160577740016992 0.1503831417624521 0.2183517417162277 0.20114942528735633
3 0.8203058623619371 0.39176245210727967 0.21665250637213254 0.2049808429118774
4 0.8211554800339848 0.6101532567049809 0.22005097706032287 0.18199233716475097