0 0.1784197111299915 0.1781609195402299 0.2141036533559898 0.18007662835249041
1 0.18011894647408666 0.3946360153256705 0.2141036533559898 0.14942528735632185
5 0.1822429906542056 0.6388888888888888 0.21495327102803738 0.19731800766283525
6 0.39422259983007646 0.1810344827586207 0.2141036533559898 0.19731800766283525
7 0.397196261682243 0.407088122605364 0.21325403568394222 0.18199233716475097
8 0.3980458793542906 0.6312260536398467 0.21325403568394222 0.1781609195402299
9 0.5067969413763806 0.8544061302681992 0.8538657604078165 0.1724137931034483
10 0.6066270178419712 0.18869731800766285 0.2141036533559898 0.20114942528735633
11 0.6087510620220901 0.42432950191570884 0.21155480033984708 0.22413793103448276
12 0.6100254885301615 0.6350574712643678 0.2107051826677995 0.24329501915708812
2 0.8215802888700084 0.1475095785440613 0.21750212404418012 0.22988505747126436
3 0.8169073916737468 0.3994252873563218 0.21325403568394222 0.15900383141762453
4 0.824553950722175 0.6206896551724138 0.21495327102803738 0.1724137931034483