0 0.185957213384531 0.16322580645161291 0.21503017004936917 0.16129032258064516
1 0.18540866703236422 0.4 0.2106417992320351 0.14709677419354839
5 0.18239166209544708 0.6387096774193548 0.21448162369720242 0.19612903225806452
6 0.3938562808557323 0.17225806451612904 0.2172243554580362 0.17161290322580644
7 0.3955019199122326 0.39548387096774196 0.21173889193636863 0.1638709677419355
8 0.3952276467361492 0.6361290322580645 0.21448162369720242 0.16
9 0.5019199122325837 0.867741935483871 0.8513439385628085 0.17161290322580644
10 0.607789358200768 0.18129032258064517 0.21393307734503567 0.18193548387096775
11 0.6069665386725178 0.4470967741935484 0.21228743828853539 0.27741935483870966
12 0.6058694459681843 0.6716129032258065 0.21448162369720242 0.25161290322580643
2 0.8233680746023039 0.16322580645161291 0.21832144816236973 0.22838709677419355
3 0.8230938014262205 0.3935483870967742 0.21777290181020295 0.2064516129032258
4 0.8225452550740537 0.6335483870967742 0.21886999451453648 0.17806451612903226