0 0.8121924548933843 0.8329065300896287 0.21377802077638053 0.16261203585147246
1 0.8130125751776928 0.6094750320102432 0.21432476763258612 0.18181818181818182
5 0.8127392017495899 0.36683738796414855 0.21159103335155824 0.17541613316261204
6 0.6006014215418262 0.821382842509603 0.20940404592673592 0.19590268886043533
7 0.6027884089666484 0.5998719590268886 0.21049753963914708 0.1523687580025608
8 0.6006014215418262 0.36043533930857874 0.21159103335155824 0.17285531370038412
9 0.4934390377255331 0.1440460947503201 0.8523783488244943 0.22919334186939821
10 0.3911973756150902 0.8162612035851472 0.20940404592673592 0.20358514724711907
11 0.3906506287588846 0.559539052496799 0.21159103335155824 0.22535211267605634
12 0.3903772553307818 0.34635083226632524 0.2121377802077638 0.21382842509603073
2 0.18015308911973757 0.8412291933418694 0.2192454893384363 0.1997439180537772
3 0.1790595954073264 0.6517285531370038 0.217058501913614 0.24839948783610755
4 0.1768726079825041 0.4174135723431498 0.21596500820120285 0.26888604353393086