0 0.8219761499148212 0.17938931297709923 0.21465076660988075 0.17938931297709923
1 0.8198466780238501 0.39408396946564883 0.21379897785349233 0.15076335877862596
5 0.817717206132879 0.6383587786259542 0.21465076660988075 0.1965648854961832
6 0.6090289608177172 0.1784351145038168 0.21124361158432708 0.1736641221374046
7 0.608603066439523 0.3979007633587786 0.21039182282793867 0.15839694656488548
8 0.6068994889267462 0.6345419847328244 0.21039182282793867 0.16603053435114504
9 0.497870528109029 0.8683206106870229 0.8526405451448041 0.1717557251908397
10 0.39821124361158433 0.1736641221374046 0.2120954003407155 0.1717557251908397
11 0.39437819420783643 0.42748091603053434 0.21465076660988075 0.23282442748091603
12 0.3922487223168654 0.6555343511450382 0.21379897785349233 0.23473282442748092
2 0.17844974446337308 0.13549618320610687 0.21890971039182283 0.2480916030534351
3 0.1793015332197615 0.35782442748091603 0.22061328790459966 0.24236641221374045
4 0.17674616695059625 0.5868320610687023 0.21890971039182283 0.23473282442748092