0 0.821368004522329 0.17947103274559195 0.21481062747314866 0.1801007556675063
1 0.819672131147541 0.39483627204030225 0.21368004522328998 0.14987405541561713
5 0.8174109666478236 0.639168765743073 0.21481062747314866 0.1952141057934509
6 0.6054267947993216 0.181360201511335 0.21028829847371397 0.18387909319899245
7 0.6082532504239684 0.3973551637279597 0.21028829847371397 0.1574307304785894
8 0.606840022611645 0.6353904282115869 0.20972300734878463 0.16498740554156172
9 0.49773883550028264 0.8690176322418136 0.8518937252685133 0.1712846347607053
10 0.3951384963256077 0.19143576826196473 0.21141888072357265 0.2040302267002519
11 0.39626907857546634 0.43073047858942065 0.21141888072357265 0.22418136020151133
12 0.397399660825325 0.6681360201511335 0.21028829847371397 0.2455919395465995
2 0.18117580553985302 0.1889168765743073 0.22215941209723009 0.21158690176322417
3 0.18174109666478236 0.4168765743073048 0.21876766534765404 0.19899244332493704
4 0.18258903335217638 0.6360201511335013 0.21141888072357265 0.16876574307304787