0 0.18516421291053228 0.1755050505050505 0.21064552661381652 0.1717171717171717
1 0.18261608154020384 0.37941919191919193 0.21234428086070214 0.21338383838383837
5 0.18261608154020384 0.639520202020202 0.2146092865232163 0.19570707070707072
6 0.3960928652321631 0.19065656565656566 0.210079275198188 0.1919191919191919
7 0.39382785956964894 0.4116161616161616 0.21234428086070214 0.1994949494949495
8 0.3929784824462061 0.615530303030303 0.21064552661381652 0.21085858585858586
9 0.5016987542468856 0.8282828282828283 0.8505096262740657 0.1893939393939394
10 0.6061721404303511 0.2013888888888889 0.21121177802944507 0.21338383838383837
11 0.6056058890147226 0.4621212121212121 0.210079275198188 0.28535353535353536
12 0.6047565118912798 0.7386363636363636 0.21177802944507362 0.351010101010101
2 0.8204983012457531 0.20833333333333334 0.21630804077010193 0.22727272727272727
3 0.8187995469988675 0.4147727272727273 0.21857304643261607 0.20075757575757575
4 0.8173839184597962 0.6363636363636364 0.21121177802944507 0.1691919191919192