0 0.819034090909091 0.8335443037974684 0.21534090909090908 0.17088607594936708
1 0.8170454545454545 0.5917721518987342 0.21363636363636362 0.17088607594936708
5 0.8173295454545455 0.360126582278481 0.21420454545454545 0.1962025316455696
6 0.6068181818181818 0.8240506329113924 0.21136363636363636 0.1518987341772152
7 0.6053977272727272 0.5943037974683544 0.20852272727272728 0.16329113924050634
8 0.6045454545454545 0.3512658227848101 0.21136363636363636 0.21645569620253163
9 0.4974431818181818 0.13037974683544304 0.8517045454545454 0.17215189873417722
10 0.39431818181818185 0.8183544303797469 0.21022727272727273 0.16582278481012658
11 0.39545454545454545 0.5816455696202532 0.21136363636363636 0.19367088607594937
12 0.3963068181818182 0.34050632911392403 0.21079545454545454 0.23291139240506328
2 0.17982954545454546 0.8462025316455696 0.21988636363636363 0.25443037974683547
3 0.18039772727272727 0.6291139240506329 0.21761363636363637 0.2379746835443038
4 0.18210227272727272 0.3860759493670886 0.21420454545454545 0.21012658227848102