0 0.814042786615469 0.16322580645161291 0.21503017004936917 0.16129032258064516
1 0.8145913329676358 0.4 0.2106417992320351 0.14709677419354839
5 0.8176083379045529 0.6387096774193548 0.21448162369720242 0.19612903225806452
6 0.6061437191442677 0.17225806451612904 0.2172243554580362 0.17161290322580644
7 0.6044980800877674 0.39548387096774196 0.21173889193636863 0.1638709677419355
8 0.6047723532638508 0.6361290322580645 0.21448162369720242 0.16
9 0.49808008776741636 0.867741935483871 0.8513439385628085 0.17161290322580644
10 0.39221064179923204 0.18129032258064517 0.21393307734503567 0.18193548387096775
11 0.3930334613274822 0.4470967741935484 0.21228743828853539 0.27741935483870966
12 0.3941305540318157 0.6716129032258065 0.21448162369720242 0.25161290322580643
2 0.1766319253976961 0.16322580645161291 0.21832144816236973 0.22838709677419355
3 0.17690619857377948 0.3935483870967742 0.21777290181020295 0.2064516129032258
4 0.17745474492594623 0.6335483870967742 0.21886999451453648 0.17806451612903226