0 0.17865232163080408 0.17947103274559195 0.2146092865232163 0.1801007556675063
1 0.1803510758776897 0.39483627204030225 0.21347678369195924 0.14987405541561713
5 0.18261608154020384 0.639168765743073 0.2146092865232163 0.1952141057934509
6 0.39071347678369195 0.17884130982367757 0.21064552661381652 0.17380352644836272
7 0.39156285390713474 0.3973551637279597 0.210079275198188 0.1574307304785894
8 0.3929784824462061 0.6353904282115869 0.20951302378255945 0.16498740554156172
9 0.5022650056625142 0.8690176322418136 0.8516421291053228 0.1712846347607053
10 0.6047565118912798 0.20151133501259447 0.21064552661381652 0.23173803526448364
11 0.6044733861834655 0.4596977329974811 0.2089467723669309 0.3425692695214106
12 0.6053227633069083 0.6303526448362721 0.20838052095130238 0.3236775818639798
2 0.8171007927519819 0.14168765743073047 0.217440543601359 0.2455919395465995
3 0.8168176670441676 0.3998740554156171 0.21347678369195924 0.1574307304785894
4 0.8173839184597962 0.6360201511335013 0.21121177802944507 0.16876574307304787