0 0.821368004522329 0.17929292929292928 0.21481062747314866 0.17929292929292928
1 0.819672131147541 0.39457070707070707 0.21368004522328998 0.15025252525252525
5 0.8174109666478236 0.639520202020202 0.21481062747314866 0.19570707070707072
6 0.609383832673827 0.17866161616161616 0.21141888072357265 0.17297979797979798
7 0.6082532504239684 0.3970959595959596 0.21028829847371397 0.15782828282828282
8 0.606840022611645 0.6357323232323232 0.20972300734878463 0.16540404040404041
9 0.49773883550028264 0.8686868686868687 0.8518937252685133 0.1717171717171717
10 0.39768230638778973 0.20265151515151514 0.211984171848502 0.22095959595959597
11 0.3968343697003957 0.44507575757575757 0.21254946297343133 0.24621212121212122
12 0.39626907857546634 0.6736111111111112 0.21254946297343133 0.21843434343434343
2 0.18400226116449972 0.15088383838383837 0.21876766534765404 0.20075757575757575
3 0.1823063877897117 0.38952020202020204 0.21989824759751272 0.1830808080808081
4 0.1814584511023177 0.6218434343434344 0.21933295647258338 0.16287878787878787