0 0.1864406779661017 0.8284061696658098 0.21541826134499725 0.17095115681233933
1 0.1867140513942045 0.5983290488431876 0.21159103335155824 0.17095115681233933
5 0.18288682340076545 0.36311053984575836 0.21377802077638053 0.16066838046272494
6 0.3993985784581739 0.8194087403598972 0.21049753963914708 0.17609254498714652
7 0.39557135046473485 0.5983290488431876 0.21377802077638053 0.16838046272493573
8 0.39502460360852926 0.36503856041131105 0.21377802077638053 0.15681233933161953
9 0.5019136139967195 0.13174807197943444 0.8518316019682887 0.17095115681233933
10 0.6090759978130126 0.7937017994858612 0.20885729907053036 0.21979434447300772
11 0.6068890103881903 0.5713367609254498 0.2121377802077638 0.2120822622107969
12 0.6071623838162931 0.35025706940874035 0.21377802077638053 0.19408740359897173
2 0.820393657736468 0.8541131105398457 0.2192454893384363 0.17095115681233933
3 0.8195735374521597 0.6086118251928021 0.2197922361946419 0.2120822622107969
4 0.8193001640240568 0.37146529562982006 0.2214324767632586 0.17737789203084833