0 0.8215305539691605 0.8207426376440461 0.21416333523700742 0.1792573623559539
1 0.8198172472872645 0.6049935979513444 0.21302113078241006 0.14980793854033292
5 0.8175328383780697 0.36043533930857874 0.21416333523700742 0.19590268886043533
6 0.6093660765276985 0.821382842509603 0.211307824100514 0.17285531370038412
7 0.6085094231867504 0.6024327784891165 0.2107367218732153 0.15749039692701663
8 0.6070816676185037 0.36427656850192064 0.21016561964591662 0.16517285531370038
9 0.49771559109080526 0.13124199743918052 0.8515134209023415 0.17285531370038412
10 0.39805825242718446 0.8258642765685019 0.21245002855511136 0.17157490396927016
11 0.3957738435179897 0.5819462227912933 0.211307824100514 0.19334186939820744
12 0.3949171901770417 0.352752880921895 0.21302113078241006 0.19846350832266324
2 0.1790405482581382 0.8245838668373879 0.22215876641918902 0.21510883482714468
3 0.17875499714448886 0.6037131882202305 0.220445459737293 0.2599231754161332
4 0.17875499714448886 0.38028169014084506 0.22158766419189035 0.2176696542893726