0 0.1865753424657534 0.17183462532299743 0.21424657534246574 0.17571059431524547
1 0.18712328767123287 0.39147286821705424 0.21424657534246574 0.16795865633074936
5 0.18191780821917808 0.6375968992248062 0.2147945205479452 0.19509043927648578
6 0.3989041095890411 0.1744186046511628 0.2136986301369863 0.16795865633074936
7 0.3972602739726027 0.4102067183462532 0.2104109589041096 0.17958656330749354
8 0.3923287671232877 0.6350129198966409 0.2104109589041096 0.16666666666666666
9 0.5016438356164383 0.8675710594315246 0.8509589041095891 0.17183462532299743
10 0.6095890410958904 0.17700258397932817 0.21205479452054796 0.1731266149870801
11 0.6057534246575342 0.4315245478036176 0.21315068493150685 0.26356589147286824
12 0.6049315068493151 0.6582687338501292 0.2126027397260274 0.23126614987080105
2 0.8238356164383561 0.18023255813953487 0.21863013698630138 0.1925064599483204
3 0.8221917808219178 0.4076227390180879 0.21863013698630138 0.1847545219638243
4 0.8210958904109589 0.6285529715762274 0.21643835616438356 0.15633074935400518