0 0.8129456939111355 0.8348387096774194 0.21503017004936917 0.17806451612903226
1 0.8165112452002194 0.5974193548387097 0.21119034558420186 0.16774193548387098
5 0.8148656061437192 0.36838709677419357 0.21448162369720242 0.18451612903225806
6 0.59983543609435 0.8161290322580645 0.21009325287986835 0.18451612903225806
7 0.6086121777290181 0.603225806451613 0.21009325287986835 0.15870967741935485
8 0.6075150850246845 0.3658064516129032 0.20899616017553482 0.1664516129032258
9 0.492046077893582 0.14516129032258066 0.8546352166758091 0.1664516129032258
10 0.38919363686231484 0.8129032258064516 0.21009325287986835 0.1935483870967742
11 0.3938562808557323 0.5658064516129032 0.21283598464070214 0.23870967741935484
12 0.3935820076796489 0.3445161290322581 0.21557871640153592 0.21935483870967742
2 0.18019747668678004 0.82 0.21886999451453648 0.22064516129032258
3 0.1804717498628634 0.5896774193548387 0.21941854086670323 0.18580645161290324
4 0.178003291278113 0.36516129032258066 0.21777290181020295 0.1703225806451613