0 0.816609977324263 0.8327020202020202 0.21485260770975056 0.16540404040404041
1 0.8197278911564626 0.6054292929292929 0.21315192743764172 0.15025252525252525
5 0.8188775510204082 0.4065656565656566 0.21258503401360543 0.2196969696969697
6 0.6045918367346939 0.8244949494949495 0.21145124716553287 0.16414141414141414
7 0.6054421768707483 0.5845959595959596 0.2108843537414966 0.18434343434343434
8 0.6065759637188208 0.39646464646464646 0.2108843537414966 0.21717171717171718
9 0.4985827664399093 0.1691919191919192 0.8497732426303855 0.20707070707070707
10 0.39285714285714285 0.7821969696969697 0.21201814058956917 0.24873737373737373
11 0.3959750566893424 0.5820707070707071 0.21145124716553287 0.19444444444444445
12 0.39625850340136054 0.3768939393939394 0.20975056689342403 0.1830808080808081
2 0.18055555555555555 0.678030303030303 0.213718820861678 0.5151515151515151
3 0.18310657596371882 0.6003787878787878 0.21315192743764172 0.15782828282828282
4 0.18253968253968253 0.36363636363636365 0.2108843537414966 0.1691919191919192