0 0.8167123287671233 0.8410852713178295 0.21424657534246574 0.18604651162790697
1 0.8131506849315069 0.599483204134367 0.2126027397260274 0.1731266149870801
5 0.8153424657534246 0.35400516795865633 0.2136986301369863 0.19896640826873385
6 0.603013698630137 0.8210594315245479 0.21424657534246574 0.19767441860465115
7 0.6035616438356164 0.6046511627906976 0.21205479452054796 0.16279069767441862
8 0.6041095890410959 0.36886304909560724 0.21424657534246574 0.16666666666666666
9 0.4980821917808219 0.13178294573643412 0.8515068493150685 0.17054263565891473
10 0.39095890410958906 0.7822997416020672 0.21315068493150685 0.2596899224806202
11 0.3926027397260274 0.6550387596899225 0.21205479452054796 0.3772609819121447
12 0.3923287671232877 0.3804909560723514 0.2126027397260274 0.2777777777777778
2 0.17534246575342466 0.8462532299741602 0.2191780821917808 0.2248062015503876
3 0.17753424657534247 0.5981912144702842 0.22027397260273973 0.19896640826873385
4 0.17835616438356164 0.36563307493540054 0.21863013698630138 0.1937984496124031