0 0.17857142857142858 0.17947103274559195 0.21428571428571427 0.1801007556675063
1 0.18197278911564627 0.40428211586901763 0.21315192743764172 0.17632241813602015
5 0.18253968253968253 0.639168765743073 0.21428571428571427 0.1952141057934509
6 0.39058956916099774 0.17884130982367757 0.2108843537414966 0.17380352644836272
7 0.39143990929705214 0.3973551637279597 0.21031746031746032 0.1574307304785894
8 0.39285714285714285 0.6353904282115869 0.20975056689342403 0.16498740554156172
9 0.5022675736961452 0.8690176322418136 0.8514739229024944 0.1712846347607053
10 0.6017573696145124 0.17443324937027707 0.21258503401360543 0.172544080604534
11 0.6043083900226758 0.45843828715365237 0.2108843537414966 0.28463476070528965
12 0.6062925170068028 0.6819899244332494 0.21031746031746032 0.2682619647355164
2 0.8171768707482994 0.16561712846347607 0.21825396825396826 0.25566750629722923
3 0.8177437641723356 0.3809823677581864 0.2193877551020408 0.24307304785894207
4 0.8174603174603174 0.6360201511335013 0.2108843537414966 0.16876574307304787