0 0.8214285714285714 0.8202531645569621 0.21428571428571427 0.17974683544303796
1 0.8202947845804989 0.609493670886076 0.21315192743764172 0.20379746835443038
5 0.8183106575963719 0.38544303797468354 0.21145124716553287 0.18860759493670887
6 0.6094104308390023 0.8215189873417722 0.2108843537414966 0.17468354430379746
7 0.6085600907029478 0.6031645569620253 0.21031746031746032 0.15822784810126583
8 0.6071428571428571 0.36455696202531646 0.20975056689342403 0.1670886075949367
9 0.4977324263038549 0.15822784810126583 0.8503401360544217 0.18227848101265823
10 0.3982426303854875 0.8253164556962025 0.21258503401360543 0.17215189873417722
11 0.39767573696145125 0.5683544303797469 0.21031746031746032 0.23544303797468355
12 0.39625850340136054 0.3651898734177215 0.2108843537414966 0.2088607594936709
2 0.18452380952380953 0.8727848101265823 0.2205215419501134 0.24936708860759493
3 0.1828231292517007 0.6310126582278481 0.2193877551020408 0.23924050632911392
4 0.18253968253968253 0.3632911392405063 0.2108843537414966 0.16962025316455695