0 0.18555008210180624 0.8389175257731959 0.21455938697318008 0.15721649484536082
1 0.18664477285166942 0.6050257731958762 0.2134646962233169 0.14561855670103094
5 0.18664477285166942 0.3756443298969072 0.20799124247400108 0.18427835051546393
6 0.3976464148877942 0.8318298969072165 0.21182266009852216 0.1713917525773196
7 0.3910782703886152 0.6030927835051546 0.210727969348659 0.15979381443298968
8 0.39792008757526 0.3627577319587629 0.21237000547345375 0.18427835051546393
9 0.5019157088122606 0.13144329896907217 0.8516694033935414 0.17010309278350516
10 0.6081007115489874 0.8298969072164949 0.2112753147235906 0.17268041237113402
11 0.6037219485495348 0.5837628865979382 0.2112753147235906 0.19329896907216496
12 0.6067323481116584 0.34536082474226804 0.2140120415982485 0.21391752577319587
2 0.8158182813355227 0.8505154639175257 0.21839080459770116 0.20103092783505155
3 0.8188286808976464 0.6037371134020618 0.21893814997263272 0.19974226804123713
4 0.8223864258347017 0.36082474226804123 0.22058018609742747 0.2190721649484536