0 0.18609742747673783 0.8470437017994858 0.21565407772304324 0.14395886889460155
1 0.1869184455391352 0.6375321336760925 0.2140120415982485 0.2544987146529563
5 0.1869184455391352 0.37660668380462725 0.21182266009852216 0.17737789203084833
6 0.3981937602627258 0.8149100257069408 0.2140120415982485 0.20822622107969152
7 0.3946360153256705 0.6015424164524421 0.21674876847290642 0.16195372750642673
8 0.39627805145046524 0.38881748071979433 0.2134646962233169 0.2480719794344473
9 0.5049261083743842 0.15488431876606684 0.8555008210180624 0.25578406169665807
10 0.6100164203612479 0.8091259640102828 0.210727969348659 0.18637532133676094
11 0.6078270388615217 0.5957583547557841 0.210727969348659 0.17352185089974292
12 0.6094690749863164 0.3676092544987147 0.210727969348659 0.1928020565552699
2 0.8207443897099069 0.8476863753213367 0.22058018609742747 0.21722365038560412
3 0.8199233716475096 0.6143958868894601 0.21674876847290642 0.2210796915167095
4 0.8226600985221675 0.39010282776349614 0.21784345922276957 0.19922879177377892