0 0.8214285714285714 0.8207070707070707 0.21428571428571427 0.17929292929292928
1 0.8197278911564626 0.6054292929292929 0.21315192743764172 0.15025252525252525
5 0.8174603174603174 0.36047979797979796 0.21428571428571427 0.19570707070707072
6 0.6094104308390023 0.8213383838383839 0.2108843537414966 0.17297979797979798
7 0.6085600907029478 0.6029040404040404 0.21031746031746032 0.15782828282828282
8 0.6071428571428571 0.36426767676767674 0.20975056689342403 0.16540404040404041
9 0.4977324263038549 0.13131313131313133 0.8514739229024944 0.1717171717171717
10 0.3982426303854875 0.8257575757575758 0.21258503401360543 0.1717171717171717
11 0.3959750566893424 0.5820707070707071 0.21145124716553287 0.19444444444444445
12 0.39427437641723356 0.3352272727272727 0.21145124716553287 0.2361111111111111
2 0.18452380952380953 0.8314393939393939 0.21825396825396826 0.24116161616161616
3 0.1822562358276644 0.63510101010101 0.21825396825396826 0.25
4 0.18112244897959184 0.3958333333333333 0.21825396825396826 0.22601010101010102