0 0.18674698795180722 0.17352185089974292 0.2157721796276013 0.2133676092544987
1 0.18428258488499452 0.39781491002570696 0.21084337349397592 0.15809768637532134
5 0.18647316538882805 0.6510282776349614 0.21193866374589265 0.20179948586118251
6 0.39813800657174153 0.18508997429305912 0.21029572836801752 0.19794344473007713
7 0.3984118291347207 0.40167095115681234 0.21193866374589265 0.16580976863753213
8 0.39868565169769987 0.6375321336760925 0.20920043811610076 0.16709511568123395
9 0.5073932092004381 0.8740359897172236 0.8515881708652793 0.17480719794344474
10 0.6100766703176341 0.18251928020565553 0.21139101861993428 0.16966580976863754
11 0.6095290251916758 0.4273778920308483 0.21248630887185105 0.2326478149100257
12 0.6076122672508215 0.6381748071979434 0.21412924424972618 0.2994858611825193
2 0.8192771084337349 0.15167095115681234 0.2212486308871851 0.30077120822622105
3 0.8220153340635268 0.35668380462724936 0.21796276013143484 0.36375321336760924
4 0.8233844468784228 0.5649100257069408 0.21522453450164294 0.3277634961439589