0 0.1799660441426146 0.8244274809160306 0.21392190152801357 0.1717557251908397
1 0.183786078098472 0.5944656488549618 0.21477079796264856 0.1736641221374046
5 0.18548387096774194 0.36259541984732824 0.2164685908319185 0.16793893129770993
6 0.3930390492359932 0.8196564885496184 0.21392190152801357 0.1736641221374046
7 0.39558573853989815 0.5935114503816794 0.21052631578947367 0.16412213740458015
8 0.3951612903225806 0.3616412213740458 0.21477079796264856 0.17748091603053434
9 0.5021222410865874 0.1316793893129771 0.8514431239388794 0.1717557251908397
10 0.6056876061120543 0.7977099236641222 0.21137521222410866 0.21755725190839695
11 0.6065365025466893 0.5553435114503816 0.21307300509337862 0.24427480916030533
12 0.6078098471986417 0.34446564885496184 0.21561969439728354 0.20801526717557253
2 0.8183361629881154 0.8187022900763359 0.22071307300509338 0.19083969465648856
3 0.8204584040747029 0.625 0.2198641765704584 0.24618320610687022
4 0.8217317487266553 0.3931297709923664 0.22071307300509338 0.25190839694656486