0 0.18318729463307776 0.1731016731016731 0.21522453450164294 0.19176319176319176
1 0.18729463307776562 0.4021879021879022 0.21467688937568455 0.16859716859716858
5 0.18455640744797372 0.6377091377091377 0.21358159912376778 0.1891891891891892
6 0.39731653888280394 0.16602316602316602 0.21193866374589265 0.16988416988416988
7 0.39868565169769987 0.40476190476190477 0.21139101861993428 0.16087516087516088
8 0.395947426067908 0.6441441441441441 0.21467688937568455 0.1788931788931789
9 0.5019167579408543 0.8674388674388674 0.8515881708652793 0.17245817245817247
10 0.6092552026286966 0.1653796653796654 0.21412924424972618 0.17631917631917632
11 0.6087075575027382 0.41312741312741313 0.21084337349397592 0.18018018018018017
12 0.609802847754655 0.6595881595881596 0.20974808324205915 0.24324324324324326
2 0.8225629791894852 0.15958815958815958 0.22015334063526834 0.3063063063063063
3 0.8217415115005476 0.37258687258687256 0.2185104052573932 0.3384813384813385
4 0.8228368017524644 0.6422136422136422 0.21741511500547644 0.1981981981981982