0 0.8137755102040817 0.8272900763358778 0.21258503401360543 0.18129770992366412
1 0.8125 0.6059160305343512 0.2100340136054422 0.15458015267175573
5 0.814625850340136 0.3711832061068702 0.21258503401360543 0.1736641221374046
6 0.6020408163265306 0.8349236641221374 0.21258503401360543 0.16984732824427481
7 0.6011904761904762 0.6068702290076335 0.2108843537414966 0.16030534351145037
8 0.6020408163265306 0.3654580152671756 0.2108843537414966 0.17748091603053434
9 0.49787414965986393 0.1316793893129771 0.8511904761904762 0.1717557251908397
10 0.38945578231292516 0.8320610687022901 0.21258503401360543 0.18702290076335878
11 0.3907312925170068 0.6116412213740458 0.21343537414965985 0.1736641221374046
12 0.3903061224489796 0.366412213740458 0.2108843537414966 0.1717557251908397
2 0.17389455782312926 0.8330152671755725 0.2151360544217687 0.1965648854961832
3 0.17559523809523808 0.6040076335877863 0.21683673469387754 0.19274809160305342
4 0.17517006802721088 0.3654580152671756 0.21428571428571427 0.18129770992366412