0 0.8215802888700084 0.17938931297709923 0.2141036533559898 0.17938931297709923
1 0.8198810535259133 0.41412213740458015 0.2141036533559898 0.20610687022900764
5 0.8177570093457944 0.6383587786259542 0.21495327102803738 0.1965648854961832
6 0.6096006796941377 0.1784351145038168 0.21155480033984708 0.1736641221374046
7 0.6083262531860663 0.3979007633587786 0.2107051826677995 0.15839694656488548
8 0.6040781648258283 0.6230916030534351 0.2107051826677995 0.17748091603053434
9 0.49617672047578587 0.8540076335877863 0.8564146134239592 0.2385496183206107
10 0.39847068819031434 0.1736641221374046 0.21240441801189464 0.1717557251908397
11 0.39507221750212407 0.4112595419847328 0.21240441801189464 0.1851145038167939
12 0.39379779099405265 0.6230916030534351 0.21325403568394222 0.21946564885496184
2 0.18394222599830076 0.14599236641221375 0.22005097706032287 0.23091603053435114
3 0.18351741716227699 0.39217557251908397 0.21750212404418012 0.21183206106870228
4 0.1826677994902294 0.6364503816793893 0.2107051826677995 0.16984732824427481