0 0.8210659898477157 0.16316793893129772 0.2140439932318105 0.18129770992366412
1 0.8197969543147208 0.39408396946564883 0.2131979695431472 0.15076335877862596
5 0.8176818950930627 0.6383587786259542 0.2140439932318105 0.1965648854961832
6 0.6074450084602369 0.18797709923664122 0.21150592216582065 0.20038167938931298
7 0.606175972927242 0.4074427480916031 0.21235194585448391 0.17748091603053434
8 0.6074450084602369 0.6345419847328244 0.2098138747884941 0.16603053435114504
9 0.4978849407783418 0.8683206106870229 0.8519458544839256 0.1717557251908397
10 0.39720812182741116 0.18606870229007633 0.21235194585448391 0.19274809160305342
11 0.39593908629441626 0.44179389312977096 0.21489001692047377 0.2538167938931298
12 0.3942470389170897 0.6593511450381679 0.21150592216582065 0.22328244274809161
2 0.18189509306260576 0.13454198473282442 0.21996615905245348 0.2652671755725191
3 0.1823181049069374 0.34541984732824427 0.22081218274111675 0.2748091603053435
4 0.18104906937394247 0.5992366412213741 0.2182741116751269 0.2480916030534351