0 0.8165630299604296 0.8358585858585859 0.21311475409836064 0.1691919191919192
1 0.819672131147541 0.6054292929292929 0.21368004522328998 0.15025252525252525
5 0.8174109666478236 0.36047979797979796 0.21481062747314866 0.19570707070707072
6 0.604296212549463 0.8257575757575758 0.21028829847371397 0.16666666666666666
7 0.6082532504239684 0.6029040404040404 0.21028829847371397 0.15782828282828282
8 0.606840022611645 0.36426767676767674 0.20972300734878463 0.16540404040404041
9 0.49773883550028264 0.13131313131313133 0.8518937252685133 0.1717171717171717
10 0.3942905596382137 0.8263888888888888 0.2108535895986433 0.1527777777777778
11 0.3959864330130017 0.5782828282828283 0.21311475409836064 0.20959595959595959
12 0.39400791407574903 0.3428030303030303 0.21481062747314866 0.2058080808080808
2 0.179479932165065 0.8137626262626263 0.21989824759751272 0.18813131313131312
3 0.18004522328999434 0.5833333333333334 0.21989824759751272 0.1893939393939394
4 0.18258903335217638 0.36363636363636365 0.21141888072357265 0.1691919191919192