0 0.18258903335217638 0.8181818181818182 0.21254946297343133 0.1893939393939394
1 0.18032786885245902 0.6054292929292929 0.21368004522328998 0.15025252525252525
5 0.18258903335217638 0.36047979797979796 0.21481062747314866 0.19570707070707072
6 0.39400791407574903 0.8207070707070707 0.21254946297343133 0.18434343434343434
7 0.39174674957603167 0.6029040404040404 0.21028829847371397 0.15782828282828282
8 0.393159977388355 0.36426767676767674 0.20972300734878463 0.16540404040404041
9 0.5022611644997174 0.13131313131313133 0.8518937252685133 0.1717171717171717
10 0.605144149236857 0.8194444444444444 0.2108535895986433 0.17676767676767677
11 0.6040135669869983 0.5820707070707071 0.2108535895986433 0.19444444444444445
12 0.6028829847371396 0.33396464646464646 0.2108535895986433 0.24116161616161616
2 0.8191068400226117 0.7973484848484849 0.2182023742227247 0.22348484848484848
3 0.8174109666478236 0.5751262626262627 0.21707179197286602 0.2032828282828283
4 0.8171283210853589 0.37247474747474746 0.21876766534765404 0.20202020202020202