0 0.17854113655640375 0.820952380952381 0.21458863443596268 0.17904761904761904
1 0.179813401187447 0.6047619047619047 0.21374045801526717 0.15047619047619049
5 0.18193384223918574 0.36095238095238097 0.21458863443596268 0.1961904761904762
6 0.3905852417302799 0.8219047619047619 0.21119592875318066 0.17333333333333334
7 0.3914334181509754 0.6028571428571429 0.21119592875318066 0.1580952380952381
8 0.3969465648854962 0.3676190476190476 0.21204410517387617 0.15619047619047619
9 0.5050890585241731 0.1295238095238095 0.8558100084817643 0.20952380952380953
10 0.6017811704834606 0.8266666666666667 0.21289228159457166 0.17142857142857143
11 0.6047497879558948 0.5752380952380952 0.2154368108566582 0.21714285714285714
12 0.6085665818490246 0.33714285714285713 0.21289228159457166 0.21714285714285714
2 0.8193384223918575 0.8276190476190476 0.21882951653944022 0.2419047619047619
3 0.8206106870229007 0.6104761904761905 0.2179813401187447 0.23047619047619047
4 0.8210347752332485 0.379047619047619 0.2205258693808312 0.21714285714285714