0 0.8148656061437192 0.8243243243243243 0.21448162369720242 0.148005148005148
1 0.814042786615469 0.5913770913770914 0.21503017004936917 0.16087516087516088
5 0.8134942402633023 0.3732303732303732 0.2106417992320351 0.15958815958815958
6 0.605595172792101 0.8198198198198198 0.2095447065277016 0.19047619047619047
7 0.6086121777290181 0.6029601029601029 0.21119034558420186 0.1583011583011583
8 0.6075150850246845 0.3655083655083655 0.21009325287986835 0.16731016731016732
9 0.49808008776741636 0.13191763191763192 0.8513439385628085 0.17117117117117117
10 0.3938562808557323 0.8243243243243243 0.21393307734503567 0.18404118404118405
11 0.39577619308831596 0.5842985842985843 0.21119034558420186 0.19305019305019305
12 0.3938562808557323 0.3577863577863578 0.21173889193636863 0.18532818532818532
2 0.1804717498628634 0.8236808236808236 0.21941854086670323 0.19305019305019305
3 0.17910038398244651 0.5913770913770914 0.21886999451453648 0.1891891891891892
4 0.18102029621503016 0.3667953667953668 0.22051563357103676 0.17245817245817247