0 0.8126714207350522 0.8292367399741267 0.21448162369720242 0.16558861578266496
1 0.814042786615469 0.5983182406209573 0.21503017004936917 0.1461836998706339
5 0.8137685134393856 0.36610608020698576 0.2133845309928689 0.17076326002587322
6 0.6001097092704334 0.8221216041397154 0.21173889193636863 0.17723156532988357
7 0.6014810751508503 0.6021992238033635 0.21228743828853539 0.15653298835705046
8 0.6072408118486012 0.36610608020698576 0.2095447065277016 0.16558861578266496
9 0.49122325836533187 0.14941785252263906 0.8562808557323094 0.17205692108667528
10 0.38837081733406476 0.8240620957309185 0.2106417992320351 0.18111254851228978
11 0.3897421832144816 0.592496765847348 0.20899616017553482 0.17076326002587322
12 0.3913878222709819 0.351875808538163 0.2133845309928689 0.21733505821474774
2 0.17882611080636313 0.8240620957309185 0.21941854086670323 0.20439844760672704
3 0.17827756445419637 0.611254851228978 0.21832144816236973 0.18758085381630013
4 0.1752605595172792 0.37516170763260026 0.21777290181020295 0.17335058214747737