0 0.1858939311098961 0.16709346991037133 0.21541826134499725 0.15492957746478872
1 0.1815199562602515 0.4026888604353393 0.21760524876981957 0.16005121638924455
5 0.18534718425369054 0.6376440460947503 0.21541826134499725 0.18437900128040974
6 0.3977583378895571 0.1792573623559539 0.20940404592673592 0.18693982074263765
7 0.3969382176052488 0.4148527528809219 0.21104428649535265 0.1997439180537772
8 0.3961180973209404 0.6382842509603073 0.21159103335155824 0.1702944942381562
9 0.5073810825587752 0.854673495518566 0.8551120831055221 0.16005121638924455
10 0.6074357572443958 0.1856594110115237 0.21323127392017496 0.18950064020486557
11 0.6079825041006014 0.4321382842509603 0.21323127392017496 0.2087067861715749
12 0.6079825041006014 0.647247119078105 0.2121377802077638 0.18053777208706787
2 0.8195735374521597 0.15941101152368758 0.22088572990705305 0.17541613316261204
3 0.8206670311645708 0.3866837387964149 0.21760524876981957 0.18437900128040974
4 0.8231273920174959 0.6235595390524968 0.2192454893384363 0.15364916773367476