0 0.8159682899207248 0.8291139240506329 0.2129105322763307 0.17974683544303796
1 0.8187995469988675 0.6183544303797468 0.21517553793884484 0.20126582278481012
5 0.8173839184597962 0.3613924050632911 0.2146092865232163 0.1962025316455696
6 0.6053227633069083 0.8120253164556962 0.21177802944507362 0.1962025316455696
7 0.6053227633069083 0.5993670886075949 0.21177802944507362 0.16075949367088607
8 0.6070215175537939 0.36455696202531646 0.20951302378255945 0.1670886075949367
9 0.4988674971687429 0.160126582278481 0.8516421291053228 0.20126582278481012
10 0.39354473386183464 0.7835443037974683 0.21177802944507362 0.2582278481012658
11 0.3941109852774632 0.5316455696202531 0.20838052095130238 0.28607594936708863
12 0.394960362400906 0.34177215189873417 0.21121177802944507 0.24556962025316456
2 0.17950169875424687 0.8348101265822785 0.21970554926387317 0.2645569620253165
3 0.1812004530011325 0.6063291139240506 0.217440543601359 0.2582278481012658
4 0.18176670441676104 0.3740506329113924 0.21517553793884484 0.16835443037974684