0 0.17865232163080408 0.17947103274559195 0.2146092865232163 0.1801007556675063
1 0.18176670441676104 0.38476070528967254 0.21517553793884484 0.2052896725440806
5 0.18261608154020384 0.639168765743073 0.2146092865232163 0.1952141057934509
6 0.3941109852774632 0.1845088161209068 0.21177802944507362 0.19269521410579346
7 0.39156285390713474 0.3973551637279597 0.210079275198188 0.1574307304785894
8 0.3929784824462061 0.6353904282115869 0.20951302378255945 0.16498740554156172
9 0.5019818799546999 0.836272040302267 0.8488108720271801 0.2040302267002519
10 0.6041902604756512 0.21662468513853905 0.21064552661381652 0.2594458438287154
11 0.603907134767837 0.4181360201511335 0.21121177802944507 0.19395465994962216
12 0.6044733861834655 0.6064231738035264 0.21234428086070214 0.3136020151133501
2 0.8185164212910532 0.13790931989924432 0.21800679501698755 0.25818639798488663
3 0.818233295583239 0.29345088161209065 0.21630804077010193 0.33249370277078083
4 0.8185164212910532 0.577455919395466 0.21574178935447338 0.2783375314861461