0 0.813972602739726 0.16237113402061856 0.21534246575342467 0.17010309278350516
1 0.8134246575342465 0.3949742268041237 0.21424657534246574 0.19716494845360824
5 0.8142465753424658 0.6217783505154639 0.2136986301369863 0.19458762886597938
6 0.6 0.16881443298969073 0.20821917808219179 0.16494845360824742
7 0.6019178082191781 0.39948453608247425 0.20986301369863014 0.17268041237113402
8 0.603013698630137 0.6269329896907216 0.21315068493150685 0.1713917525773196
9 0.4934246575342466 0.8621134020618557 0.8542465753424657 0.22164948453608246
10 0.3920547945205479 0.18363402061855671 0.21205479452054796 0.19974226804123713
11 0.3915068493150685 0.4181701030927835 0.21315068493150685 0.20747422680412372
12 0.39287671232876714 0.645618556701031 0.2158904109589041 0.1958762886597938
2 0.17945205479452056 0.1559278350515464 0.21753424657534245 0.19845360824742267
3 0.17917808219178083 0.39690721649484534 0.22027397260273973 0.19329896907216496
4 0.18301369863013697 0.6353092783505154 0.2104109589041096 0.17010309278350516