0 0.8188775510204082 0.16857142857142857 0.21428571428571427 0.1619047619047619
1 0.8171768707482994 0.3676190476190476 0.21428571428571427 0.25142857142857145
5 0.8176020408163265 0.6390476190476191 0.2151360544217687 0.1961904761904762
6 0.6062925170068028 0.18857142857142858 0.21428571428571427 0.1980952380952381
7 0.6050170068027211 0.39904761904761904 0.21683673469387754 0.1619047619047619
8 0.6033163265306123 0.6114285714285714 0.21343537414965985 0.24761904761904763
9 0.49489795918367346 0.8457142857142858 0.8554421768707483 0.25523809523809526
10 0.3932823129251701 0.18571428571428572 0.21173469387755103 0.18476190476190477
11 0.39200680272108845 0.40476190476190477 0.2108843537414966 0.17333333333333334
12 0.3903061224489796 0.6333333333333333 0.2108843537414966 0.19238095238095237
2 0.17899659863945577 0.1523809523809524 0.22023809523809523 0.21714285714285714
3 0.1798469387755102 0.38666666666666666 0.21683673469387754 0.22095238095238096
4 0.17687074829931973 0.6104761904761905 0.21768707482993196 0.2