0 0.8141836173721825 0.1603896103896104 0.21440351841671249 0.16233766233766234
1 0.8141836173721825 0.39415584415584415 0.21110500274876307 0.17272727272727273
5 0.8177570093457944 0.6383116883116883 0.21495327102803738 0.1961038961038961
6 0.6096756459593183 0.17727272727272728 0.21110500274876307 0.17272727272727273
7 0.6083012644310061 0.3961038961038961 0.21055525013743814 0.15844155844155844
8 0.6030786146234195 0.6383116883116883 0.21330401319406267 0.17272727272727273
9 0.49807586586036284 0.8675324675324675 0.8521165475536009 0.17142857142857143
10 0.3988455195162177 0.17272727272727273 0.21165475536008796 0.17142857142857143
11 0.39444749862561845 0.41883116883116883 0.21385376580538756 0.20909090909090908
12 0.39004947773501925 0.6474025974025974 0.20945574491478836 0.23246753246753246
2 0.18279274326553052 0.13246753246753246 0.2182517866959868 0.2597402597402597
3 0.18196811434854315 0.33766233766233766 0.22649807586586038 0.2805194805194805
4 0.17866959868059373 0.5922077922077922 0.22100054975261132 0.2987012987012987