0 0.18322981366459629 0.16309823677581864 0.2140033879164314 0.17506297229219145
1 0.18012422360248448 0.39483627204030225 0.2134387351778656 0.14987405541561713
5 0.18238283455674761 0.639168765743073 0.21456804065499718 0.1952141057934509
6 0.3961038961038961 0.17821158690176322 0.21174477696216826 0.18765743073047858
7 0.39158667419536985 0.3973551637279597 0.2106154714850367 0.1574307304785894
8 0.3929983060417843 0.6353904282115869 0.2100508187464709 0.16498740554156172
9 0.5022586109542632 0.8690176322418136 0.8520609824957651 0.1712846347607053
10 0.6072840203274986 0.19395465994962216 0.20948616600790515 0.21158690176322417
11 0.606154714850367 0.44143576826196473 0.21174477696216826 0.2304785894206549
12 0.6053077357425184 0.6838790931989924 0.21230942970073405 0.26700251889168763
2 0.8198757763975155 0.17191435768261965 0.21908526256352343 0.3236775818639798
3 0.8215697346132129 0.38602015113350124 0.21795595708639187 0.28337531486146095
4 0.82128740824393 0.6158690176322418 0.21739130434782608 0.25440806045340053