0 0.8194444444444444 0.8202531645569621 0.21258503401360543 0.1341772151898734
1 0.8171768707482994 0.5917721518987342 0.213718820861678 0.17088607594936708
5 0.8174603174603174 0.360126582278481 0.21428571428571427 0.1962025316455696
6 0.606859410430839 0.8240506329113924 0.21145124716553287 0.1518987341772152
7 0.6054421768707483 0.5943037974683544 0.20861678004535147 0.16329113924050634
8 0.6045918367346939 0.3512658227848101 0.21145124716553287 0.21645569620253163
9 0.49744897959183676 0.13037974683544304 0.8520408163265306 0.17215189873417722
10 0.3979591836734694 0.7892405063291139 0.21201814058956917 0.23417721518987342
11 0.3968253968253968 0.5417721518987342 0.20975056689342403 0.26329113924050634
12 0.3948412698412698 0.34367088607594937 0.20918367346938777 0.20126582278481012
2 0.18253968253968253 0.8322784810126582 0.21315192743764172 0.17848101265822786
3 0.1836734693877551 0.6082278481012658 0.21882086167800455 0.23164556962025318
4 0.18197278911564627 0.3632911392405063 0.2108843537414966 0.16962025316455695