0 0.1836734693877551 0.17624521072796934 0.21428571428571427 0.18773946360153257
1 0.1798469387755102 0.3946360153256705 0.21343537414965985 0.14942528735632185
5 0.18239795918367346 0.6388888888888888 0.2151360544217687 0.19731800766283525
6 0.3903061224489796 0.1781609195402299 0.2108843537414966 0.1724137931034483
7 0.39158163265306123 0.3975095785440613 0.2100340136054422 0.15900383141762453
8 0.39285714285714285 0.6350574712643678 0.20918367346938777 0.16666666666666666
9 0.502125850340136 0.8687739463601533 0.8511904761904762 0.17049808429118773
10 0.6084183673469388 0.18199233716475097 0.21343537414965985 0.3448275862068966
11 0.6037414965986394 0.4166666666666667 0.2108843537414966 0.19348659003831417
12 0.6079931972789115 0.6293103448275862 0.21258503401360543 0.22413793103448276
2 0.8231292517006803 0.13026819923371646 0.21768707482993196 0.2413793103448276
3 0.8218537414965986 0.36590038314176243 0.2151360544217687 0.24521072796934865
4 0.8218537414965986 0.6187739463601533 0.21683673469387754 0.19923371647509577