0 0.18719211822660098 0.16925064599483206 0.21455938697318008 0.19896640826873385
1 0.18226600985221675 0.4018087855297158 0.2134646962233169 0.1524547803617571
5 0.18472906403940886 0.6337209302325582 0.21182266009852216 0.16925064599483206
6 0.39874110563765736 0.18281653746770027 0.210727969348659 0.17700258397932817
7 0.391351943076081 0.39728682170542634 0.21018062397372742 0.15891472868217055
8 0.39600437876299943 0.6136950904392765 0.21620142309797483 0.20155038759689922
9 0.5076628352490421 0.8552971576227391 0.8544061302681992 0.17054263565891473
10 0.60727969348659 0.1847545219638243 0.21291735084838534 0.20930232558139536
11 0.603448275862069 0.4166666666666667 0.210727969348659 0.1925064599483204
12 0.6097427476737821 0.6317829457364341 0.21018062397372742 0.29198966408268734
2 0.8234811165845649 0.16343669250645995 0.22058018609742747 0.2751937984496124
3 0.8215654077723044 0.3850129198966408 0.21674876847290642 0.2248062015503876
4 0.8223864258347017 0.6175710594315246 0.21510673234811165 0.19121447028423771