0 0.8161168199026501 0.16729559748427672 0.21200648999459168 0.1559748427672956
1 0.8161168199026501 0.39937106918238996 0.2130881557598702 0.16477987421383647
5 0.8177393185505679 0.6383647798742138 0.21416982152514874 0.19748427672955976
6 0.6087074094104922 0.1761006289308176 0.21362898864250945 0.1761006289308176
7 0.6087074094104922 0.3968553459119497 0.21038399134667388 0.15974842767295597
8 0.6076257436452136 0.6345911949685534 0.20930232558139536 0.16729559748427672
9 0.49810708491076255 0.8679245283018868 0.8512709572742023 0.1710691823899371
10 0.39724175229853975 0.189937106918239 0.214710654407788 0.19622641509433963
11 0.3958896700919416 0.41949685534591197 0.21200648999459168 0.22767295597484277
12 0.3942671714440238 0.6490566037735849 0.21525148729042726 0.27169811320754716
2 0.1811790156841536 0.1559748427672956 0.21957815035154138 0.2742138364779874
3 0.18144943212547324 0.33459119496855344 0.22120064899945915 0.3018867924528302
4 0.17982693347755543 0.5930817610062893 0.2222823147647377 0.28050314465408804