0 0.8216398985629755 0.17904761904761904 0.2147083685545224 0.17904761904761904
1 0.819949281487743 0.3952380952380952 0.21301775147928995 0.15047619047619049
5 0.8174133558748944 0.6390476190476191 0.2147083685545224 0.1961904761904762
6 0.6094674556213018 0.17809523809523808 0.21132713440405748 0.17333333333333334
7 0.6081994928148774 0.39714285714285713 0.21048182586644126 0.1580952380952381
8 0.6027049873203719 0.6390476190476191 0.21301775147928995 0.17333333333333334
9 0.4978867286559594 0.8685714285714285 0.8520710059171598 0.17142857142857143
10 0.3985629754860524 0.17333333333333334 0.2121724429416737 0.17142857142857143
11 0.39433643279797126 0.41904761904761906 0.21386306001690616 0.20952380952380953
12 0.389687235841082 0.6476190476190476 0.20963651732882502 0.23238095238095238
2 0.18258664412510567 0.13333333333333333 0.2180896027049873 0.259047619047619
3 0.18174133558748942 0.3380952380952381 0.2265426880811496 0.28
4 0.17836010143702452 0.5933333333333334 0.22147083685545224 0.29904761904761906