0 0.17857142857142858 0.17929292929292928 0.21428571428571427 0.17929292929292928
1 0.18027210884353742 0.39457070707070707 0.21315192743764172 0.15025252525252525
5 0.18253968253968253 0.639520202020202 0.21428571428571427 0.19570707070707072
6 0.39058956916099774 0.17866161616161616 0.2108843537414966 0.17297979797979798
7 0.39143990929705214 0.3970959595959596 0.21031746031746032 0.15782828282828282
8 0.39285714285714285 0.6357323232323232 0.20975056689342403 0.16540404040404041
9 0.5022675736961452 0.8686868686868687 0.8514739229024944 0.1717171717171717
10 0.6017573696145124 0.17424242424242425 0.21258503401360543 0.1717171717171717
11 0.6026077097505669 0.4166666666666667 0.21201814058956917 0.20454545454545456
12 0.6040249433106576 0.6407828282828283 0.21145124716553287 0.2638888888888889
2 0.8160430839002267 0.15088383838383837 0.21825396825396826 0.20075757575757575
3 0.8183106575963719 0.4015151515151515 0.21825396825396826 0.1893939393939394
4 0.8174603174603174 0.6363636363636364 0.2108843537414966 0.1691919191919192