0 0.8155216284987278 0.8330152671755725 0.21289228159457166 0.1736641221374046
1 0.8163698049194232 0.5992366412213741 0.21119592875318066 0.15648854961832062
5 0.81509754028838 0.36450381679389315 0.21204410517387617 0.18702290076335878
6 0.6043256997455471 0.8215648854961832 0.21458863443596268 0.16984732824427481
7 0.6039016115351993 0.5925572519083969 0.21204410517387617 0.15839694656488548
8 0.6039016115351993 0.3606870229007634 0.2154368108566582 0.16412213740458015
9 0.49787955894826125 0.1316793893129771 0.8515691263782866 0.1717557251908397
10 0.3922815945716709 0.8225190839694656 0.21289228159457166 0.183206106870229
11 0.3914334181509754 0.5858778625954199 0.21119592875318066 0.23282442748091603
12 0.39185750636132316 0.3597328244274809 0.21374045801526717 0.20801526717557253
2 0.1759966072943172 0.8330152671755725 0.2179813401187447 0.1851145038167939
3 0.17854113655640375 0.5935114503816794 0.2196776929601357 0.16030534351145037
4 0.17769296013570823 0.3530534351145038 0.21628498727735368 0.16793893129770993