0 0.8120218579234972 0.17396907216494845 0.21311475409836064 0.18041237113402062
1 0.8117486338797815 0.39819587628865977 0.21147540983606558 0.16752577319587628
5 0.8153005464480875 0.6378865979381443 0.21420765027322405 0.16752577319587628
6 0.6010928961748634 0.1797680412371134 0.21202185792349726 0.18943298969072164
7 0.6021857923497268 0.4007731958762887 0.21092896174863388 0.17010309278350516
8 0.6021857923497268 0.6365979381443299 0.21202185792349726 0.17010309278350516
9 0.4912568306010929 0.8614690721649485 0.8546448087431694 0.17396907216494845
10 0.3901639344262295 0.18878865979381443 0.21092896174863388 0.19458762886597938
11 0.39207650273224043 0.41494845360824745 0.21147540983606558 0.19845360824742267
12 0.38879781420765025 0.6346649484536082 0.21147540983606558 0.19716494845360824
2 0.17814207650273223 0.1643041237113402 0.2185792349726776 0.18943298969072164
3 0.17841530054644808 0.39884020618556704 0.21366120218579235 0.1713917525773196
4 0.1756830601092896 0.6211340206185567 0.21475409836065573 0.17010309278350516