0 0.8153424657534246 0.16216216216216217 0.2158904109589041 0.16988416988416988
1 0.8131506849315069 0.3764478764478765 0.2104109589041096 0.25096525096525096
5 0.8145205479452055 0.6267696267696268 0.21534246575342467 0.1776061776061776
6 0.6038356164383561 0.18082368082368083 0.2104109589041096 0.18404118404118405
7 0.6052054794520548 0.4021879021879022 0.21643835616438356 0.16859716859716858
8 0.6027397260273972 0.6422136422136422 0.2147945205479452 0.18275418275418276
9 0.4986301369863014 0.8449163449163449 0.8526027397260274 0.2483912483912484
10 0.3915068493150685 0.2059202059202059 0.21095890410958903 0.23680823680823682
11 0.39287671232876714 0.435006435006435 0.2115068493150685 0.24967824967824967
12 0.39095890410958906 0.640926640926641 0.21315068493150685 0.22136422136422138
2 0.17863013698630137 0.1640926640926641 0.21808219178082192 0.1969111969111969
3 0.17835616438356164 0.39703989703989706 0.21863013698630138 0.16602316602316602
4 0.17671232876712328 0.6396396396396397 0.21753424657534245 0.16988416988416988