0 0.18513439385628086 0.16731016731016732 0.2133845309928689 0.24453024453024452
1 0.1870543060888645 0.3963963963963964 0.21173889193636863 0.1981981981981982
5 0.1856829402084476 0.6364221364221364 0.21228743828853539 0.19176319176319176
6 0.3938562808557323 0.1969111969111969 0.21283598464070214 0.21106821106821108
7 0.3976961053208996 0.4124839124839125 0.2106417992320351 0.16859716859716858
8 0.39851892484914975 0.631917631917632 0.21009325287986835 0.17503217503217502
9 0.505759736697751 0.8333333333333334 0.8535381239714755 0.19433719433719435
10 0.6066922654964344 0.1718146718146718 0.21283598464070214 0.17374517374517376
11 0.6086121777290181 0.425997425997426 0.21119034558420186 0.18018018018018017
12 0.6091607240811848 0.6435006435006435 0.21448162369720242 0.2059202059202059
2 0.8208996160175535 0.1435006435006435 0.2210641799232035 0.24581724581724582
3 0.8214481623697203 0.3564993564993565 0.21886999451453648 0.24967824967824967
4 0.8233680746023039 0.6061776061776062 0.21941854086670323 0.19305019305019305