0 0.18565169769989048 0.16623544631306597 0.21358159912376778 0.16946959896507116
1 0.18428258488499452 0.4087968952134541 0.21084337349397592 0.1630012936610608
5 0.18455640744797372 0.6390685640362225 0.2157721796276013 0.16817593790426907
6 0.39786418400876233 0.17076326002587322 0.21084337349397592 0.14747736093143596
7 0.3951259583789704 0.4094437257438551 0.21193866374589265 0.17723156532988357
8 0.39704271631982474 0.6338939197930142 0.21139101861993428 0.16041397153945666
9 0.5019167579408543 0.8680465717981889 0.8515881708652793 0.17076326002587322
10 0.6092552026286966 0.17529107373868047 0.20974808324205915 0.15653298835705046
11 0.6062431544359255 0.4307891332470893 0.2157721796276013 0.21992238033635186
12 0.6095290251916758 0.6597671410090556 0.21248630887185105 0.19663648124191463
2 0.8198247535596933 0.17787839586028462 0.21686746987951808 0.16946959896507116
3 0.8209200438116101 0.40297542043984474 0.21905805038335158 0.14877102199223805
4 0.8231106243154436 0.6364812419146184 0.21467688937568455 0.15523932729624837