0 0.8152412280701754 0.8322538860103627 0.2138157894736842 0.1567357512953368
1 0.8149671052631579 0.6068652849740933 0.21217105263157895 0.15932642487046633
5 0.8179824561403509 0.36139896373056996 0.2149122807017544 0.19689119170984457
6 0.6096491228070176 0.822538860103627 0.21162280701754385 0.17357512953367876
7 0.6085526315789473 0.602979274611399 0.21052631578947367 0.15932642487046633
8 0.6071820175438597 0.36593264248704666 0.2099780701754386 0.16709844559585493
9 0.4980811403508772 0.13212435233160622 0.8514254385964912 0.17098445595854922
10 0.3944627192982456 0.8031088082901554 0.21765350877192982 0.22538860103626943
11 0.39528508771929827 0.5647668393782384 0.21710526315789475 0.25129533678756477
12 0.3944627192982456 0.37240932642487046 0.21217105263157895 0.2422279792746114
2 0.1787280701754386 0.8724093264248705 0.21710526315789475 0.2344559585492228
3 0.17982456140350878 0.6269430051813472 0.2149122807017544 0.21761658031088082
4 0.1787280701754386 0.38147668393782386 0.21600877192982457 0.1800518134715026