0 0.17857142857142858 0.1781609195402299 0.21428571428571427 0.18007662835249041
1 0.1798469387755102 0.3946360153256705 0.21343537414965985 0.14942528735632185
5 0.18239795918367346 0.6388888888888888 0.2151360544217687 0.19731800766283525
6 0.3903061224489796 0.1781609195402299 0.2108843537414966 0.1724137931034483
7 0.39158163265306123 0.3975095785440613 0.2100340136054422 0.15900383141762453
8 0.39285714285714285 0.6350574712643678 0.20918367346938777 0.16666666666666666
9 0.502125850340136 0.8687739463601533 0.8511904761904762 0.17049808429118773
10 0.6033163265306123 0.18486590038314177 0.21343537414965985 0.21264367816091953
11 0.6054421768707483 0.4454022988505747 0.21428571428571427 0.2662835249042146
12 0.60671768707483 0.6475095785440613 0.21343537414965985 0.21455938697318008
2 0.8159013605442177 0.1503831417624521 0.2185374149659864 0.20114942528735633
3 0.8167517006802721 0.3994252873563218 0.21343537414965985 0.15900383141762453
4 0.8218537414965986 0.6206896551724138 0.21683673469387754 0.1685823754789272