0 0.17853075170842825 0.8202824133504493 0.21469248291571755 0.1797175866495507
1 0.1802391799544419 0.6052631578947368 0.21355353075170844 0.15019255455712452
5 0.18251708428246013 0.3607188703465982 0.21469248291571755 0.1951219512195122
6 0.39094533029612755 0.8215661103979461 0.21127562642369022 0.17458279845956354
7 0.3917995444191344 0.6026957637997432 0.21070615034168566 0.15789473684210525
8 0.39322323462414577 0.3645699614890886 0.2101366742596811 0.1668806161745828
9 0.5022779043280182 0.13093709884467267 0.8519362186788155 0.17201540436456997
10 0.6033599088838268 0.8074454428754814 0.21241457858769933 0.21309370988446727
11 0.6036446469248291 0.5661103979460848 0.21298405466970388 0.22849807445442877
12 0.6033599088838268 0.3356867779204108 0.21127562642369022 0.24261874197689345
2 0.8191913439635535 0.8273427471116817 0.22266514806378132 0.23234916559691912
3 0.8189066059225513 0.6084724005134788 0.21753986332574032 0.23106546854942234
4 0.8194760820045558 0.37163029525032093 0.21753986332574032 0.2220795892169448