0 0.18569087930092845 0.18998716302952504 0.21736755871108684 0.18741976893453144
1 0.18651010376843255 0.40629011553273425 0.21245221190606225 0.17586649550706032
5 0.1862370289459312 0.6360718870346598 0.21190606226105954 0.1810012836970475
6 0.3986892408519934 0.18741976893453144 0.21081376297105406 0.1925545571245186
7 0.3970507919169853 0.4069319640564827 0.212998361551065 0.1822849807445443
8 0.3978700163844894 0.6309370988446726 0.2135445111960677 0.17843388960205392
9 0.5065537957400328 0.8536585365853658 0.8536318951392682 0.17201540436456997
10 0.610595303113053 0.19062901155327341 0.2097214636810486 0.18870346598202825
11 0.608410704533042 0.42362002567394097 0.21190606226105954 0.2233632862644416
12 0.6097760786455488 0.6341463414634146 0.21026761332605134 0.24390243902439024
2 0.821409066084107 0.14698331193838254 0.21736755871108684 0.22978177150192555
3 0.8164937192790824 0.3992297817715019 0.212998361551065 0.15917843388960207
4 0.8241398143091206 0.62002567394095 0.2151829601310759 0.17201540436456997