0 0.8215802888700084 0.8206106870229007 0.2141036533559898 0.17938931297709923
1 0.8198810535259133 0.6059160305343512 0.2141036533559898 0.15076335877862596
5 0.8177570093457944 0.3616412213740458 0.21495327102803738 0.1965648854961832
6 0.6066270178419712 0.8215648854961832 0.21240441801189464 0.17748091603053434
7 0.6083262531860663 0.6020992366412213 0.2107051826677995 0.15839694656488548
8 0.607051826677995 0.3654580152671756 0.20985556499575192 0.16603053435114504
9 0.49787595581988103 0.1316793893129771 0.8513169073916738 0.1717557251908397
10 0.39422259983007646 0.8206106870229007 0.2141036533559898 0.18702290076335878
11 0.3959218351741716 0.5830152671755725 0.2107051826677995 0.19274809160305342
12 0.39507221750212407 0.3482824427480916 0.2107051826677995 0.24236641221374045
2 0.18054375531011044 0.8215648854961832 0.22005097706032287 0.21183206106870228
3 0.18139337298215802 0.583969465648855 0.2183517417162277 0.1984732824427481
4 0.1822429906542056 0.3597328244274809 0.22005097706032287 0.18893129770992367