0 0.18801313628899835 0.16817010309278352 0.21291735084838534 0.1713917525773196
1 0.18664477285166942 0.3949742268041237 0.21455938697318008 0.17396907216494845
5 0.18609742747673783 0.6423969072164949 0.21455938697318008 0.15850515463917525
6 0.39874110563765736 0.18298969072164947 0.20963327859879585 0.18556701030927836
7 0.39655172413793105 0.41494845360824745 0.21182266009852216 0.16494845360824742
8 0.39655172413793105 0.6320876288659794 0.2140120415982485 0.16108247422680413
9 0.5060207991242474 0.8588917525773195 0.8533114395183361 0.16623711340206185
10 0.6078270388615217 0.17719072164948454 0.21182266009852216 0.18427835051546393
11 0.6083743842364532 0.36146907216494845 0.20963327859879585 0.31056701030927836
12 0.608648056923919 0.5347938144329897 0.21237000547345375 0.39948453608247425
2 0.8207443897099069 0.11920103092783506 0.21839080459770116 0.23840206185567012
3 0.8210180623973727 0.3240979381443299 0.21784345922276957 0.2667525773195876
4 0.8221127531472359 0.5882731958762887 0.2200328407224959 0.2615979381443299