0 0.18650575973669775 0.16472868217054262 0.21503017004936917 0.16149870801033592
1 0.185957213384531 0.38953488372093026 0.21393307734503567 0.14599483204134367
5 0.18623148656061436 0.6356589147286822 0.21119034558420186 0.16020671834625322
6 0.3955019199122326 0.17829457364341086 0.2106417992320351 0.17829457364341086
7 0.39440482720789904 0.4011627906976744 0.21503017004936917 0.1744186046511628
8 0.39467910038398246 0.6291989664082688 0.21228743828853539 0.16279069767441862
9 0.5019199122325837 0.8682170542635659 0.8513439385628085 0.17054263565891473
10 0.6080636313768514 0.17829457364341086 0.21448162369720242 0.1937984496124031
11 0.6066922654964344 0.42764857881136953 0.21503017004936917 0.20930232558139536
12 0.6064179923203511 0.6543927648578811 0.21448162369720242 0.20025839793281655
2 0.8236423477783873 0.17635658914728683 0.21667580910586945 0.20025839793281655
3 0.8211738891936369 0.39018087855297157 0.2172243554580362 0.19638242894056848
4 0.8217224355458036 0.6266149870801033 0.21832144816236973 0.15503875968992248