0 0.18181818181818182 0.17461832061068702 0.21240441801189464 0.18129770992366412
1 0.18011894647408666 0.39408396946564883 0.2141036533559898 0.15076335877862596
5 0.1822429906542056 0.6383587786259542 0.21495327102803738 0.1965648854961832
6 0.39379779099405265 0.18893129770992367 0.21495327102803738 0.20229007633587787
7 0.39167374681393374 0.3979007633587786 0.2107051826677995 0.15839694656488548
8 0.39379779099405265 0.6393129770992366 0.21495327102803738 0.17557251908396945
9 0.5033984706881903 0.8540076335877863 0.8555649957519117 0.23473282442748092
10 0.6074766355140186 0.19083969465648856 0.2107051826677995 0.20610687022900764
11 0.6040781648258283 0.4169847328244275 0.2107051826677995 0.19274809160305342
12 0.6062022090059473 0.6507633587786259 0.21325403568394222 0.20610687022900764
2 0.8228547153780799 0.14790076335877864 0.2183517417162277 0.23473282442748092
3 0.8203058623619371 0.3711832061068702 0.2183517417162277 0.21564885496183206
4 0.8198810535259133 0.6145038167938931 0.21750212404418012 0.20610687022900764