0 0.8163265306122449 0.8299748110831234 0.21428571428571427 0.18639798488664988
1 0.8197278911564626 0.6051637279596978 0.21315192743764172 0.14987405541561713
5 0.8174603174603174 0.3608312342569269 0.21428571428571427 0.1952141057934509
6 0.6034580498866213 0.8224181360201511 0.21031746031746032 0.18387909319899245
7 0.604875283446712 0.5906801007556675 0.21201814058956917 0.18387909319899245
8 0.6071428571428571 0.3646095717884131 0.20975056689342403 0.16498740554156172
9 0.4977324263038549 0.1309823677581864 0.8514739229024944 0.1712846347607053
10 0.3925736961451247 0.8243073047858942 0.21031746031746032 0.17506297229219145
11 0.393140589569161 0.5654911838790933 0.21031746031746032 0.23929471032745592
12 0.39625850340136054 0.3438287153652393 0.20861678004535147 0.24937027707808565
2 0.17857142857142858 0.8406801007556675 0.21882086167800455 0.27329974811083124
3 0.1788548752834467 0.6209068010075567 0.21825396825396826 0.24685138539042822
4 0.1816893424036281 0.3790931989924433 0.21825396825396826 0.25440806045340053