0 0.8161168199026501 0.8327044025157233 0.21200648999459168 0.1559748427672956
1 0.8161168199026501 0.60062893081761 0.2130881557598702 0.16477987421383647
5 0.8177393185505679 0.36163522012578614 0.21416982152514874 0.19748427672955976
6 0.6087074094104922 0.8238993710691824 0.21362898864250945 0.1761006289308176
7 0.6087074094104922 0.6031446540880503 0.21038399134667388 0.15974842767295597
8 0.6076257436452136 0.3654088050314465 0.20930232558139536 0.16729559748427672
9 0.49810708491076255 0.1320754716981132 0.8512709572742023 0.1710691823899371
10 0.39724175229853975 0.810062893081761 0.214710654407788 0.19622641509433963
11 0.3958896700919416 0.580503144654088 0.21200648999459168 0.22767295597484277
12 0.3942671714440238 0.35094339622641507 0.21525148729042726 0.27169811320754716
2 0.1811790156841536 0.8440251572327044 0.21957815035154138 0.2742138364779874
3 0.18144943212547324 0.6654088050314465 0.22120064899945915 0.3018867924528302
4 0.17982693347755543 0.4069182389937107 0.2222823147647377 0.28050314465408804