0 0.8216101694915254 0.17938931297709923 0.21440677966101696 0.17938931297709923
1 0.8199152542372882 0.39408396946564883 0.21271186440677967 0.15076335877862596
5 0.8173728813559322 0.6383587786259542 0.21440677966101696 0.1965648854961832
6 0.6097457627118644 0.1784351145038168 0.21101694915254238 0.1736641221374046
7 0.6084745762711864 0.3979007633587786 0.21016949152542372 0.15839694656488548
8 0.6072033898305085 0.6345419847328244 0.2093220338983051 0.16603053435114504
9 0.4978813559322034 0.8683206106870229 0.8516949152542372 0.1717557251908397
10 0.3983050847457627 0.1736641221374046 0.211864406779661 0.1717557251908397
11 0.3961864406779661 0.4169847328244275 0.21101694915254238 0.19274809160305342
12 0.39322033898305087 0.6564885496183206 0.2135593220338983 0.21755725190839695
2 0.17669491525423728 0.16984732824427481 0.2211864406779661 0.21374045801526717
3 0.17796610169491525 0.40458015267175573 0.21864406779661016 0.18702290076335878
4 0.17923728813559323 0.6269083969465649 0.21949152542372882 0.19274809160305342