0 0.8147945205479452 0.16946959896507116 0.2136986301369863 0.17076326002587322
1 0.8161643835616438 0.4003880983182406 0.21753424657534245 0.15135834411384216
5 0.8158904109589041 0.6397153945666235 0.2136986301369863 0.16170763260025872
6 0.6024657534246576 0.18046571798188873 0.21095890410958903 0.1927554980595084
7 0.6035616438356164 0.40426908150064683 0.21095890410958903 0.17981888745148772
8 0.6073972602739726 0.6345407503234153 0.21095890410958903 0.16688227684346701
9 0.4980821917808219 0.8680465717981889 0.8526027397260274 0.17076326002587322
10 0.3915068493150685 0.18175937904269082 0.21095890410958903 0.17981888745148772
11 0.39616438356164385 0.41591203104786545 0.2115068493150685 0.1927554980595084
12 0.393972602739726 0.648771021992238 0.2104109589041096 0.22897800776196636
2 0.1756164383561644 0.18564036222509703 0.21753424657534245 0.2755498059508409
3 0.17726027397260274 0.4139715394566624 0.21972602739726027 0.23544631306597671
4 0.18301369863013697 0.6351875808538163 0.2115068493150685 0.16817593790426907