0 0.17857142857142858 0.17822736030828518 0.21428571428571427 0.1791907514450867
1 0.1798469387755102 0.394990366088632 0.21343537414965985 0.15028901734104047
5 0.18239795918367346 0.6396917148362236 0.2151360544217687 0.19653179190751446
6 0.3903061224489796 0.17726396917148363 0.2108843537414966 0.17341040462427745
7 0.39158163265306123 0.3969171483622351 0.2100340136054422 0.1579961464354528
8 0.39285714285714285 0.6358381502890174 0.20918367346938777 0.16570327552986513
9 0.502125850340136 0.8689788053949904 0.8511904761904762 0.17341040462427745
10 0.6016156462585034 0.17341040462427745 0.21173469387755103 0.17341040462427745
11 0.6037414965986394 0.41714836223506746 0.2108843537414966 0.19460500963391136
12 0.6037414965986394 0.6223506743737958 0.20918367346938777 0.18497109826589594
2 0.8214285714285714 0.14065510597302505 0.21768707482993196 0.22736030828516376
3 0.8214285714285714 0.38631984585741813 0.2193877551020408 0.21001926782273603
4 0.8171768707482994 0.6358381502890174 0.2108843537414966 0.16955684007707128