0 0.814468085106383 0.8272900763358778 0.214468085106383 0.18129770992366412
1 0.8136170212765957 0.6106870229007634 0.21106382978723404 0.1946564885496183
5 0.8131914893617022 0.366412213740458 0.2102127659574468 0.2366412213740458
6 0.6008510638297873 0.8244274809160306 0.214468085106383 0.19083969465648856
7 0.6017021276595744 0.5916030534351145 0.2127659574468085 0.20229007633587787
8 0.6017021276595744 0.3702290076335878 0.2127659574468085 0.22519083969465647
9 0.4927659574468085 0.13740458015267176 0.854468085106383 0.20229007633587787
10 0.38978723404255317 0.7986641221374046 0.2127659574468085 0.24236641221374045
11 0.3893617021276596 0.5687022900763359 0.2102127659574468 0.23282442748091603
12 0.3923404255319149 0.3702290076335878 0.21617021276595744 0.26717557251908397
2 0.17404255319148937 0.8616412213740458 0.21872340425531914 0.26908396946564883
3 0.17404255319148937 0.6087786259541985 0.2170212765957447 0.2480916030534351
4 0.1748936170212766 0.38263358778625955 0.21872340425531914 0.22709923664122136