0 0.8214692482915718 0.1797175866495507 0.21469248291571755 0.1797175866495507
1 0.8197608200455581 0.39473684210526316 0.21355353075170844 0.15019255455712452
5 0.8174829157175398 0.6392811296534018 0.21469248291571755 0.1951219512195122
6 0.6090546697038725 0.17843388960205392 0.21127562642369022 0.17458279845956354
7 0.6082004555808656 0.39730423620025673 0.21070615034168566 0.15789473684210525
8 0.6067767653758542 0.6354300385109114 0.2101366742596811 0.1668806161745828
9 0.4977220956719818 0.8690629011553274 0.8519362186788155 0.17201540436456997
10 0.3966400911161731 0.1925545571245186 0.21241457858769933 0.21309370988446727
11 0.39635535307517084 0.4338896020539153 0.21298405466970388 0.22849807445442877
12 0.3966400911161731 0.6643132220795892 0.21127562642369022 0.24261874197689345
2 0.18080865603644647 0.17265725288831835 0.22266514806378132 0.23234916559691912
3 0.18109339407744876 0.39152759948652116 0.21753986332574032 0.23106546854942234
4 0.18052391799544418 0.6283697047496791 0.21753986332574032 0.2220795892169448