0 0.1865753424657534 0.16645244215938304 0.21424657534246574 0.16838046272493573
1 0.1865753424657534 0.3939588688946015 0.21424657534246574 0.15809768637532134
5 0.18493150684931506 0.6304627249357326 0.21315068493150685 0.17866323907455012
6 0.39452054794520547 0.16580976863753213 0.2126027397260274 0.16452442159383032
7 0.39123287671232876 0.397172236503856 0.2115068493150685 0.15938303341902313
8 0.3923287671232877 0.634318766066838 0.2104109589041096 0.16580976863753213
9 0.5016438356164383 0.8676092544987146 0.8509589041095891 0.17223650385604114
10 0.6073972602739726 0.19408740359897173 0.21424657534246574 0.21079691516709512
11 0.6054794520547945 0.4633676092544987 0.2136986301369863 0.2943444730077121
12 0.606027397260274 0.6709511568123393 0.2136986301369863 0.2442159383033419
2 0.8243835616438356 0.19023136246786632 0.21972602739726027 0.21079691516709512
3 0.8227397260273973 0.40809768637532134 0.21972602739726027 0.17609254498714652
4 0.8227397260273973 0.6311053984575835 0.22082191780821916 0.17223650385604114