0 0.8214285714285714 0.8207070707070707 0.21428571428571427 0.17929292929292928
1 0.8191609977324263 0.6066919191919192 0.21541950113378686 0.2032828282828283
5 0.8174603174603174 0.36047979797979796 0.21428571428571427 0.19570707070707072
6 0.604875283446712 0.8112373737373737 0.21201814058956917 0.19823232323232323
7 0.6085600907029478 0.6029040404040404 0.21031746031746032 0.15782828282828282
8 0.6071428571428571 0.36426767676767674 0.20975056689342403 0.16540404040404041
9 0.5005668934240363 0.15467171717171718 0.8503401360544217 0.19570707070707072
10 0.3937074829931973 0.8099747474747475 0.21031746031746032 0.2058080808080808
11 0.3937074829931973 0.5782828282828283 0.21031746031746032 0.2196969696969697
12 0.39625850340136054 0.3768939393939394 0.20975056689342403 0.1830808080808081
2 0.17998866213151926 0.8289141414141414 0.2171201814058957 0.1755050505050505
3 0.18310657596371882 0.6003787878787878 0.21315192743764172 0.15782828282828282
4 0.18253968253968253 0.36363636363636365 0.2108843537414966 0.1691919191919192