0 0.18698742482230726 0.8273427471116817 0.21323127392017496 0.16302952503209242
1 0.18534718425369054 0.6110397946084724 0.2099507927829415 0.15661103979460847
5 0.1861673045379989 0.3626444159178434 0.2148715144887917 0.19127086007702182
6 0.39994532531437943 0.8196405648267009 0.21049753963914708 0.1810012836970475
7 0.396664844177146 0.5975609756097561 0.21268452706396937 0.1681643132220796
8 0.3972115910333516 0.35430038510911427 0.21159103335155824 0.20025673940949937
9 0.5049207217058502 0.12708600770218229 0.8523783488244943 0.24646983311938384
10 0.6088026243849098 0.8125802310654685 0.20940404592673592 0.2079589216944801
11 0.6074357572443958 0.537227214377407 0.2099507927829415 0.27086007702182285
12 0.6066156369600875 0.32028241335044927 0.21377802077638053 0.2734274711168164
2 0.8231273920174959 0.8029525032092426 0.21815199562602516 0.24261874197689345
3 0.8195735374521597 0.5750962772785623 0.2197922361946419 0.22593068035943517
4 0.8212137780207763 0.3607188703465982 0.21760524876981957 0.1925545571245186