0 0.17865232163080408 0.17929292929292928 0.2146092865232163 0.17929292929292928
1 0.1803510758776897 0.39457070707070707 0.21347678369195924 0.15025252525252525
5 0.18261608154020384 0.639520202020202 0.2146092865232163 0.19570707070707072
6 0.39071347678369195 0.17866161616161616 0.21064552661381652 0.17297979797979798
7 0.39156285390713474 0.3970959595959596 0.210079275198188 0.15782828282828282
8 0.3929784824462061 0.6357323232323232 0.20951302378255945 0.16540404040404041
9 0.5022650056625142 0.8686868686868687 0.8516421291053228 0.1717171717171717
10 0.6016421291053228 0.17424242424242425 0.21234428086070214 0.1717171717171717
11 0.603907134767837 0.41792929292929293 0.21121177802944507 0.19444444444444445
12 0.6036240090600227 0.6376262626262627 0.21177802944507362 0.2196969696969697
2 0.8168176670441676 0.13952020202020202 0.2202718006795017 0.21843434343434343
3 0.8176670441676104 0.35353535353535354 0.22083805209513024 0.27525252525252525
4 0.8187995469988675 0.6079545454545454 0.21857304643261607 0.24873737373737373