0 0.185957213384531 0.8428201811125485 0.2095447065277016 0.16170763260025872
1 0.18513439385628086 0.61254851228978 0.21119034558420186 0.16170763260025872
5 0.1873285792649479 0.35834411384217335 0.2133845309928689 0.16558861578266496
6 0.3965990126165661 0.8285899094437258 0.21503017004936917 0.19534282018111254
7 0.39632473944048274 0.609961190168176 0.2133845309928689 0.16946959896507116
8 0.3976961053208996 0.38421733505821476 0.21283598464070214 0.18628719275549807
9 0.5019199122325837 0.13260025873221215 0.8513439385628085 0.17205692108667528
10 0.6086121777290181 0.8285899094437258 0.21448162369720242 0.19016817593790428
11 0.6088864509051015 0.5892626131953428 0.21173889193636863 0.20051746442432083
12 0.6072408118486012 0.37904269081500647 0.21173889193636863 0.17335058214747737
2 0.8233680746023039 0.8525226390685641 0.21832144816236973 0.20439844760672704
3 0.8225452550740537 0.6009055627425615 0.21667580910586945 0.18240620957309184
4 0.8236423477783873 0.37322121604139713 0.21777290181020295 0.17723156532988357