0 0.8185164212910532 0.1717171717171717 0.2146092865232163 0.17676767676767677
1 0.8196489241223103 0.39457070707070707 0.21347678369195924 0.15025252525252525
5 0.8173839184597962 0.639520202020202 0.2146092865232163 0.19570707070707072
6 0.609286523216308 0.17866161616161616 0.21064552661381652 0.17297979797979798
7 0.6084371460928653 0.3970959595959596 0.210079275198188 0.15782828282828282
8 0.6070215175537939 0.6357323232323232 0.20951302378255945 0.16540404040404041
9 0.49773499433748586 0.8686868686868687 0.8516421291053228 0.1717171717171717
10 0.3983578708946772 0.17424242424242425 0.21234428086070214 0.1717171717171717
11 0.39750849377123443 0.4305555555555556 0.2129105322763307 0.22727272727272727
12 0.3972253680634202 0.6578282828282829 0.21234428086070214 0.21717171717171718
2 0.18403171007927518 0.15088383838383837 0.21857304643261607 0.20075757575757575
3 0.18289920724801811 0.3939393939393939 0.217440543601359 0.20454545454545456
4 0.1823329558323896 0.6281565656565656 0.217440543601359 0.20075757575757575