0 0.18289920724801811 0.8335443037974684 0.21404303510758776 0.17088607594936708
1 0.1803510758776897 0.6044303797468354 0.21347678369195924 0.15063291139240506
5 0.18261608154020384 0.3613924050632911 0.2146092865232163 0.1962025316455696
6 0.3941109852774632 0.8259493670886076 0.20951302378255945 0.15569620253164557
7 0.39156285390713474 0.6031645569620253 0.210079275198188 0.15822784810126583
8 0.3929784824462061 0.36455696202531646 0.20951302378255945 0.1670886075949367
9 0.5022650056625142 0.13164556962025317 0.8516421291053228 0.17215189873417722
10 0.6047565118912798 0.8158227848101266 0.20951302378255945 0.17848101265822786
11 0.6022083805209513 0.5848101265822785 0.21121177802944507 0.20506329113924052
12 0.6036240090600227 0.3449367088607595 0.21064552661381652 0.23164556962025318
2 0.818233295583239 0.8126582278481013 0.217440543601359 0.19240506329113924
3 0.818233295583239 0.6145569620253165 0.21857304643261607 0.23670886075949368
4 0.8173839184597962 0.3632911392405063 0.21121177802944507 0.16962025316455695