0 0.8177595628415301 0.17030848329048842 0.21256830601092896 0.16838046272493573
1 0.8150273224043716 0.39588688946015427 0.21475409836065573 0.1928020565552699
5 0.8150273224043716 0.627892030848329 0.21256830601092896 0.17866323907455012
6 0.6062841530054645 0.17287917737789202 0.21584699453551912 0.17095115681233933
7 0.6087431693989072 0.397172236503856 0.21092896174863388 0.15938303341902313
8 0.607103825136612 0.634318766066838 0.2098360655737705 0.16580976863753213
9 0.49754098360655735 0.8586118251928021 0.855191256830601 0.1953727506426735
10 0.39316939890710384 0.18444730077120822 0.21147540983606558 0.19408740359897173
11 0.39344262295081966 0.42802056555269924 0.21420765027322405 0.23393316195372751
12 0.39371584699453555 0.6349614395886889 0.2103825136612022 0.20308483290488433
2 0.17896174863387979 0.13753213367609254 0.22021857923497268 0.2493573264781491
3 0.18005464480874317 0.37467866323907456 0.21693989071038253 0.22236503856041132
4 0.17868852459016393 0.6298200514138818 0.2174863387978142 0.21079691516709512