0 0.18166383701188454 0.1803435114503817 0.21222410865874364 0.1851145038167939
1 0.183786078098472 0.3969465648854962 0.20967741935483872 0.15267175572519084
5 0.18208828522920203 0.6383587786259542 0.21477079796264856 0.1965648854961832
6 0.39261460101867574 0.18225190839694658 0.21307300509337862 0.1736641221374046
7 0.39134125636672323 0.3979007633587786 0.21052631578947367 0.15839694656488548
8 0.39261460101867574 0.6345419847328244 0.20967741935483872 0.16603053435114504
9 0.5021222410865874 0.8683206106870229 0.8514431239388794 0.1717557251908397
10 0.6052631578947368 0.16221374045801526 0.21392190152801357 0.15648854961832062
11 0.6039898132427843 0.4169847328244275 0.21137521222410866 0.19274809160305342
12 0.6069609507640068 0.6612595419847328 0.21561969439728354 0.2385496183206107
2 0.8200339558573854 0.191793893129771 0.21901528013582344 0.28435114503816794
3 0.8204584040747029 0.41030534351145037 0.2198641765704584 0.1717557251908397
4 0.8238539898132428 0.6259541984732825 0.21816638370118846 0.16412213740458015