0 0.18217934165720773 0.1710858585858586 0.21566401816118047 0.17297979797979798
1 0.18047673098751418 0.39457070707070707 0.2133938706015891 0.15025252525252525
5 0.18274687854710556 0.639520202020202 0.21452894438138478 0.19570707070707072
6 0.39472190692395004 0.17297979797979798 0.2105561861520999 0.1691919191919192
7 0.391316685584563 0.3970959595959596 0.2105561861520999 0.15782828282828282
8 0.3930192962542565 0.6357323232323232 0.2105561861520999 0.16540404040404041
9 0.5025539160045402 0.8686868686868687 0.8518728717366629 0.1717171717171717
10 0.60527809307605 0.17613636363636365 0.2105561861520999 0.17297979797979798
11 0.6044267877412032 0.41792929292929293 0.21112372304199772 0.19444444444444445
12 0.6041430192962542 0.6382575757575758 0.2094211123723042 0.21843434343434343
2 0.8195232690124858 0.13320707070707072 0.22020431328036322 0.2159090909090909
3 0.8192395005675369 0.34785353535353536 0.21623155505107833 0.2638888888888889
4 0.8178206583427923 0.5934343434343434 0.21793416572077184 0.23484848484848486