0 0.17854113655640375 0.1793168880455408 0.21458863443596268 0.18026565464895636
1 0.179813401187447 0.3946869070208729 0.21374045801526717 0.15180265654648956
5 0.18193384223918574 0.6385199240986718 0.21458863443596268 0.1954459203036053
6 0.39567430025445294 0.16888045540796964 0.21628498727735368 0.16698292220113853
7 0.3977947413061917 0.40227703984819735 0.2154368108566582 0.1555977229601518
8 0.3994910941475827 0.6299810246679317 0.21204410517387617 0.18216318785578747
9 0.506785411365564 0.864326375711575 0.8608990670059372 0.17647058823529413
10 0.6081424936386769 0.1859582542694497 0.21374045801526717 0.1859582542694497
11 0.6115351993214588 0.39753320683111953 0.21204410517387617 0.17647058823529413
12 0.6123833757421544 0.6404174573055028 0.21374045801526717 0.18026565464895636
2 0.8227311280746396 0.18785578747628084 0.2205258693808312 0.22011385199240988
3 0.8248515691263782 0.4278937381404175 0.2196776929601357 0.2144212523719165
4 0.8261238337574215 0.6527514231499051 0.2154368108566582 0.21631878557874762