0 0.18544733861834656 0.17632241813602015 0.2146092865232163 0.18387909319899245
1 0.184881087202718 0.3973551637279597 0.21234428086070214 0.18513853904282115
5 0.18261608154020384 0.639168765743073 0.2146092865232163 0.1952141057934509
6 0.39665911664779163 0.17632241813602015 0.21121177802944507 0.18639798488664988
7 0.39156285390713474 0.3973551637279597 0.210079275198188 0.1574307304785894
8 0.3929784824462061 0.6353904282115869 0.20951302378255945 0.16498740554156172
9 0.5022650056625142 0.8513853904282116 0.8493771234428086 0.24685138539042822
10 0.6016421291053228 0.17443324937027707 0.21234428086070214 0.172544080604534
11 0.6067383918459797 0.42191435768261965 0.21234428086070214 0.21914357682619648
12 0.6053227633069083 0.6102015113350125 0.20951302378255945 0.2380352644836272
2 0.822480181200453 0.14672544080604533 0.21800679501698755 0.2380352644836272
3 0.8202151755379389 0.3885390428211587 0.21687429218573046 0.20277078085642317
4 0.8173839184597962 0.6360201511335013 0.21121177802944507 0.16876574307304787