0 0.1782065834279228 0.17974683544303796 0.21452894438138478 0.17974683544303796
1 0.18047673098751418 0.39556962025316456 0.2133938706015891 0.15063291139240506
5 0.18274687854710556 0.6386075949367088 0.21452894438138478 0.1962025316455696
6 0.39074914869466515 0.17848101265822786 0.21169125993189558 0.17468354430379746
7 0.391316685584563 0.3968354430379747 0.2105561861520999 0.15822784810126583
8 0.3930192962542565 0.6354430379746835 0.2105561861520999 0.1670886075949367
9 0.5025539160045402 0.8683544303797468 0.8518728717366629 0.17215189873417722
10 0.6021566401816119 0.17468354430379746 0.2122587968217934 0.17215189873417722
11 0.6044267877412032 0.4170886075949367 0.21112372304199772 0.19367088607594937
12 0.6038592508513053 0.6234177215189873 0.20885357548240635 0.18354430379746836
2 0.8164018161180476 0.15126582278481013 0.2185017026106697 0.20126582278481012
3 0.8166855845629966 0.4006329113924051 0.2133938706015891 0.15822784810126583
4 0.8178206583427923 0.6367088607594936 0.21112372304199772 0.16962025316455695