0 0.18540866703236422 0.8279639175257731 0.21283598464070214 0.16623711340206185
1 0.1818431157432803 0.5940721649484536 0.21448162369720242 0.19329896907216496
5 0.1818431157432803 0.36146907216494845 0.21448162369720242 0.19716494845360824
6 0.3949533735600658 0.8273195876288659 0.21393307734503567 0.15979381443298968
7 0.3952276467361492 0.5947164948453608 0.21119034558420186 0.16108247422680413
8 0.3952276467361492 0.35695876288659795 0.21119034558420186 0.17525773195876287
9 0.5019199122325837 0.13144329896907217 0.8513439385628085 0.17010309278350516
10 0.6080636313768514 0.821520618556701 0.21119034558420186 0.1559278350515464
11 0.6061437191442677 0.5914948453608248 0.2106417992320351 0.18556701030927836
12 0.607789358200768 0.35115979381443296 0.2106417992320351 0.19201030927835053
2 0.8214481623697203 0.845360824742268 0.21886999451453648 0.17525773195876287
3 0.8233680746023039 0.6346649484536082 0.2172243554580362 0.25644329896907214
4 0.8217224355458036 0.38402061855670105 0.22051563357103676 0.24484536082474226