0 0.1782065834279228 0.8202531645569621 0.21452894438138478 0.17974683544303796
1 0.18047673098751418 0.6044303797468354 0.2133938706015891 0.15063291139240506
5 0.18274687854710556 0.3613924050632911 0.21452894438138478 0.1962025316455696
6 0.39074914869466515 0.8215189873417722 0.21169125993189558 0.17468354430379746
7 0.391316685584563 0.6031645569620253 0.2105561861520999 0.15822784810126583
8 0.3930192962542565 0.36455696202531646 0.2105561861520999 0.1670886075949367
9 0.5025539160045402 0.13164556962025317 0.8518728717366629 0.17215189873417722
10 0.6021566401816119 0.8253164556962025 0.2122587968217934 0.17215189873417722
11 0.6044267877412032 0.5829113924050633 0.21112372304199772 0.19367088607594937
12 0.6038592508513053 0.3518987341772152 0.2122587968217934 0.17468354430379746
2 0.8164018161180476 0.8487341772151898 0.2185017026106697 0.20126582278481012
3 0.8181044267877412 0.6063291139240506 0.22077185017026107 0.20253164556962025
4 0.818955732122588 0.380379746835443 0.22020431328036322 0.19367088607594937