0 0.1784197111299915 0.17904761904761904 0.2141036533559898 0.17904761904761904
1 0.18011894647408666 0.3952380952380952 0.2141036533559898 0.15047619047619049
5 0.1822429906542056 0.6390476190476191 0.21495327102803738 0.1961904761904762
6 0.39124893797790994 0.18571428571428572 0.21155480033984708 0.18857142857142858
7 0.39167374681393374 0.39714285714285713 0.2107051826677995 0.1580952380952381
8 0.3954970263381478 0.6371428571428571 0.21155480033984708 0.1619047619047619
9 0.5021240441801189 0.8685714285714285 0.8513169073916738 0.17142857142857143
10 0.6049277824978759 0.18476190476190477 0.2141036533559898 0.18285714285714286
11 0.6053525913338997 0.4266666666666667 0.21155480033984708 0.21714285714285714
12 0.6057774001699235 0.6438095238095238 0.2141036533559898 0.24
2 0.8186066270178419 0.14 0.21665250637213254 0.24952380952380954
3 0.8203058623619371 0.3504761904761905 0.21665250637213254 0.24761904761904763
4 0.8203058623619371 0.5857142857142857 0.221750212404418 0.25333333333333335