0 0.8177339901477833 0.8329032258064516 0.21455938697318008 0.1638709677419355
1 0.8155446086480569 0.604516129032258 0.21018062397372742 0.17161290322580644
5 0.8166392993979201 0.36 0.21237000547345375 0.1703225806451613
6 0.6097427476737821 0.8225806451612904 0.2112753147235906 0.17161290322580644
7 0.608648056923919 0.603225806451613 0.2112753147235906 0.15870967741935485
8 0.6075533661740559 0.3658064516129032 0.21018062397372742 0.1664516129032258
9 0.4969896004378763 0.13612903225806453 0.8538587848932676 0.22064516129032258
10 0.3957307060755337 0.8012903225806451 0.2112753147235906 0.22193548387096773
11 0.39627805145046524 0.5729032258064516 0.21237000547345375 0.20129032258064516
12 0.3949096880131363 0.3567741935483871 0.21291735084838534 0.1638709677419355
2 0.18445539135194308 0.8503225806451613 0.21893814997263272 0.20129032258064516
3 0.18308702791461412 0.6154838709677419 0.21620142309797483 0.2064516129032258
4 0.18171866447728516 0.38064516129032255 0.21674876847290642 0.1935483870967742