0 0.821347678369196 0.8202531645569621 0.2146092865232163 0.17974683544303796
1 0.8196489241223103 0.6044303797468354 0.21347678369195924 0.15063291139240506
5 0.8173839184597962 0.3613924050632911 0.2146092865232163 0.1962025316455696
6 0.609286523216308 0.8215189873417722 0.21064552661381652 0.17468354430379746
7 0.6084371460928653 0.6031645569620253 0.210079275198188 0.15822784810126583
8 0.6070215175537939 0.36455696202531646 0.20951302378255945 0.1670886075949367
9 0.49773499433748586 0.13164556962025317 0.8516421291053228 0.17215189873417722
10 0.3983578708946772 0.8253164556962025 0.21234428086070214 0.17215189873417722
11 0.39750849377123443 0.5651898734177215 0.21064552661381652 0.23417721518987342
12 0.39637599093997733 0.37658227848101267 0.20951302378255945 0.18354430379746836
2 0.18403171007927518 0.8487341772151898 0.21857304643261607 0.20126582278481012
3 0.18346545866364666 0.6265822784810127 0.21857304643261607 0.20253164556962025
4 0.18346545866364666 0.3949367088607595 0.21970554926387317 0.19240506329113924