0 0.8158342792281499 0.1672979797979798 0.2105561861520999 0.16035353535353536
1 0.8195232690124858 0.39457070707070707 0.2133938706015891 0.15025252525252525
5 0.8172531214528944 0.639520202020202 0.21452894438138478 0.19570707070707072
6 0.6055618615209989 0.17487373737373738 0.20998864926220204 0.17803030303030304
7 0.608683314415437 0.3970959595959596 0.2105561861520999 0.15782828282828282
8 0.6069807037457434 0.6357323232323232 0.2105561861520999 0.16540404040404041
9 0.4974460839954597 0.8686868686868687 0.8518728717366629 0.1717171717171717
10 0.39500567536889897 0.16982323232323232 0.20998864926220204 0.15782828282828282
11 0.3955732122587968 0.41792929292929293 0.21112372304199772 0.19444444444444445
12 0.39585698070374575 0.663510101010101 0.2105561861520999 0.24116161616161616
2 0.1818955732122588 0.20265151515151514 0.21623155505107833 0.22348484848484848
3 0.1807604994324631 0.35542929292929293 0.21736662883087401 0.3345959595959596
4 0.18246311010215663 0.5928030303030303 0.21396140749148695 0.31186868686868685