0 0.821347678369196 0.17947103274559195 0.2146092865232163 0.1801007556675063
1 0.8196489241223103 0.39483627204030225 0.21347678369195924 0.14987405541561713
5 0.8173839184597962 0.639168765743073 0.2146092865232163 0.1952141057934509
6 0.609286523216308 0.17884130982367757 0.21064552661381652 0.17380352644836272
7 0.6084371460928653 0.3973551637279597 0.210079275198188 0.1574307304785894
8 0.6070215175537939 0.6353904282115869 0.20951302378255945 0.16498740554156172
9 0.49773499433748586 0.8690176322418136 0.8516421291053228 0.1712846347607053
10 0.3952434881087203 0.20151133501259447 0.21064552661381652 0.23173803526448364
11 0.39552661381653453 0.4596977329974811 0.2089467723669309 0.3425692695214106
12 0.39467723669309174 0.6303526448362721 0.20838052095130238 0.3236775818639798
2 0.18289920724801811 0.14168765743073047 0.217440543601359 0.2455919395465995
3 0.1831823329558324 0.3998740554156171 0.21347678369195924 0.1574307304785894
4 0.18261608154020384 0.6360201511335013 0.21121177802944507 0.16876574307304787