0 0.1858939311098961 0.8329065300896287 0.21541826134499725 0.15492957746478872
1 0.1815199562602515 0.5973111395646606 0.21760524876981957 0.16005121638924455
5 0.18534718425369054 0.36235595390524966 0.21541826134499725 0.18437900128040974
6 0.3977583378895571 0.8207426376440461 0.20940404592673592 0.18693982074263765
7 0.3969382176052488 0.5851472471190781 0.21104428649535265 0.1997439180537772
8 0.3961180973209404 0.3617157490396927 0.21159103335155824 0.1702944942381562
9 0.5073810825587752 0.14532650448143405 0.8551120831055221 0.16005121638924455
10 0.6074357572443958 0.8143405889884763 0.21323127392017496 0.18950064020486557
11 0.6079825041006014 0.5678617157490397 0.21323127392017496 0.2087067861715749
12 0.6079825041006014 0.352752880921895 0.2121377802077638 0.18053777208706787
2 0.8195735374521597 0.8405889884763125 0.22088572990705305 0.17541613316261204
3 0.8206670311645708 0.6133162612035852 0.21760524876981957 0.18437900128040974
4 0.8231273920174959 0.3764404609475032 0.2192454893384363 0.15364916773367476