0 0.821347678369196 0.17947103274559195 0.2146092865232163 0.1801007556675063
1 0.8196489241223103 0.39483627204030225 0.21347678369195924 0.14987405541561713
5 0.8173839184597962 0.639168765743073 0.2146092865232163 0.1952141057934509
6 0.609286523216308 0.17884130982367757 0.21064552661381652 0.17380352644836272
7 0.6084371460928653 0.3973551637279597 0.210079275198188 0.1574307304785894
8 0.6070215175537939 0.6353904282115869 0.20951302378255945 0.16498740554156172
9 0.49773499433748586 0.8690176322418136 0.8516421291053228 0.1712846347607053
10 0.3983578708946772 0.17443324937027707 0.21234428086070214 0.172544080604534
11 0.3960928652321631 0.44080604534005036 0.210079275198188 0.2518891687657431
12 0.39382785956964894 0.6498740554156172 0.21234428086070214 0.20906801007556675
2 0.18403171007927518 0.15113350125944586 0.21857304643261607 0.20151133501259447
3 0.1831823329558324 0.3998740554156171 0.21347678369195924 0.1574307304785894
4 0.18261608154020384 0.6360201511335013 0.21121177802944507 0.16876574307304787