0 0.18416572077185017 0.8327020202020202 0.2105561861520999 0.16035353535353536
1 0.18047673098751418 0.6054292929292929 0.2133938706015891 0.15025252525252525
5 0.18274687854710556 0.36047979797979796 0.21452894438138478 0.19570707070707072
6 0.3944381384790011 0.8251262626262627 0.20998864926220204 0.17803030303030304
7 0.391316685584563 0.6029040404040404 0.2105561861520999 0.15782828282828282
8 0.3930192962542565 0.36426767676767674 0.2105561861520999 0.16540404040404041
9 0.5025539160045402 0.13131313131313133 0.8518728717366629 0.1717171717171717
10 0.604994324631101 0.8301767676767676 0.20998864926220204 0.15782828282828282
11 0.6044267877412032 0.5820707070707071 0.21112372304199772 0.19444444444444445
12 0.6041430192962542 0.336489898989899 0.2105561861520999 0.24116161616161616
2 0.8181044267877412 0.7973484848484849 0.21623155505107833 0.22348484848484848
3 0.8192395005675369 0.6445707070707071 0.21736662883087401 0.3345959595959596
4 0.8175368898978433 0.4071969696969697 0.21396140749148695 0.31186868686868685