0 0.1782065834279228 0.8207070707070707 0.21452894438138478 0.17929292929292928
1 0.18047673098751418 0.6054292929292929 0.2133938706015891 0.15025252525252525
5 0.18274687854710556 0.36047979797979796 0.21452894438138478 0.19570707070707072
6 0.39074914869466515 0.8213383838383839 0.21169125993189558 0.17297979797979798
7 0.391316685584563 0.6029040404040404 0.2105561861520999 0.15782828282828282
8 0.3930192962542565 0.36426767676767674 0.2105561861520999 0.16540404040404041
9 0.5025539160045402 0.13131313131313133 0.8518728717366629 0.1717171717171717
10 0.6024404086265607 0.8005050505050505 0.2094211123723042 0.21717171717171718
11 0.6024404086265607 0.5675505050505051 0.21169125993189558 0.2159090909090909
12 0.6038592508513053 0.34785353535353536 0.20998864926220204 0.23106060606060605
2 0.815266742338252 0.8238636363636364 0.2185017026106697 0.21085858585858586
3 0.8166855845629966 0.6003787878787878 0.2133938706015891 0.15782828282828282
4 0.8178206583427923 0.36363636363636365 0.21112372304199772 0.1691919191919192