0 0.18212765957446808 0.8342911877394636 0.2127659574468085 0.1743295019157088
1 0.18340425531914895 0.5833333333333334 0.21361702127659574 0.1896551724137931
5 0.18212765957446808 0.3611111111111111 0.214468085106383 0.19731800766283525
6 0.3948936170212766 0.8208812260536399 0.214468085106383 0.1743295019157088
7 0.39361702127659576 0.5900383141762452 0.2153191489361702 0.19157088122605365
8 0.3948936170212766 0.3524904214559387 0.21106382978723404 0.19923371647509577
9 0.5038297872340426 0.12643678160919541 0.851063829787234 0.1839080459770115
10 0.6089361702127659 0.8199233716475096 0.21361702127659574 0.1724137931034483
11 0.6068085106382979 0.5478927203065134 0.214468085106383 0.26053639846743293
12 0.6076595744680852 0.28065134099616856 0.2127659574468085 0.3160919540229885
2 0.8242553191489361 0.7825670498084292 0.2153191489361702 0.3544061302681992
3 0.8242553191489361 0.603448275862069 0.2153191489361702 0.3524904214559387
4 0.8217021276595745 0.3668582375478927 0.2204255319148936 0.24329501915708812