0 0.18139337298215802 0.14857142857142858 0.21495327102803738 0.16380952380952382
1 0.18394222599830076 0.3952380952380952 0.21495327102803738 0.1580952380952381
5 0.1822429906542056 0.6390476190476191 0.21495327102803738 0.1961904761904762
6 0.39507221750212407 0.1676190476190476 0.2141036533559898 0.1523809523809524
7 0.3967714528462192 0.40095238095238095 0.2107051826677995 0.1657142857142857
8 0.3963466440101954 0.6333333333333333 0.21155480033984708 0.15428571428571428
9 0.5021240441801189 0.8685714285714285 0.8513169073916738 0.17142857142857143
10 0.6083262531860663 0.17142857142857143 0.2141036533559898 0.1676190476190476
11 0.6083262531860663 0.4228571428571429 0.21240441801189464 0.21333333333333335
12 0.6074766355140186 0.6457142857142857 0.2141036533559898 0.17523809523809525
2 0.8228547153780799 0.16666666666666666 0.2183517417162277 0.17333333333333334
3 0.8232795242141037 0.3923809523809524 0.21750212404418012 0.14476190476190476
4 0.8211554800339848 0.6361904761904762 0.21665250637213254 0.15619047619047619