0 0.18376302797586397 0.16322580645161291 0.21393307734503567 0.1638709677419355
1 0.18376302797586397 0.3664516129032258 0.21283598464070214 0.25806451612903225
5 0.18513439385628086 0.5980645161290322 0.21119034558420186 0.21806451612903227
6 0.390016456390565 0.1774193548387097 0.21173889193636863 0.17161290322580644
7 0.3913878222709819 0.3967741935483871 0.21119034558420186 0.15870967741935485
8 0.3938562808557323 0.5909677419354838 0.21393307734503567 0.30709677419354836
9 0.5016456390565003 0.8238709677419355 0.8529895776193088 0.2670967741935484
10 0.6042238069116841 0.20129032258064516 0.21448162369720242 0.24258064516129033
11 0.6039495337356007 0.47935483870967743 0.2106417992320351 0.37290322580645163
12 0.6050466264399341 0.6909677419354838 0.21283598464070214 0.27225806451612905
2 0.8200767964893033 0.12838709677419355 0.22161272627537026 0.25161290322580643
3 0.8165112452002194 0.3987096774193548 0.2133845309928689 0.16
4 0.8195282501371366 0.6064516129032258 0.21832144816236973 0.20903225806451614