0 0.18472906403940886 0.1643132220795892 0.21182266009852216 0.1540436456996149
1 0.1836343732895457 0.39730423620025673 0.21291735084838534 0.15532734274711169
5 0.18418171866447727 0.6373555840821566 0.210727969348659 0.17329910141206675
6 0.39025725232621783 0.1777920410783055 0.2112753147235906 0.17329910141206675
7 0.391351943076081 0.39730423620025673 0.2112753147235906 0.15789473684210525
8 0.3924466338259442 0.6335044929396663 0.21018062397372742 0.16559691912708602
9 0.5019157088122606 0.8677792041078306 0.8516694033935414 0.17201540436456997
10 0.6018062397372742 0.18292682926829268 0.21182266009852216 0.19127086007702182
11 0.6037219485495348 0.4306803594351733 0.21237000547345375 0.2374839537869063
12 0.6056376573617953 0.6630295250320924 0.21291735084838534 0.23491655969191272
2 0.8171866447728516 0.12708600770218229 0.2222222222222222 0.2490372272143774
3 0.8191023535851122 0.3209242618741977 0.22058018609742747 0.2798459563543004
4 0.8207443897099069 0.5699614890885751 0.21839080459770116 0.251604621309371