0 0.8185279187817259 0.8275862068965517 0.2140439932318105 0.1724137931034483
1 0.8151438240270727 0.6024904214559387 0.21235194585448391 0.18199233716475097
5 0.8147208121827412 0.36398467432950193 0.21489001692047377 0.17624521072796934
6 0.6057529610829103 0.8208812260536399 0.2131979695431472 0.1743295019157088
7 0.6053299492385786 0.5986590038314177 0.21573604060913706 0.17049808429118773
8 0.6027918781725888 0.37452107279693486 0.2089678510998308 0.16283524904214558
9 0.4919627749576988 0.14846743295019157 0.8519458544839256 0.20114942528735633
10 0.3929780033840948 0.8275862068965517 0.21065989847715735 0.16475095785440613
11 0.3904399323181049 0.5948275862068966 0.21235194585448391 0.22796934865900384
12 0.39213197969543145 0.3716475095785441 0.21235194585448391 0.2222222222222222
2 0.17978003384094754 0.8793103448275862 0.21742808798646363 0.2222222222222222
3 0.17808798646362098 0.6532567049808429 0.21742808798646363 0.26053639846743293
4 0.17597292724196278 0.39080459770114945 0.21658206429780033 0.23371647509578544