0 0.8216398985629755 0.17938931297709923 0.2147083685545224 0.17938931297709923
1 0.819949281487743 0.39408396946564883 0.21301775147928995 0.15076335877862596
5 0.8174133558748944 0.6383587786259542 0.2147083685545224 0.1965648854961832
6 0.6094674556213018 0.1784351145038168 0.21132713440405748 0.1736641221374046
7 0.6081994928148774 0.3979007633587786 0.21048182586644126 0.15839694656488548
8 0.6069315300084531 0.6345419847328244 0.20963651732882502 0.16603053435114504
9 0.49323753169907014 0.8711832061068703 0.8546069315300084 0.19274809160305342
10 0.3985629754860524 0.1736641221374046 0.2121724429416737 0.1717557251908397
11 0.3960270498732037 0.4169847328244275 0.21048182586644126 0.19274809160305342
12 0.39222316145393066 0.6555343511450382 0.2147083685545224 0.21183206106870228
2 0.18174133558748942 0.17080152671755724 0.21978021978021978 0.21946564885496184
3 0.1804733727810651 0.3845419847328244 0.22231614539306846 0.20419847328244276
4 0.17878275570583263 0.6164122137404581 0.21893491124260356 0.1984732824427481