0 0.185957213384531 0.15867875647668395 0.21283598464070214 0.172279792746114
1 0.17992320351069666 0.4022020725388601 0.21832144816236973 0.24481865284974094
5 0.18540866703236422 0.633419689119171 0.21393307734503567 0.24093264248704663
6 0.39742183214481624 0.17551813471502592 0.21228743828853539 0.18523316062176165
7 0.3971475589687329 0.4170984455958549 0.21173889193636863 0.19689119170984457
8 0.3924849149753154 0.6353626943005182 0.21009325287986835 0.16709844559585493
9 0.5027427317608338 0.8322538860103627 0.8486012068019748 0.24740932642487046
10 0.6088864509051015 0.19818652849740934 0.20844761382336807 0.23056994818652848
11 0.6064179923203511 0.45012953367875647 0.21009325287986835 0.26295336787564766
12 0.6053208996160175 0.6522020725388601 0.21228743828853539 0.2266839378238342
2 0.8156884256719693 0.14961139896373057 0.21832144816236973 0.20077720207253885
3 0.8165112452002194 0.39896373056994816 0.2133845309928689 0.15803108808290156
4 0.8189797037849699 0.6275906735751295 0.22051563357103676 0.15155440414507773