0 0.8215697346132129 0.17879548306148055 0.21456804065499718 0.1794228356336261
1 0.8198757763975155 0.39523212045169387 0.2134387351778656 0.15056461731493098
5 0.8176171654432524 0.6392722710163111 0.21456804065499718 0.19698870765370138
6 0.6092603049124788 0.178168130489335 0.2111801242236025 0.17314930991217065
7 0.6084133258046301 0.397741530740276 0.2106154714850367 0.15809284818067754
8 0.6070016939582157 0.6355081555834379 0.2100508187464709 0.1668757841907152
9 0.4977413890457369 0.8688833124215809 0.8520609824957651 0.17189460476787954
10 0.3966685488424619 0.1932245922208281 0.20948616600790515 0.205771643663739
11 0.3958215697346132 0.4228356336260979 0.2111801242236025 0.20828105395232122
12 0.3961038961038961 0.622961104140527 0.20948616600790515 0.18444165621079048
2 0.18464144551101072 0.17063989962358847 0.21682665160926032 0.1656210790464241
3 0.18294748729531338 0.4002509410288582 0.2134387351778656 0.15809284818067754
4 0.18238283455674761 0.6361355081555834 0.2111801242236025 0.17063989962358847