0 0.17854113655640375 0.17904761904761904 0.21458863443596268 0.17904761904761904
1 0.1823579304495335 0.38666666666666666 0.2154368108566582 0.18666666666666668
5 0.18193384223918574 0.6390476190476191 0.21458863443596268 0.1961904761904762
6 0.3905852417302799 0.17809523809523808 0.21119592875318066 0.17333333333333334
7 0.3914334181509754 0.39714285714285713 0.21119592875318066 0.1580952380952381
8 0.39609838846480067 0.6352380952380953 0.2154368108566582 0.18476190476190477
9 0.5055131467345207 0.8323809523809523 0.8549618320610687 0.18666666666666668
10 0.6017811704834606 0.17333333333333334 0.21289228159457166 0.17142857142857143
11 0.6043256997455471 0.41714285714285715 0.21119592875318066 0.19428571428571428
12 0.6081424936386769 0.6323809523809524 0.21204410517387617 0.19047619047619047
2 0.8189143341815097 0.11238095238095239 0.2196776929601357 0.22476190476190477
3 0.8206106870229007 0.3504761904761905 0.2179813401187447 0.24
4 0.821882951653944 0.6076190476190476 0.21882951653944022 0.22095238095238096