0 0.18047673098751418 0.8284810126582278 0.2133938706015891 0.15063291139240506
1 0.18303064699205449 0.5917721518987342 0.21396140749148695 0.17088607594936708
5 0.18274687854710556 0.360126582278481 0.21452894438138478 0.1962025316455696
6 0.39330306469920545 0.8240506329113924 0.21112372304199772 0.1518987341772152
7 0.39472190692395004 0.5943037974683544 0.20828603859250852 0.16329113924050634
8 0.3955732122587968 0.3512658227848101 0.21112372304199772 0.21645569620253163
9 0.5025539160045402 0.13037974683544304 0.8518728717366629 0.17215189873417722
10 0.6018728717366629 0.8170886075949367 0.2105561861520999 0.16582278481012658
11 0.6044267877412032 0.5816455696202532 0.21112372304199772 0.19367088607594937
12 0.6041430192962542 0.32721518987341774 0.21169125993189558 0.2670886075949367
2 0.8161180476730987 0.8310126582278481 0.22020431328036322 0.28227848101265823
3 0.8178206583427923 0.6443037974683544 0.21906923950056753 0.3240506329113924
4 0.8200908059023837 0.4253164556962025 0.21906923950056753 0.30632911392405066