0 0.8167517006802721 0.8263358778625954 0.2151360544217687 0.19083969465648856
1 0.8201530612244898 0.6059160305343512 0.21343537414965985 0.15076335877862596
5 0.8150510204081632 0.3616412213740458 0.21343537414965985 0.18893129770992367
6 0.6024659863945578 0.8330152671755725 0.21173469387755103 0.16984732824427481
7 0.6084183673469388 0.6020992366412213 0.2100340136054422 0.15839694656488548
8 0.6037414965986394 0.3549618320610687 0.21428571428571427 0.17938931297709923
9 0.49787414965986393 0.1316793893129771 0.8511904761904762 0.1717557251908397
10 0.3903061224489796 0.833969465648855 0.21428571428571427 0.17557251908396945
11 0.39625850340136054 0.5830152671755725 0.2108843537414966 0.19274809160305342
12 0.3898809523809524 0.33969465648854963 0.2100340136054422 0.24427480916030533
2 0.17729591836734693 0.8396946564885496 0.22023809523809523 0.3053435114503817
3 0.17814625850340135 0.6269083969465649 0.2185374149659864 0.3377862595419847
4 0.17687074829931973 0.3568702290076336 0.21768707482993196 0.1984732824427481