0 0.8214285714285714 0.17929292929292928 0.21428571428571427 0.17929292929292928
1 0.8197278911564626 0.39457070707070707 0.21315192743764172 0.15025252525252525
5 0.8174603174603174 0.639520202020202 0.21428571428571427 0.19570707070707072
6 0.6094104308390023 0.17866161616161616 0.2108843537414966 0.17297979797979798
7 0.6085600907029478 0.3970959595959596 0.21031746031746032 0.15782828282828282
8 0.6071428571428571 0.6357323232323232 0.20975056689342403 0.16540404040404041
9 0.4977324263038549 0.8686868686868687 0.8514739229024944 0.1717171717171717
10 0.397108843537415 0.19633838383838384 0.21031746031746032 0.21843434343434343
11 0.39654195011337867 0.4722222222222222 0.21145124716553287 0.30808080808080807
12 0.397108843537415 0.6843434343434344 0.21031746031746032 0.23737373737373738
2 0.18253968253968253 0.15467171717171718 0.2199546485260771 0.24116161616161616
3 0.18452380952380953 0.369949494949495 0.21485260770975056 0.255050505050505
4 0.18253968253968253 0.6363636363636364 0.2108843537414966 0.1691919191919192