0 0.1849726775956284 0.17586649550706032 0.2103825136612022 0.18741976893453144
1 0.18797814207650274 0.4011553273427471 0.21202185792349726 0.17073170731707318
5 0.1871584699453552 0.6335044929396663 0.21147540983606558 0.18613607188703465
6 0.3950819672131147 0.18677792041078306 0.21311475409836064 0.20667522464698332
7 0.3948087431693989 0.3992297817715019 0.21256830601092896 0.1668806161745828
8 0.39289617486338796 0.6341463414634146 0.2098360655737705 0.1668806161745828
9 0.5016393442622951 0.8581514762516046 0.8513661202185793 0.2092426187419769
10 0.6084699453551913 0.17843388960205392 0.21366120218579235 0.20025673940949937
11 0.6065573770491803 0.40821566110397944 0.2174863387978142 0.21309370988446727
12 0.6068306010928962 0.6322207958921694 0.21366120218579235 0.23234916559691912
2 0.8226775956284152 0.1534017971758665 0.2180327868852459 0.24775353016688062
3 0.8221311475409836 0.3883183568677792 0.21584699453551912 0.21181001283697048
4 0.823224043715847 0.6187419768934531 0.21584699453551912 0.220795892169448