0 0.8130125751776928 0.8273427471116817 0.21323127392017496 0.16302952503209242
1 0.8146528157463094 0.6110397946084724 0.2099507927829415 0.15661103979460847
5 0.8138326954620011 0.3626444159178434 0.2148715144887917 0.19127086007702182
6 0.6000546746856206 0.8196405648267009 0.21049753963914708 0.1810012836970475
7 0.603335155822854 0.5975609756097561 0.21268452706396937 0.1681643132220796
8 0.6027884089666484 0.35430038510911427 0.21159103335155824 0.20025673940949937
9 0.4950792782941498 0.12708600770218229 0.8523783488244943 0.24646983311938384
10 0.3911973756150902 0.8125802310654685 0.20940404592673592 0.2079589216944801
11 0.39256424275560414 0.537227214377407 0.2099507927829415 0.27086007702182285
12 0.39338436303991253 0.32028241335044927 0.21377802077638053 0.2734274711168164
2 0.1768726079825041 0.8029525032092426 0.21815199562602516 0.24261874197689345
3 0.18042646254784034 0.5750962772785623 0.2197922361946419 0.22593068035943517
4 0.17878622197922361 0.3607188703465982 0.21760524876981957 0.1925545571245186