0 0.18702081051478642 0.833764553686934 0.21412924424972618 0.17205692108667528
1 0.18702081051478642 0.5983182406209573 0.21193866374589265 0.17464424320827943
5 0.18537787513691129 0.3738680465717982 0.21522453450164294 0.17335058214747737
6 0.39978094194961666 0.8208279430789134 0.21139101861993428 0.18499353169469598
7 0.3984118291347207 0.6009055627425615 0.21084337349397592 0.17205692108667528
8 0.39813800657174153 0.36998706338939197 0.21029572836801752 0.17076326002587322
9 0.5019167579408543 0.13260025873221215 0.8515881708652793 0.17205692108667528
10 0.6106243154435925 0.814359637774903 0.20920043811610076 0.18240620957309184
11 0.6073384446878423 0.5659767141009056 0.20920043811610076 0.22897800776196636
12 0.6070646221248631 0.351875808538163 0.21412924424972618 0.17076326002587322
2 0.8247535596933188 0.8589909443725744 0.21796276013143484 0.19404915912031048
3 0.8242059145673604 0.6377749029754204 0.21905805038335158 0.1888745148771022
4 0.8209200438116101 0.3848641655886158 0.21686746987951808 0.21604139715394566