0 0.8135593220338984 0.17522464698331194 0.21432476763258612 0.18356867779204109
1 0.811372334609076 0.40051347881899874 0.2121377802077638 0.1643132220795892
5 0.8130125751776928 0.6405648267008985 0.2121377802077638 0.18741976893453144
6 0.6014215418261345 0.1790757381258023 0.21323127392017496 0.17586649550706032
7 0.6014215418261345 0.40821566110397944 0.20885729907053036 0.18485237483953787
8 0.6077091306724987 0.6335044929396663 0.21049753963914708 0.16559691912708602
9 0.4923455440131219 0.8568677792041078 0.8534718425369054 0.16559691912708602
10 0.3895571350464735 0.18677792041078306 0.21159103335155824 0.1810012836970475
11 0.39283761618370694 0.4306803594351733 0.21377802077638053 0.3119383825417201
12 0.39338436303991253 0.5930680359435173 0.21268452706396937 0.3748395378690629
2 0.1815199562602515 0.14441591784338895 0.2197922361946419 0.2862644415917843
3 0.1793329688354292 0.3780487804878049 0.21869874248223073 0.24518613607188702
4 0.1771459814106069 0.6193838254172015 0.22088572990705305 0.18356867779204109