0 0.17976257772752968 0.1691919191919192 0.21481062747314866 0.17424242424242425
1 0.18032786885245902 0.39457070707070707 0.21368004522328998 0.15025252525252525
5 0.18258903335217638 0.639520202020202 0.21481062747314866 0.19570707070707072
6 0.390616167326173 0.17866161616161616 0.21141888072357265 0.17297979797979798
7 0.39174674957603167 0.3970959595959596 0.21028829847371397 0.15782828282828282
8 0.393159977388355 0.6357323232323232 0.20972300734878463 0.16540404040404041
9 0.5022611644997174 0.851010101010101 0.8541548897682306 0.2297979797979798
10 0.6017524024872809 0.17424242424242425 0.211984171848502 0.1717171717171717
11 0.603448275862069 0.4217171717171717 0.211984171848502 0.21212121212121213
12 0.6048615036743923 0.6521464646464646 0.21028829847371397 0.2032828282828283
2 0.8159977388355003 0.15088383838383837 0.21876766534765404 0.20075757575757575
3 0.8176936122102882 0.3958333333333333 0.21876766534765404 0.19065656565656566
4 0.817976257772753 0.6174242424242424 0.2182023742227247 0.18434343434343434