0 0.814042786615469 0.841321243523316 0.21283598464070214 0.172279792746114
1 0.8200767964893033 0.5977979274611399 0.21832144816236973 0.24481865284974094
5 0.8145913329676358 0.36658031088082904 0.21393307734503567 0.24093264248704663
6 0.6025781678551838 0.8244818652849741 0.21228743828853539 0.18523316062176165
7 0.6028524410312671 0.582901554404145 0.21173889193636863 0.19689119170984457
8 0.6075150850246845 0.3646373056994819 0.21009325287986835 0.16709844559585493
9 0.4972572682391662 0.16774611398963732 0.8486012068019748 0.24740932642487046
10 0.39111354909489854 0.8018134715025906 0.20844761382336807 0.23056994818652848
11 0.3935820076796489 0.5498704663212435 0.21009325287986835 0.26295336787564766
12 0.39467910038398246 0.3477979274611399 0.21228743828853539 0.2266839378238342
2 0.18431157432803072 0.8503886010362695 0.21832144816236973 0.20077720207253885
3 0.18348875479978058 0.6010362694300518 0.2133845309928689 0.15803108808290156
4 0.18102029621503016 0.37240932642487046 0.22051563357103676 0.15155440414507773