0 0.8172179813401187 0.17714285714285713 0.21458863443596268 0.17523809523809525
1 0.8146734520780322 0.39714285714285713 0.21289228159457166 0.17333333333333334
5 0.813401187446989 0.6409523809523809 0.21374045801526717 0.19238095238095237
6 0.6039016115351993 0.18285714285714286 0.21374045801526717 0.19047619047619047
7 0.6085665818490246 0.39714285714285713 0.21119592875318066 0.1580952380952381
8 0.6013570822731128 0.6238095238095238 0.21034775233248515 0.1580952380952381
9 0.49363867684478374 0.8523809523809524 0.8515691263782866 0.18095238095238095
10 0.3905852417302799 0.18761904761904763 0.20949957591178966 0.21523809523809523
11 0.3914334181509754 0.41333333333333333 0.21289228159457166 0.21333333333333335
12 0.3914334181509754 0.6361904761904762 0.21289228159457166 0.2704761904761905
2 0.17769296013570823 0.12571428571428572 0.2179813401187447 0.2361904761904762
3 0.17769296013570823 0.34476190476190477 0.2179813401187447 0.25142857142857145
4 0.17642069550466496 0.6123809523809524 0.2154368108566582 0.2