0 0.1814720812182741 0.1724137931034483 0.2140439932318105 0.1724137931034483
1 0.18485617597292725 0.3975095785440613 0.21235194585448391 0.18199233716475097
5 0.18527918781725888 0.6360153256704981 0.21489001692047377 0.17624521072796934
6 0.3942470389170897 0.17911877394636017 0.2131979695431472 0.1743295019157088
7 0.3946700507614213 0.4013409961685824 0.21573604060913706 0.17049808429118773
8 0.39720812182741116 0.6254789272030651 0.2089678510998308 0.16283524904214558
9 0.5080372250423012 0.8515325670498084 0.8519458544839256 0.20114942528735633
10 0.6070219966159053 0.1724137931034483 0.21065989847715735 0.16475095785440613
11 0.6095600676818951 0.4051724137931034 0.21235194585448391 0.22796934865900384
12 0.6078680203045685 0.6283524904214559 0.21235194585448391 0.2222222222222222
2 0.8202199661590525 0.1206896551724138 0.21742808798646363 0.2222222222222222
3 0.821912013536379 0.34674329501915707 0.21742808798646363 0.26053639846743293
4 0.8240270727580372 0.6091954022988506 0.21658206429780033 0.23371647509578544