0 0.178631995477671 0.17947103274559195 0.21481062747314866 0.1801007556675063
1 0.18032786885245902 0.39483627204030225 0.21368004522328998 0.14987405541561713
5 0.18258903335217638 0.639168765743073 0.21481062747314866 0.1952141057934509
6 0.390616167326173 0.17884130982367757 0.21141888072357265 0.17380352644836272
7 0.39174674957603167 0.3973551637279597 0.21028829847371397 0.1574307304785894
8 0.393159977388355 0.6353904282115869 0.20972300734878463 0.16498740554156172
9 0.501695873374788 0.8400503778337531 0.8541548897682306 0.27455919395465994
10 0.6017524024872809 0.17443324937027707 0.211984171848502 0.172544080604534
11 0.6040135669869983 0.4181360201511335 0.2108535895986433 0.19395465994962216
12 0.6037309214245337 0.6227959697732998 0.2091577162238553 0.18261964735516373
2 0.8159977388355003 0.15113350125944586 0.21876766534765404 0.20151133501259447
3 0.8168456755228943 0.3998740554156171 0.21368004522328998 0.1574307304785894
4 0.8174109666478236 0.6360201511335013 0.21141888072357265 0.16876574307304787