0 0.1784197111299915 0.8206106870229007 0.2141036533559898 0.17938931297709923
1 0.18011894647408666 0.6059160305343512 0.2141036533559898 0.15076335877862596
5 0.1822429906542056 0.3616412213740458 0.21495327102803738 0.1965648854961832
6 0.3903993203058624 0.8215648854961832 0.21155480033984708 0.1736641221374046
7 0.39167374681393374 0.6020992366412213 0.2107051826677995 0.15839694656488548
8 0.3929481733220051 0.3654580152671756 0.20985556499575192 0.16603053435114504
9 0.5021240441801189 0.1316793893129771 0.8513169073916738 0.1717557251908397
10 0.6015293118096856 0.8263358778625954 0.21240441801189464 0.1717557251908397
11 0.6057774001699235 0.5734732824427481 0.2141036533559898 0.23473282442748092
12 0.6036533559898046 0.37786259541984735 0.20985556499575192 0.183206106870229
2 0.8194562446898895 0.8606870229007634 0.22005097706032287 0.22519083969465647
3 0.8215802888700084 0.6335877862595419 0.21750212404418012 0.2366412213740458
4 0.8211554800339848 0.3845419847328244 0.21665250637213254 0.21564885496183206