0 0.18480043739748497 0.16559691912708602 0.21104428649535265 0.14890885750962773
1 0.18507381082558774 0.3908857509627728 0.21268452706396937 0.16046213093709885
5 0.1839803171131766 0.6354300385109114 0.21377802077638053 0.17715019255455713
6 0.3901038819026791 0.1777920410783055 0.21159103335155824 0.17329910141206675
7 0.391470749043193 0.39730423620025673 0.21104428649535265 0.15789473684210525
8 0.39475123018042646 0.631578947368421 0.2121377802077638 0.16944801026957637
9 0.5032804811372334 0.8498074454428755 0.8556588299617277 0.16174582798459564
10 0.6011481683980318 0.17329910141206675 0.21268452706396937 0.17201540436456997
11 0.6038819026790596 0.4159178433889602 0.21049753963914708 0.1925545571245186
12 0.6068890103881903 0.6213093709884467 0.21323127392017496 0.21052631578947367
2 0.8187534171678513 0.13157894736842105 0.2214324767632586 0.22721437740693196
3 0.8206670311645708 0.37291399229781774 0.21760524876981957 0.18870346598202825
4 0.8217605248769819 0.616816431322208 0.21541826134499725 0.17329910141206675