0 0.1784197111299915 0.17938931297709923 0.2141036533559898 0.17938931297709923
1 0.18096856414613424 0.40935114503816794 0.2141036533559898 0.16221374045801526
5 0.1822429906542056 0.6383587786259542 0.21495327102803738 0.1965648854961832
6 0.3903993203058624 0.1784351145038168 0.21155480033984708 0.1736641221374046
7 0.3925233644859813 0.40076335877862596 0.21240441801189464 0.15648854961832062
8 0.39464740866610026 0.6498091603053435 0.21155480033984708 0.20038167938931298
9 0.5021240441801189 0.8683206106870229 0.8513169073916738 0.1717557251908397
10 0.6015293118096856 0.1736641221374046 0.21240441801189464 0.1717557251908397
11 0.6049277824978759 0.44083969465648853 0.2141036533559898 0.2366412213740458
12 0.6062022090059473 0.674618320610687 0.21155480033984708 0.2538167938931298
2 0.8194562446898895 0.18416030534351144 0.2183517417162277 0.20419847328244276
3 0.8194562446898895 0.40935114503816794 0.21665250637213254 0.18893129770992367
4 0.8198810535259133 0.6479007633587787 0.22090059473237042 0.1851145038167939