0 0.8214285714285714 0.17929292929292928 0.21428571428571427 0.17929292929292928
1 0.8197278911564626 0.39457070707070707 0.21315192743764172 0.15025252525252525
5 0.8174603174603174 0.639520202020202 0.21428571428571427 0.19570707070707072
6 0.6094104308390023 0.17866161616161616 0.2108843537414966 0.17297979797979798
7 0.6085600907029478 0.3970959595959596 0.21031746031746032 0.15782828282828282
8 0.6071428571428571 0.6357323232323232 0.20975056689342403 0.16540404040404041
9 0.4977324263038549 0.8686868686868687 0.8514739229024944 0.1717171717171717
10 0.3982426303854875 0.17424242424242425 0.21258503401360543 0.1717171717171717
11 0.3959750566893424 0.41792929292929293 0.21145124716553287 0.19444444444444445
12 0.39625850340136054 0.6231060606060606 0.20975056689342403 0.1830808080808081
2 0.18395691609977324 0.15088383838383837 0.21825396825396826 0.20075757575757575
3 0.18310657596371882 0.3996212121212121 0.21315192743764172 0.15782828282828282
4 0.18112244897959184 0.6294191919191919 0.21825396825396826 0.21843434343434343