0 0.8154141524958859 0.8344155844155844 0.21448162369720242 0.15974025974025974
1 0.814042786615469 0.6064935064935065 0.21283598464070214 0.18181818181818182
5 0.8134942402633023 0.37012987012987014 0.21283598464070214 0.17922077922077922
6 0.6066922654964344 0.8272727272727273 0.21503017004936917 0.15064935064935064
7 0.6047723532638508 0.6 0.21009325287986835 0.16883116883116883
8 0.6050466264399341 0.36168831168831167 0.21393307734503567 0.18311688311688312
9 0.49808008776741636 0.1318181818181818 0.8513439385628085 0.17012987012987013
10 0.3941305540318157 0.8214285714285714 0.2133845309928689 0.15974025974025974
11 0.3960504662643993 0.5837662337662337 0.2106417992320351 0.19350649350649352
12 0.3955019199122326 0.35714285714285715 0.21393307734503567 0.19480519480519481
2 0.17855183763027976 0.8376623376623377 0.2210641799232035 0.18441558441558442
3 0.17964893033461327 0.5974025974025974 0.2210641799232035 0.15844155844155844
4 0.18266593527153044 0.37207792207792206 0.21832144816236973 0.14935064935064934