0 0.18154761904761904 0.16952380952380952 0.2151360544217687 0.16
1 0.1798469387755102 0.3952380952380952 0.21343537414965985 0.15047619047619049
5 0.18239795918367346 0.6390476190476191 0.2151360544217687 0.1961904761904762
6 0.39413265306122447 0.17142857142857143 0.2151360544217687 0.17142857142857143
7 0.39158163265306123 0.39714285714285713 0.2100340136054422 0.1580952380952381
8 0.39285714285714285 0.6352380952380953 0.20918367346938777 0.1657142857142857
9 0.502125850340136 0.8685714285714285 0.8511904761904762 0.17142857142857143
10 0.6079931972789115 0.17714285714285713 0.21258503401360543 0.15619047619047619
11 0.6054421768707483 0.4276190476190476 0.21598639455782312 0.21523809523809523
12 0.6071428571428571 0.6533333333333333 0.21428571428571427 0.23238095238095238
2 0.8222789115646258 0.16476190476190475 0.21768707482993196 0.2342857142857143
3 0.8210034013605442 0.3933333333333333 0.2185374149659864 0.18857142857142858
4 0.8210034013605442 0.6361904761904762 0.21683673469387754 0.17523809523809525