0 0.18218954248366012 0.17287917737789202 0.21405228758169934 0.16838046272493573
1 0.18164488017429195 0.40424164524421596 0.21405228758169934 0.18380462724935734
5 0.18191721132897604 0.6381748071979434 0.21459694989106753 0.19665809768637532
6 0.3927015250544662 0.17223650385604114 0.21459694989106753 0.17737789203084833
7 0.3937908496732026 0.4087403598971722 0.2113289760348584 0.17737789203084833
8 0.39242919389978215 0.634318766066838 0.2107843137254902 0.16580976863753213
9 0.5019063180827886 0.8676092544987146 0.8513071895424836 0.17223650385604114
10 0.6070261437908496 0.18187660668380462 0.21187363834422657 0.18123393316195371
11 0.6056644880174292 0.47429305912596403 0.2113289760348584 0.30848329048843187
12 0.6059368191721133 0.7133676092544987 0.21296296296296297 0.29048843187660667
2 0.821078431372549 0.224293059125964 0.21949891067538127 0.27892030848329047
3 0.818082788671024 0.448586118251928 0.21350762527233116 0.2647814910025707
4 0.8194444444444444 0.6818766066838047 0.21840958605664487 0.2352185089974293