0 0.821347678369196 0.8207070707070707 0.2146092865232163 0.17929292929292928
1 0.8196489241223103 0.6054292929292929 0.21347678369195924 0.15025252525252525
5 0.8173839184597962 0.36047979797979796 0.2146092865232163 0.19570707070707072
6 0.609286523216308 0.8213383838383839 0.21064552661381652 0.17297979797979798
7 0.6084371460928653 0.6029040404040404 0.210079275198188 0.15782828282828282
8 0.6070215175537939 0.36426767676767674 0.20951302378255945 0.16540404040404041
9 0.49773499433748586 0.13131313131313133 0.8516421291053228 0.1717171717171717
10 0.3983578708946772 0.8257575757575758 0.21234428086070214 0.1717171717171717
11 0.39665911664779163 0.5763888888888888 0.21347678369195924 0.22095959595959597
12 0.3960928652321631 0.3573232323232323 0.21121177802944507 0.22727272727272727
2 0.18431483578708946 0.8560606060606061 0.22140430351075877 0.25
3 0.18346545866364666 0.6300505050505051 0.21970554926387317 0.25757575757575757
4 0.1823329558323896 0.37626262626262624 0.21857304643261607 0.20959595959595959