0 0.17854113655640375 0.17938931297709923 0.21458863443596268 0.17938931297709923
1 0.181509754028838 0.3969465648854962 0.2154368108566582 0.1717557251908397
5 0.18575063613231552 0.6431297709923665 0.21204410517387617 0.17557251908396945
6 0.3905852417302799 0.1784351145038168 0.21119592875318066 0.1736641221374046
7 0.3914334181509754 0.3979007633587786 0.21119592875318066 0.15839694656488548
8 0.3969465648854962 0.6335877862595419 0.21204410517387617 0.16412213740458015
9 0.5021204410517388 0.8683206106870229 0.8515691263782866 0.1717557251908397
10 0.6017811704834606 0.1736641221374046 0.21289228159457166 0.1717557251908397
11 0.6043256997455471 0.4169847328244275 0.21119592875318066 0.19274809160305342
12 0.6072943172179813 0.6040076335877863 0.21374045801526717 0.38740458015267176
2 0.8189143341815097 0.15648854961832062 0.2196776929601357 0.2900763358778626
3 0.820186598812553 0.35400763358778625 0.21882951653944022 0.2729007633587786
4 0.821882951653944 0.5887404580152672 0.2205258693808312 0.25