0 0.187636761487965 0.17519181585677748 0.2100656455142232 0.1815856777493606
1 0.187363238512035 0.4008951406649616 0.21061269146608316 0.17519181585677748
5 0.18462800875273522 0.6323529411764706 0.21170678336980306 0.17774936061381075
6 0.3971553610503282 0.18350383631713554 0.2111597374179431 0.19309462915601022
7 0.3946936542669584 0.4079283887468031 0.21061269146608316 0.16112531969309463
8 0.3946936542669584 0.6336317135549873 0.21061269146608316 0.1649616368286445
9 0.5016411378555798 0.8682864450127877 0.8512035010940919 0.17135549872122763
10 0.6069474835886215 0.1796675191815857 0.21170678336980306 0.18030690537084398
11 0.6072210065645515 0.44565217391304346 0.2111597374179431 0.24168797953964194
12 0.6061269146608315 0.6796675191815856 0.21334792122538293 0.2570332480818414
2 0.8219365426695843 0.17391304347826086 0.21827133479212255 0.28388746803069054
3 0.8219365426695843 0.3727621483375959 0.21827133479212255 0.3132992327365729
4 0.8222100656455142 0.5971867007672634 0.2188183807439825 0.29411764705882354