0 0.8214285714285714 0.17974683544303796 0.21428571428571427 0.17974683544303796
1 0.8180272108843537 0.3930379746835443 0.21315192743764172 0.1911392405063291
5 0.8174603174603174 0.6386075949367088 0.21428571428571427 0.1962025316455696
6 0.6094104308390023 0.17848101265822786 0.2108843537414966 0.17468354430379746
7 0.6085600907029478 0.3968354430379747 0.21031746031746032 0.15822784810126583
8 0.6071428571428571 0.6354430379746835 0.20975056689342403 0.1670886075949367
9 0.49943310657596374 0.8487341772151898 0.8503401360544217 0.1759493670886076
10 0.39625850340136054 0.21645569620253163 0.2108843537414966 0.2481012658227848
11 0.3959750566893424 0.4170886075949367 0.21145124716553287 0.19367088607594937
12 0.3959750566893424 0.6487341772151899 0.21145124716553287 0.31772151898734174
2 0.18310657596371882 0.14873417721518986 0.21882086167800455 0.2974683544303797
3 0.18253968253968253 0.33860759493670883 0.21768707482993196 0.3
4 0.1816893424036281 0.6075949367088608 0.2193877551020408 0.22025316455696203