0 0.17865232163080408 0.820528967254408 0.2146092865232163 0.1801007556675063
1 0.1803510758776897 0.6051637279596978 0.21347678369195924 0.14987405541561713
5 0.18261608154020384 0.3608312342569269 0.2146092865232163 0.1952141057934509
6 0.39071347678369195 0.8211586901763224 0.21064552661381652 0.17380352644836272
7 0.39156285390713474 0.6026448362720404 0.210079275198188 0.1574307304785894
8 0.3929784824462061 0.3646095717884131 0.20951302378255945 0.16498740554156172
9 0.5022650056625142 0.1309823677581864 0.8516421291053228 0.1712846347607053
10 0.6016421291053228 0.825566750629723 0.21234428086070214 0.172544080604534
11 0.603907134767837 0.5591939546599496 0.210079275198188 0.2518891687657431
12 0.6061721404303511 0.3501259445843829 0.21234428086070214 0.20906801007556675
2 0.8159682899207248 0.8488664987405542 0.21857304643261607 0.20151133501259447
3 0.8168176670441676 0.6001259445843828 0.21347678369195924 0.1574307304785894
4 0.8173839184597962 0.36397984886649876 0.21121177802944507 0.16876574307304787