0 0.8145205479452055 0.18281653746770027 0.21534246575342467 0.1821705426356589
1 0.8142465753424658 0.39728682170542634 0.2136986301369863 0.15374677002583978
5 0.8153424657534246 0.6285529715762274 0.2136986301369863 0.16925064599483206
6 0.6016438356164383 0.17700258397932817 0.2115068493150685 0.18087855297157623
7 0.6024657534246576 0.4011627906976744 0.21315068493150685 0.15891472868217055
8 0.6049315068493151 0.6356589147286822 0.2126027397260274 0.17829457364341086
9 0.4980821917808219 0.8675710594315246 0.8515068493150685 0.17183462532299743
10 0.38986301369863013 0.17183462532299743 0.21095890410958903 0.165374677002584
11 0.3920547945205479 0.4405684754521964 0.21095890410958903 0.2558139534883721
12 0.3917808219178082 0.6563307493540051 0.2147945205479452 0.28940568475452194
2 0.176986301369863 0.18087855297157623 0.22027397260273973 0.23772609819121446
3 0.17863013698630137 0.4076227390180879 0.2147945205479452 0.20801033591731266
4 0.1789041095890411 0.6427648578811369 0.21863013698630138 0.1821705426356589