0 0.821347678369196 0.17947103274559195 0.2146092865232163 0.1801007556675063
1 0.818233295583239 0.38476070528967254 0.21517553793884484 0.2052896725440806
5 0.8173839184597962 0.639168765743073 0.2146092865232163 0.1952141057934509
6 0.6058890147225368 0.1845088161209068 0.21177802944507362 0.19269521410579346
7 0.6084371460928653 0.3973551637279597 0.210079275198188 0.1574307304785894
8 0.6070215175537939 0.6353904282115869 0.20951302378255945 0.16498740554156172
9 0.4980181200453001 0.836272040302267 0.8488108720271801 0.2040302267002519
10 0.39580973952434884 0.21662468513853905 0.21064552661381652 0.2594458438287154
11 0.3960928652321631 0.4181360201511335 0.21121177802944507 0.19395465994962216
12 0.39552661381653453 0.6064231738035264 0.21234428086070214 0.3136020151133501
2 0.18148357870894677 0.13790931989924432 0.21800679501698755 0.25818639798488663
3 0.18176670441676104 0.29345088161209065 0.21630804077010193 0.33249370277078083
4 0.18148357870894677 0.577455919395466 0.21574178935447338 0.2783375314861461