0 0.8190314358538657 0.8425572519083969 0.2141036533559898 0.15458015267175573
1 0.8198810535259133 0.6040076335877863 0.21750212404418012 0.20038167938931298
5 0.8177570093457944 0.3616412213740458 0.21495327102803738 0.1965648854961832
6 0.6057774001699235 0.8244274809160306 0.21240441801189464 0.18702290076335878
7 0.6083262531860663 0.6020992366412213 0.2107051826677995 0.15839694656488548
8 0.607051826677995 0.3654580152671756 0.20985556499575192 0.16603053435114504
9 0.49872557349192864 0.14885496183206107 0.8547153780798641 0.18702290076335878
10 0.3925233644859813 0.8206106870229007 0.21240441801189464 0.1984732824427481
11 0.3959218351741716 0.5830152671755725 0.2107051826677995 0.19274809160305342
12 0.39379779099405265 0.4112595419847328 0.21495327102803738 0.26908396946564883
2 0.17757009345794392 0.8721374045801527 0.21920135938827529 0.2480916030534351
3 0.1784197111299915 0.6307251908396947 0.21920135938827529 0.1851145038167939
4 0.17799490229396772 0.37595419847328243 0.2183517417162277 0.19083969465648856