0 0.183206106870229 0.8282442748091603 0.21374045801526717 0.1717557251908397
1 0.179813401187447 0.6059160305343512 0.21374045801526717 0.15076335877862596
5 0.18490245971162 0.3711832061068702 0.21374045801526717 0.1851145038167939
6 0.39567430025445294 0.8177480916030534 0.21289228159457166 0.18129770992366412
7 0.3969465648854962 0.5954198473282443 0.2154368108566582 0.16793893129770993
8 0.39609838846480067 0.3568702290076336 0.21374045801526717 0.17557251908396945
9 0.5046649703138253 0.1431297709923664 0.8515691263782866 0.24045801526717558
10 0.6081424936386769 0.7872137404580153 0.21034775233248515 0.24236641221374045
11 0.6081424936386769 0.5047709923664122 0.21204410517387617 0.3683206106870229
12 0.6077184054283291 0.2881679389312977 0.21289228159457166 0.30916030534351147
2 0.8214588634435963 0.8368320610687023 0.2179813401187447 0.28053435114503816
3 0.8223070398642918 0.6106870229007634 0.2179813401187447 0.21374045801526717
4 0.8210347752332485 0.3711832061068702 0.2154368108566582 0.16984732824427481