0 0.18226600985221675 0.82798459563543 0.21455938697318008 0.16944801026957637
1 0.18308702791461412 0.5962772785622593 0.21182266009852216 0.15019255455712452
5 0.18199233716475097 0.3626444159178434 0.21510673234811165 0.196405648267009
6 0.39299397920087575 0.8222079589216945 0.21237000547345375 0.17843388960205392
7 0.3916256157635468 0.6026957637997432 0.210727969348659 0.15789473684210525
8 0.39272030651340994 0.36649550706033374 0.20963327859879585 0.16559691912708602
9 0.5019157088122606 0.13222079589216945 0.8516694033935414 0.17201540436456997
10 0.6056376573617953 0.8215661103979461 0.2140120415982485 0.18741976893453144
11 0.6039956212370006 0.5840821566110398 0.210727969348659 0.1925545571245186
12 0.6045429666119321 0.3485237483953787 0.210727969348659 0.24261874197689345
2 0.819376026272578 0.8222079589216945 0.2200328407224959 0.21181001283697048
3 0.8185550082101807 0.5847240051347882 0.21839080459770116 0.19897304236200256
4 0.8177339901477833 0.3600770218228498 0.2200328407224959 0.18870346598202825