0 0.18267045454545455 0.8354430379746836 0.21420454545454545 0.1670886075949367
1 0.18267045454545455 0.6056962025316456 0.2119318181818182 0.20379746835443038
5 0.18267045454545455 0.360126582278481 0.21420454545454545 0.1962025316455696
6 0.3931818181818182 0.8240506329113924 0.21136363636363636 0.1518987341772152
7 0.3946022727272727 0.5943037974683544 0.20852272727272728 0.16329113924050634
8 0.39545454545454545 0.3512658227848101 0.21136363636363636 0.21645569620253163
9 0.5025568181818182 0.13037974683544304 0.8517045454545454 0.17215189873417722
10 0.6042613636363636 0.8056962025316455 0.2096590909090909 0.20632911392405062
11 0.6045454545454545 0.5816455696202532 0.21136363636363636 0.19367088607594937
12 0.603125 0.370253164556962 0.2096590909090909 0.30759493670886073
2 0.8196022727272727 0.8455696202531645 0.21761363636363637 0.23544303797468355
3 0.8173295454545455 0.5993670886075949 0.21306818181818182 0.15822784810126583
4 0.8178977272727272 0.3632911392405063 0.21079545454545454 0.16962025316455695