0 0.1837169650468883 0.16889312977099236 0.21057118499573743 0.18893129770992367
1 0.17988064791133845 0.39408396946564883 0.21312872975277067 0.15076335877862596
5 0.1824381926683717 0.6383587786259542 0.21483375959079284 0.1965648854961832
6 0.3959931798806479 0.17461832061068702 0.21227621483375958 0.18129770992366412
7 0.3917306052855925 0.3979007633587786 0.21057118499573743 0.15839694656488548
8 0.39300937766410915 0.6345419847328244 0.20971867007672634 0.16603053435114504
9 0.5021312872975278 0.8683206106870229 0.8525149190110827 0.1717557251908397
10 0.6091219096334186 0.17938931297709923 0.21227621483375958 0.1946564885496183
11 0.6074168797953964 0.4494274809160305 0.21227621483375958 0.2729007633587786
12 0.6069906223358909 0.7022900763358778 0.21312872975277067 0.33587786259541985
2 0.8239556692242114 0.20038167938931298 0.21739130434782608 0.3969465648854962
3 0.824381926683717 0.3931297709923664 0.21483375959079284 0.4580152671755725
4 0.8222506393861893 0.6154580152671756 0.21568627450980393 0.24236641221374045