0 0.8133552271483306 0.8341902313624678 0.21674876847290642 0.16452442159383032
1 0.8133552271483306 0.5983290488431876 0.2134646962233169 0.16323907455012854
5 0.8136288998357963 0.37017994858611825 0.21291735084838534 0.16709511568123395
6 0.5990695128626163 0.8213367609254498 0.20853858784893267 0.17994858611825193
7 0.6009852216748769 0.5886889460154242 0.21018062397372742 0.17994858611825193
8 0.603448275862069 0.36696658097686374 0.21291735084838534 0.15809768637532134
9 0.49808429118773945 0.13174807197943444 0.8516694033935414 0.17095115681233933
10 0.38943623426382046 0.8194087403598972 0.21182266009852216 0.19408740359897173
11 0.39299397920087575 0.577120822622108 0.2112753147235906 0.2159383033419023
12 0.3924466338259442 0.34061696658097684 0.21237000547345375 0.2390745501285347
2 0.180623973727422 0.8264781491002571 0.21674876847290642 0.2185089974293059
3 0.180623973727422 0.62146529562982 0.21674876847290642 0.2480719794344473
4 0.17898193760262726 0.38431876606683807 0.21674876847290642 0.2236503856041131