0 0.8172602739726027 0.17953667953667954 0.21424657534246574 0.18146718146718147
1 0.8167123287671233 0.4118404118404118 0.21205479452054796 0.16473616473616473
5 0.816986301369863 0.6486486486486487 0.2115068493150685 0.21106821106821108
6 0.606027397260274 0.18018018018018017 0.2104109589041096 0.16988416988416988
7 0.6076712328767123 0.40025740025740025 0.2126027397260274 0.15701415701415702
8 0.6054794520547945 0.6492921492921493 0.2115068493150685 0.1994851994851995
9 0.4980821917808219 0.8674388674388674 0.8515068493150685 0.17245817245817247
10 0.39452054794520547 0.17824967824967825 0.2115068493150685 0.16859716859716858
11 0.39534246575342463 0.44015444015444016 0.21424657534246574 0.23680823680823682
12 0.393972602739726 0.6737451737451737 0.2115068493150685 0.25353925353925355
2 0.18082191780821918 0.1833976833976834 0.21808219178082192 0.20463320463320464
3 0.18082191780821918 0.4086229086229086 0.21698630136986302 0.1891891891891892
4 0.18054794520547945 0.6473616473616474 0.22082191780821916 0.18532818532818532