0 0.8197969543147208 0.8485714285714285 0.21658206429780033 0.21142857142857144
1 0.8197969543147208 0.6047619047619047 0.2131979695431472 0.15047619047619049
5 0.8176818950930627 0.36095238095238097 0.2140439932318105 0.1961904761904762
6 0.6049069373942471 0.8171428571428572 0.2131979695431472 0.19047619047619047
7 0.6057529610829103 0.6114285714285714 0.21150592216582065 0.19047619047619047
8 0.6074450084602369 0.3647619047619048 0.2098138747884941 0.1657142857142857
9 0.4978849407783418 0.13142857142857142 0.8519458544839256 0.17142857142857143
10 0.3929780033840948 0.8142857142857143 0.2140439932318105 0.18095238095238095
11 0.39382402707275804 0.5666666666666667 0.21573604060913706 0.22666666666666666
12 0.3942470389170897 0.35619047619047617 0.21489001692047377 0.2057142857142857
2 0.17808798646362098 0.8552380952380952 0.21912013536379019 0.24761904761904763
3 0.1785109983079526 0.6295238095238095 0.2182741116751269 0.21142857142857144
4 0.17978003384094754 0.38476190476190475 0.21573604060913706 0.2438095238095238