0 0.18403171007927518 0.17088607594936708 0.2129105322763307 0.17974683544303796
1 0.1812004530011325 0.38164556962025314 0.21517553793884484 0.20126582278481012
5 0.18261608154020384 0.6386075949367088 0.2146092865232163 0.1962025316455696
6 0.39467723669309174 0.1879746835443038 0.21177802944507362 0.1962025316455696
7 0.39467723669309174 0.4006329113924051 0.21177802944507362 0.16075949367088607
8 0.3929784824462061 0.6354430379746835 0.20951302378255945 0.1670886075949367
9 0.5011325028312571 0.839873417721519 0.8516421291053228 0.20126582278481012
10 0.6064552661381654 0.21645569620253163 0.21177802944507362 0.2582278481012658
11 0.6058890147225368 0.46835443037974683 0.20838052095130238 0.28607594936708863
12 0.605039637599094 0.6582278481012658 0.21121177802944507 0.24556962025316456
2 0.8204983012457531 0.1651898734177215 0.21970554926387317 0.2645569620253165
3 0.8187995469988675 0.39367088607594936 0.217440543601359 0.2582278481012658
4 0.818233295583239 0.6259493670886076 0.21517553793884484 0.16835443037974684