0 0.18436703483432457 0.1743295019157088 0.21240441801189464 0.19540229885057472
1 0.18394222599830076 0.38409961685823757 0.21325403568394222 0.2049808429118774
5 0.1822429906542056 0.6388888888888888 0.21495327102803738 0.19731800766283525
6 0.3967714528462192 0.18295019157088122 0.21240441801189464 0.2049808429118774
7 0.3963466440101954 0.40804597701149425 0.20985556499575192 0.19923371647509577
8 0.3929481733220051 0.6350574712643678 0.20985556499575192 0.16666666666666666
9 0.5025488530161427 0.8409961685823755 0.8538657604078165 0.20306513409961685
10 0.6083262531860663 0.18486590038314177 0.21240441801189464 0.18582375478927204
11 0.6040781648258283 0.4166666666666667 0.2107051826677995 0.19348659003831417
12 0.6066270178419712 0.6944444444444444 0.21240441801189464 0.2739463601532567
2 0.8241291418861513 0.19444444444444445 0.21580288870008496 0.22796934865900384
3 0.822429906542056 0.39655172413793105 0.21920135938827529 0.25287356321839083
4 0.820730671197961 0.603448275862069 0.21920135938827529 0.24904214559386972