0 0.8155216284987278 0.16698473282442747 0.21289228159457166 0.1736641221374046
1 0.8163698049194232 0.40076335877862596 0.21119592875318066 0.15648854961832062
5 0.81509754028838 0.6354961832061069 0.21204410517387617 0.18702290076335878
6 0.6043256997455471 0.1784351145038168 0.21458863443596268 0.16984732824427481
7 0.6039016115351993 0.4074427480916031 0.21204410517387617 0.15839694656488548
8 0.6039016115351993 0.6393129770992366 0.2154368108566582 0.16412213740458015
9 0.49787955894826125 0.8683206106870229 0.8515691263782866 0.1717557251908397
10 0.3922815945716709 0.17748091603053434 0.21289228159457166 0.183206106870229
11 0.3914334181509754 0.41412213740458015 0.21119592875318066 0.23282442748091603
12 0.39185750636132316 0.6402671755725191 0.21374045801526717 0.20801526717557253
2 0.1759966072943172 0.16698473282442747 0.2179813401187447 0.1851145038167939
3 0.17854113655640375 0.4064885496183206 0.2196776929601357 0.16030534351145037
4 0.17769296013570823 0.6469465648854962 0.21628498727735368 0.16793893129770993