0 0.178631995477671 0.17929292929292928 0.21481062747314866 0.17929292929292928
1 0.18032786885245902 0.39457070707070707 0.21368004522328998 0.15025252525252525
5 0.18258903335217638 0.639520202020202 0.21481062747314866 0.19570707070707072
6 0.390616167326173 0.17866161616161616 0.21141888072357265 0.17297979797979798
7 0.39174674957603167 0.3970959595959596 0.21028829847371397 0.15782828282828282
8 0.393159977388355 0.6357323232323232 0.20972300734878463 0.16540404040404041
9 0.5022611644997174 0.8686868686868687 0.8518937252685133 0.1717171717171717
10 0.6023176936122103 0.20265151515151514 0.211984171848502 0.22095959595959597
11 0.6031656302996043 0.44507575757575757 0.21254946297343133 0.24621212121212122
12 0.6037309214245337 0.6736111111111112 0.21254946297343133 0.21843434343434343
2 0.8159977388355003 0.15088383838383837 0.21876766534765404 0.20075757575757575
3 0.8176936122102882 0.38952020202020204 0.21989824759751272 0.1830808080808081
4 0.8185415488976823 0.6218434343434344 0.21933295647258338 0.16287878787878787