0 0.17802385008517888 0.8206106870229007 0.21465076660988075 0.17938931297709923
1 0.18015332197614992 0.6059160305343512 0.21379897785349233 0.15076335877862596
5 0.18228279386712096 0.3616412213740458 0.21465076660988075 0.1965648854961832
6 0.3909710391822828 0.8215648854961832 0.21124361158432708 0.1736641221374046
7 0.391396933560477 0.6020992366412213 0.21039182282793867 0.15839694656488548
8 0.39310051107325383 0.3654580152671756 0.21039182282793867 0.16603053435114504
9 0.502129471890971 0.1316793893129771 0.8526405451448041 0.1717557251908397
10 0.6017887563884157 0.8263358778625954 0.2120954003407155 0.1717557251908397
11 0.6056218057921635 0.5725190839694656 0.21465076660988075 0.23282442748091603
12 0.6077512776831345 0.34446564885496184 0.21379897785349233 0.23473282442748092
2 0.8215502555366269 0.8645038167938931 0.21890971039182283 0.2480916030534351
3 0.8206984667802385 0.642175572519084 0.22061328790459966 0.24236641221374045
4 0.8232538330494037 0.4131679389312977 0.21890971039182283 0.23473282442748092