0 0.18176670441676104 0.17045454545454544 0.21630804077010193 0.1893939393939394
1 0.1803510758776897 0.39457070707070707 0.21347678369195924 0.15025252525252525
5 0.18261608154020384 0.639520202020202 0.2146092865232163 0.19570707070707072
6 0.394960362400906 0.18813131313131312 0.21121177802944507 0.1994949494949495
7 0.39156285390713474 0.3970959595959596 0.210079275198188 0.15782828282828282
8 0.3929784824462061 0.6357323232323232 0.20951302378255945 0.16540404040404041
9 0.5022650056625142 0.8686868686868687 0.8516421291053228 0.1717171717171717
10 0.6056058890147226 0.19823232323232323 0.21121177802944507 0.21464646464646464
11 0.6053227633069083 0.4286616161616162 0.20951302378255945 0.22095959595959597
12 0.6033408833522084 0.6603535353535354 0.210079275198188 0.23232323232323232
2 0.8199320498301246 0.14898989898989898 0.21630804077010193 0.2676767676767677
3 0.8173839184597962 0.3667929292929293 0.21574178935447338 0.24116161616161616
4 0.8179501698754247 0.615530303030303 0.21913929784824462 0.2032828282828283