0 0.17872340425531916 0.820952380952381 0.214468085106383 0.17904761904761904
1 0.18 0.6047619047619047 0.21361702127659574 0.15047619047619049
5 0.18212765957446808 0.36095238095238097 0.214468085106383 0.1961904761904762
6 0.3931914893617021 0.8276190476190476 0.214468085106383 0.1657142857142857
7 0.39361702127659576 0.599047619047619 0.2153191489361702 0.1580952380952381
8 0.39574468085106385 0.3676190476190476 0.214468085106383 0.16380952380952382
9 0.502127659574468 0.13142857142857142 0.851063829787234 0.17142857142857143
10 0.6059574468085106 0.8238095238095238 0.2127659574468085 0.17333333333333334
11 0.605531914893617 0.5933333333333334 0.21361702127659574 0.17714285714285713
12 0.6076595744680852 0.3504761904761905 0.2093617021276596 0.2057142857142857
2 0.82 0.8295238095238096 0.2204255319148936 0.18476190476190477
3 0.8212765957446808 0.6076190476190476 0.22127659574468084 0.1980952380952381
4 0.8225531914893617 0.37333333333333335 0.2204255319148936 0.18285714285714286