0 0.8214285714285714 0.8206106870229007 0.21428571428571427 0.17938931297709923
1 0.8201530612244898 0.6059160305343512 0.21343537414965985 0.15076335877862596
5 0.8176020408163265 0.3616412213740458 0.2151360544217687 0.1965648854961832
6 0.6084183673469388 0.8234732824427481 0.21343537414965985 0.16221374045801526
7 0.6062925170068028 0.5954198473282443 0.21258503401360543 0.16412213740458015
8 0.6037414965986394 0.3616412213740458 0.21258503401360543 0.17748091603053434
9 0.4931972789115646 0.1364503816793893 0.8571428571428571 0.16984732824427481
10 0.3958333333333333 0.8187022900763359 0.2151360544217687 0.17938931297709923
11 0.39540816326530615 0.5601145038167938 0.21428571428571427 0.2385496183206107
12 0.3924319727891156 0.3282442748091603 0.21343537414965985 0.24427480916030533
2 0.18154761904761904 0.8435114503816794 0.22023809523809523 0.31297709923664124
3 0.1798469387755102 0.642175572519084 0.22023809523809523 0.2652671755725191
4 0.1764455782312925 0.375 0.22023809523809523 0.17748091603053434