0 0.18253968253968253 0.17045454545454544 0.21315192743764172 0.17424242424242425
1 0.18027210884353742 0.39457070707070707 0.21315192743764172 0.15025252525252525
5 0.18253968253968253 0.639520202020202 0.21428571428571427 0.19570707070707072
6 0.3945578231292517 0.1691919191919192 0.2108843537414966 0.15151515151515152
7 0.39143990929705214 0.3970959595959596 0.21031746031746032 0.15782828282828282
8 0.39285714285714285 0.6357323232323232 0.20975056689342403 0.16540404040404041
9 0.5022675736961452 0.8686868686868687 0.8514739229024944 0.1717171717171717
10 0.6017573696145124 0.17424242424242425 0.21258503401360543 0.1717171717171717
11 0.6040249433106576 0.41792929292929293 0.21145124716553287 0.19444444444444445
12 0.6034580498866213 0.6609848484848485 0.21145124716553287 0.22095959595959597
2 0.8183106575963719 0.20959595959595959 0.2193877551020408 0.23484848484848486
3 0.8174603174603174 0.39141414141414144 0.21768707482993196 0.2904040404040404
4 0.8177437641723356 0.6073232323232324 0.2171201814058957 0.255050505050505