0 0.17857142857142858 0.8206106870229007 0.21428571428571427 0.17938931297709923
1 0.1798469387755102 0.6059160305343512 0.21343537414965985 0.15076335877862596
5 0.18239795918367346 0.3616412213740458 0.2151360544217687 0.1965648854961832
6 0.3903061224489796 0.8215648854961832 0.2108843537414966 0.1736641221374046
7 0.39158163265306123 0.6020992366412213 0.2100340136054422 0.15839694656488548
8 0.39625850340136054 0.36736641221374045 0.21258503401360543 0.15839694656488548
9 0.502125850340136 0.1316793893129771 0.8511904761904762 0.1717557251908397
10 0.6016156462585034 0.8263358778625954 0.21173469387755103 0.1717557251908397
11 0.6054421768707483 0.5906488549618321 0.21428571428571427 0.1851145038167939
12 0.6071428571428571 0.3463740458015267 0.21428571428571427 0.21183206106870228
2 0.8193027210884354 0.8654580152671756 0.22193877551020408 0.24618320610687022
3 0.8184523809523809 0.6593511450381679 0.22193877551020408 0.26145038167938933
4 0.8214285714285714 0.4122137404580153 0.2193877551020408 0.25190839694656486