0 0.8190314358538657 0.17080152671755724 0.2141036533559898 0.16603053435114504
1 0.8156329651656754 0.38645038167938933 0.21750212404418012 0.17748091603053434
5 0.8126593033135089 0.6335877862595419 0.21155480033984708 0.17557251908396945
6 0.607051826677995 0.17080152671755724 0.21495327102803738 0.14694656488549618
7 0.6023789294817332 0.40076335877862596 0.2107051826677995 0.15267175572519084
8 0.6002548853016143 0.6402671755725191 0.21155480033984708 0.1736641221374046
9 0.49320305862361935 0.8568702290076335 0.8521665250637214 0.22900763358778625
10 0.3933729821580289 0.18225190839694658 0.2107051826677995 0.1851145038167939
11 0.3959218351741716 0.4169847328244275 0.2107051826677995 0.19274809160305342
12 0.3899745114698386 0.6545801526717557 0.21240441801189464 0.21374045801526717
2 0.18011894647408666 0.15935114503816794 0.21920135938827529 0.20038167938931298
3 0.1788445199660153 0.34923664122137404 0.21665250637213254 0.2480916030534351
4 0.17672047578589634 0.5830152671755725 0.21580288870008496 0.26908396946564883