0 0.18154761904761904 0.8304761904761905 0.2151360544217687 0.16
1 0.1798469387755102 0.6047619047619047 0.21343537414965985 0.15047619047619049
5 0.18239795918367346 0.36095238095238097 0.2151360544217687 0.1961904761904762
6 0.39413265306122447 0.8285714285714286 0.2151360544217687 0.17142857142857143
7 0.39158163265306123 0.6028571428571429 0.2100340136054422 0.1580952380952381
8 0.39285714285714285 0.3647619047619048 0.20918367346938777 0.1657142857142857
9 0.502125850340136 0.13142857142857142 0.8511904761904762 0.17142857142857143
10 0.6079931972789115 0.8228571428571428 0.21258503401360543 0.15619047619047619
11 0.6054421768707483 0.5723809523809524 0.21598639455782312 0.21523809523809523
12 0.6071428571428571 0.3466666666666667 0.21428571428571427 0.23238095238095238
2 0.8222789115646258 0.8352380952380952 0.21768707482993196 0.2342857142857143
3 0.8210034013605442 0.6066666666666667 0.2185374149659864 0.18857142857142858
4 0.8210034013605442 0.3638095238095238 0.21683673469387754 0.17523809523809525