0 0.1784197111299915 0.17938931297709923 0.2141036533559898 0.17938931297709923
1 0.18011894647408666 0.39408396946564883 0.2141036533559898 0.15076335877862596
5 0.1822429906542056 0.6383587786259542 0.21495327102803738 0.1965648854961832
6 0.3933729821580289 0.1784351145038168 0.21240441801189464 0.17748091603053434
7 0.39167374681393374 0.3979007633587786 0.2107051826677995 0.15839694656488548
8 0.3929481733220051 0.6345419847328244 0.20985556499575192 0.16603053435114504
9 0.5021240441801189 0.8683206106870229 0.8513169073916738 0.1717557251908397
10 0.6057774001699235 0.17938931297709923 0.2141036533559898 0.18702290076335878
11 0.6040781648258283 0.4169847328244275 0.2107051826677995 0.19274809160305342
12 0.6049277824978759 0.6517175572519084 0.2107051826677995 0.24236641221374045
2 0.8194562446898895 0.1784351145038168 0.22005097706032287 0.21183206106870228
3 0.8186066270178419 0.41603053435114506 0.2183517417162277 0.1984732824427481
4 0.8177570093457944 0.6402671755725191 0.22005097706032287 0.18893129770992367