0 0.18562055768179334 0.17480719794344474 0.217058501913614 0.18766066838046272
1 0.18862766539092402 0.42287917737789205 0.2099507927829415 0.2365038560411311
5 0.18452706396938218 0.6587403598971723 0.21159103335155824 0.2352185089974293
6 0.3991252050300711 0.17930591259640102 0.21432476763258612 0.19665809768637532
7 0.3988518316019683 0.4158097686375321 0.21049753963914708 0.2120822622107969
8 0.3985784581738655 0.6587403598971723 0.2099507927829415 0.2300771208226221
9 0.5046473482777474 0.8849614395886889 0.854018589393111 0.2249357326478149
10 0.6115363586659377 0.198586118251928 0.20940404592673592 0.2249357326478149
11 0.6057955166757791 0.4607969151670951 0.21323127392017496 0.2994858611825193
12 0.6068890103881903 0.6786632390745502 0.21323127392017496 0.26735218508997427
2 0.8217605248769819 0.17994858611825193 0.21869874248223073 0.35732647814910024
3 0.8214871514488792 0.36953727506426737 0.21596500820120285 0.44601542416452444
4 0.8234007654455987 0.62146529562982 0.2165117550574084 0.33547557840616965