0 0.8215802888700084 0.820952380952381 0.2141036533559898 0.17904761904761904
1 0.8198810535259133 0.6047619047619047 0.2141036533559898 0.15047619047619049
5 0.8177570093457944 0.36095238095238097 0.21495327102803738 0.1961904761904762
6 0.6096006796941377 0.8219047619047619 0.21155480033984708 0.17333333333333334
7 0.6083262531860663 0.6028571428571429 0.2107051826677995 0.1580952380952381
8 0.607051826677995 0.3647619047619048 0.20985556499575192 0.1657142857142857
9 0.49787595581988103 0.13142857142857142 0.8513169073916738 0.17142857142857143
10 0.39847068819031434 0.8266666666666667 0.21240441801189464 0.17142857142857143
11 0.3959218351741716 0.5828571428571429 0.2107051826677995 0.19428571428571428
12 0.3963466440101954 0.37714285714285717 0.20985556499575192 0.18285714285714286
2 0.17629566694987256 0.8323809523809523 0.2183517417162277 0.19047619047619047
3 0.17799490229396772 0.6057142857142858 0.2183517417162277 0.1980952380952381
4 0.1826677994902294 0.3647619047619048 0.2107051826677995 0.16952380952380952