0 0.1806818181818182 0.8202531645569621 0.2125 0.1341772151898734
1 0.18295454545454545 0.5917721518987342 0.21363636363636362 0.17088607594936708
5 0.18267045454545455 0.360126582278481 0.21420454545454545 0.1962025316455696
6 0.3931818181818182 0.8240506329113924 0.21136363636363636 0.1518987341772152
7 0.3946022727272727 0.5943037974683544 0.20852272727272728 0.16329113924050634
8 0.39545454545454545 0.3512658227848101 0.21136363636363636 0.21645569620253163
9 0.5025568181818182 0.13037974683544304 0.8517045454545454 0.17215189873417722
10 0.6056818181818182 0.8183544303797469 0.21022727272727273 0.16582278481012658
11 0.6045454545454545 0.5816455696202532 0.21136363636363636 0.19367088607594937
12 0.6073863636363637 0.35 0.20909090909090908 0.20126582278481012
2 0.8173295454545455 0.8322784810126582 0.21306818181818182 0.17848101265822786
3 0.8173295454545455 0.5993670886075949 0.21306818181818182 0.15822784810126583
4 0.8170454545454545 0.369620253164557 0.21704545454545454 0.19240506329113924