0 0.1825531914893617 0.16347992351816443 0.21361702127659574 0.17782026768642448
1 0.18 0.3948374760994264 0.21361702127659574 0.15105162523900573
5 0.18212765957446808 0.638623326959847 0.214468085106383 0.1950286806883365
6 0.3948936170212766 0.17877629063097514 0.2127659574468085 0.17782026768642448
7 0.39148936170212767 0.3967495219885277 0.21106382978723404 0.1586998087954111
8 0.39276595744680853 0.635755258126195 0.2102127659574468 0.16634799235181644
9 0.502127659574468 0.8680688336520076 0.851063829787234 0.17208413001912046
10 0.6068085106382979 0.17590822179732313 0.2127659574468085 0.1835564053537285
11 0.6059574468085106 0.4321223709369025 0.2127659574468085 0.2638623326959847
12 0.6051063829787234 0.6586998087954111 0.2127659574468085 0.23135755258126195
2 0.8242553191489361 0.1806883365200765 0.21872340425531914 0.1931166347992352
3 0.8225531914893617 0.40822179732313574 0.21872340425531914 0.18546845124282982
4 0.8212765957446808 0.6290630975143403 0.21617021276595744 0.15678776290630975