0 0.18555008210180624 0.1735483870967742 0.21565407772304324 0.1638709677419355
1 0.18582375478927204 0.3870967741935484 0.2140120415982485 0.18838709677419355
5 0.18472906403940886 0.6283870967741936 0.2140120415982485 0.18580645161290324
6 0.39545703338806787 0.18129032258064517 0.21291735084838534 0.18193548387096775
7 0.3968253968253968 0.4038709677419355 0.21565407772304324 0.16774193548387098
8 0.3957307060755337 0.6425806451612903 0.2134646962233169 0.17548387096774193
9 0.5043787629994526 0.8561290322580645 0.8511220580186097 0.24129032258064517
10 0.6078270388615217 0.21161290322580645 0.210727969348659 0.24258064516129033
11 0.6078270388615217 0.49483870967741933 0.21182266009852216 0.36774193548387096
12 0.60727969348659 0.7109677419354838 0.21291735084838534 0.3096774193548387
2 0.8210180623973727 0.1625806451612903 0.21784345922276957 0.2812903225806452
3 0.8221127531472359 0.38838709677419353 0.21784345922276957 0.21419354838709678
4 0.8207443897099069 0.6283870967741936 0.21510673234811165 0.1703225806451613