0 0.17855105533371363 0.1792573623559539 0.21448944666286365 0.1792573623559539
1 0.1802624073017684 0.39500640204865556 0.21334854535082715 0.14980793854033292
5 0.18254420992584142 0.6395646606914213 0.21448944666286365 0.19590268886043533
6 0.3907586993725043 0.17861715749039692 0.21106674272675413 0.17285531370038412
7 0.39161437535653165 0.3975672215108835 0.2104962920707359 0.15749039692701663
8 0.3930405019965773 0.6357234314980794 0.20992584141471762 0.16517285531370038
9 0.5022818026240731 0.8687580025608195 0.8516828294352539 0.17285531370038412
10 0.6018254420992584 0.17413572343149808 0.21220764403879064 0.17157490396927016
11 0.6038220193953223 0.4193341869398207 0.21505989731888192 0.23943661971830985
12 0.6041072447233314 0.6555697823303457 0.21334854535082715 0.24839948783610755
2 0.816029663434113 0.15044814340588988 0.21848260125499144 0.20102432778489115
3 0.8197375926982317 0.3905249679897567 0.21677124928693667 0.22791293213828426
4 0.8174557900741586 0.6363636363636364 0.21106674272675413 0.16901408450704225