0 0.18828680897646416 0.16581306017925737 0.2112753147235906 0.1702944942381562
1 0.18664477285166942 0.39436619718309857 0.21455938697318008 0.1587708066581306
5 0.1869184455391352 0.6209987195902689 0.21291735084838534 0.18181818181818182
6 0.3995621237000547 0.1709346991037132 0.21018062397372742 0.18309859154929578
7 0.39655172413793105 0.4052496798975672 0.20744389709906952 0.17285531370038412
8 0.3981937602627258 0.6267605633802817 0.210727969348659 0.16261203585147246
9 0.5068418171866448 0.8578745198463509 0.856048166392994 0.17157490396927016
10 0.6102900930487137 0.17733674775928296 0.21237000547345375 0.18053777208706787
11 0.6081007115489874 0.41613316261203587 0.21455938697318008 0.20486555697823303
12 0.6089217296113848 0.6517285531370038 0.20963327859879585 0.20742637644046094
2 0.8201970443349754 0.15172855313700384 0.22167487684729065 0.25224071702944945
3 0.8210180623973727 0.3892445582586428 0.2200328407224959 0.22279129321382843
4 0.8232074438970991 0.6248399487836107 0.21674876847290642 0.16389244558258642