0 0.181509754028838 0.8244274809160306 0.2154368108566582 0.15648854961832062
1 0.18447837150127228 0.5973282442748091 0.21458863443596268 0.15648854961832062
5 0.18744698897370654 0.35877862595419846 0.21204410517387617 0.18702290076335878
6 0.3905852417302799 0.8215648854961832 0.21119592875318066 0.1736641221374046
7 0.3914334181509754 0.6020992366412213 0.21119592875318066 0.15839694656488548
8 0.3927056827820187 0.3654580152671756 0.21034775233248515 0.16603053435114504
9 0.5080576759966073 0.14217557251908397 0.8532654792196777 0.16603053435114504
10 0.6060220525869381 0.8120229007633588 0.21458863443596268 0.20419847328244276
11 0.6072943172179813 0.5687022900763359 0.21374045801526717 0.31297709923664124
12 0.6068702290076335 0.4064885496183206 0.21289228159457166 0.37404580152671757
2 0.8189143341815097 0.8549618320610687 0.2196776929601357 0.2862595419847328
3 0.8210347752332485 0.6211832061068703 0.21882951653944022 0.24618320610687022
4 0.8231552162849872 0.3797709923664122 0.22137404580152673 0.183206106870229