0 0.8217934165720772 0.17974683544303796 0.21452894438138478 0.17974683544303796
1 0.8195232690124858 0.39556962025316456 0.2133938706015891 0.15063291139240506
5 0.8172531214528944 0.6386075949367088 0.21452894438138478 0.1962025316455696
6 0.6092508513053349 0.17848101265822786 0.21169125993189558 0.17468354430379746
7 0.608683314415437 0.3968354430379747 0.2105561861520999 0.15822784810126583
8 0.6069807037457434 0.6354430379746835 0.2105561861520999 0.1670886075949367
9 0.4974460839954597 0.8683544303797468 0.8518728717366629 0.17215189873417722
10 0.39841089670828606 0.19240506329113924 0.20885357548240635 0.21012658227848102
11 0.3955732122587968 0.4170886075949367 0.21112372304199772 0.19367088607594937
12 0.3961407491486947 0.6740506329113924 0.20998864926220204 0.34556962025316457
2 0.1844494892167991 0.17658227848101266 0.2213393870601589 0.31772151898734174
3 0.18274687854710556 0.4151898734177215 0.21679909194097616 0.23544303797468355
4 0.18217934165720773 0.6367088607594936 0.21112372304199772 0.16962025316455695