0 0.8194562446898895 0.17049808429118773 0.21325403568394222 0.18007662835249041
1 0.8198810535259133 0.3946360153256705 0.2141036533559898 0.14942528735632185
5 0.8177570093457944 0.6388888888888888 0.21495327102803738 0.19731800766283525
6 0.6062022090059473 0.16954022988505746 0.21495327102803738 0.16666666666666666
7 0.6083262531860663 0.3975095785440613 0.2107051826677995 0.15900383141762453
8 0.607051826677995 0.6350574712643678 0.20985556499575192 0.16666666666666666
9 0.49787595581988103 0.8687739463601533 0.8513169073916738 0.17049808429118773
10 0.3925233644859813 0.21839080459770116 0.21240441801189464 0.26053639846743293
11 0.39379779099405265 0.46264367816091956 0.21155480033984708 0.2739463601532567
12 0.39464740866610026 0.6867816091954023 0.21155480033984708 0.2471264367816092
2 0.1784197111299915 0.1685823754789272 0.21920135938827529 0.17624521072796934
3 0.17969413763806288 0.39655172413793105 0.22005097706032287 0.15708812260536398
4 0.1826677994902294 0.6360153256704981 0.2107051826677995 0.1685823754789272