0 0.17826825127334464 0.17938931297709923 0.21392190152801357 0.17938931297709923
1 0.1799660441426146 0.39408396946564883 0.21392190152801357 0.15076335877862596
5 0.18208828522920203 0.6383587786259542 0.21477079796264856 0.1965648854961832
6 0.3904923599320883 0.1784351145038168 0.21052631578947367 0.1736641221374046
7 0.39134125636672323 0.3979007633587786 0.21052631578947367 0.15839694656488548
8 0.39261460101867574 0.6345419847328244 0.20967741935483872 0.16603053435114504
9 0.5021222410865874 0.8683206106870229 0.8514431239388794 0.1717557251908397
10 0.601018675721562 0.1784351145038168 0.21052631578947367 0.1851145038167939
11 0.6035653650254669 0.41412213740458015 0.20882852292020374 0.19083969465648856
12 0.6039898132427843 0.6221374045801527 0.20967741935483872 0.183206106870229
2 0.816213921901528 0.14980916030534353 0.21816638370118846 0.20038167938931298
3 0.818760611205433 0.39599236641221375 0.21816638370118846 0.1851145038167939
4 0.8217317487266553 0.6307251908396947 0.21901528013582344 0.17748091603053434