0 0.1825531914893617 0.8365200764818356 0.21361702127659574 0.17782026768642448
1 0.18 0.6051625239005736 0.21361702127659574 0.15105162523900573
5 0.18212765957446808 0.361376673040153 0.214468085106383 0.1950286806883365
6 0.3948936170212766 0.8212237093690249 0.2127659574468085 0.17782026768642448
7 0.39148936170212767 0.6032504780114722 0.21106382978723404 0.1586998087954111
8 0.39276595744680853 0.36424474187380496 0.2102127659574468 0.16634799235181644
9 0.502127659574468 0.13193116634799235 0.851063829787234 0.17208413001912046
10 0.6068085106382979 0.8240917782026769 0.2127659574468085 0.1835564053537285
11 0.6059574468085106 0.5678776290630975 0.2127659574468085 0.2638623326959847
12 0.6051063829787234 0.34130019120458893 0.2127659574468085 0.23135755258126195
2 0.8242553191489361 0.8193116634799236 0.21872340425531914 0.1931166347992352
3 0.8225531914893617 0.5917782026768642 0.21872340425531914 0.18546845124282982
4 0.8212765957446808 0.37093690248565964 0.21617021276595744 0.15678776290630975