0 0.187636761487965 0.8248081841432225 0.2100656455142232 0.1815856777493606
1 0.187363238512035 0.5991048593350383 0.21061269146608316 0.17519181585677748
5 0.18462800875273522 0.36764705882352944 0.21170678336980306 0.17774936061381075
6 0.3971553610503282 0.8164961636828645 0.2111597374179431 0.19309462915601022
7 0.3946936542669584 0.592071611253197 0.21061269146608316 0.16112531969309463
8 0.3946936542669584 0.3663682864450128 0.21061269146608316 0.1649616368286445
9 0.5016411378555798 0.13171355498721227 0.8512035010940919 0.17135549872122763
10 0.6069474835886215 0.8203324808184144 0.21170678336980306 0.18030690537084398
11 0.6072210065645515 0.5543478260869565 0.2111597374179431 0.24168797953964194
12 0.6061269146608315 0.3203324808184143 0.21334792122538293 0.2570332480818414
2 0.8219365426695843 0.8260869565217391 0.21827133479212255 0.28388746803069054
3 0.8219365426695843 0.6272378516624041 0.21827133479212255 0.3132992327365729
4 0.8222100656455142 0.40281329923273657 0.2188183807439825 0.29411764705882354