0 0.181509754028838 0.17461832061068702 0.21374045801526717 0.16603053435114504
1 0.18532654792196776 0.4017175572519084 0.21289228159457166 0.16603053435114504
5 0.18193384223918574 0.6383587786259542 0.21458863443596268 0.1965648854961832
6 0.3905852417302799 0.1784351145038168 0.21119592875318066 0.1736641221374046
7 0.39609838846480067 0.3979007633587786 0.21204410517387617 0.1736641221374046
8 0.3927056827820187 0.6345419847328244 0.21034775233248515 0.16603053435114504
9 0.508481764206955 0.8501908396946565 0.8558100084817643 0.1431297709923664
10 0.6047497879558948 0.18129770992366412 0.21374045801526717 0.18702290076335878
11 0.6051738761662426 0.45133587786259544 0.21458863443596268 0.2958015267175573
12 0.6094147582697201 0.6946564885496184 0.21119592875318066 0.2862595419847328
2 0.8189143341815097 0.14885496183206107 0.22137404580152673 0.2900763358778626
3 0.821882951653944 0.3291984732824427 0.2154368108566582 0.2958015267175573
4 0.8214588634435963 0.5772900763358778 0.2196776929601357 0.2729007633587786