0 0.8217934165720772 0.8207070707070707 0.21452894438138478 0.17929292929292928
1 0.8195232690124858 0.6054292929292929 0.2133938706015891 0.15025252525252525
5 0.8172531214528944 0.36047979797979796 0.21452894438138478 0.19570707070707072
6 0.6092508513053349 0.8213383838383839 0.21169125993189558 0.17297979797979798
7 0.608683314415437 0.6029040404040404 0.2105561861520999 0.15782828282828282
8 0.6069807037457434 0.36426767676767674 0.2105561861520999 0.16540404040404041
9 0.4974460839954597 0.13131313131313133 0.8518728717366629 0.1717171717171717
10 0.39755959137343927 0.8005050505050505 0.2094211123723042 0.21717171717171718
11 0.39755959137343927 0.5675505050505051 0.21169125993189558 0.2159090909090909
12 0.3961407491486947 0.34785353535353536 0.20998864926220204 0.23106060606060605
2 0.184733257661748 0.8238636363636364 0.2185017026106697 0.21085858585858586
3 0.18331441543700341 0.6003787878787878 0.2133938706015891 0.15782828282828282
4 0.18217934165720773 0.36363636363636365 0.21112372304199772 0.1691919191919192