0 0.18063420158550397 0.18037974683544303 0.2129105322763307 0.17088607594936708
1 0.1803510758776897 0.39556962025316456 0.21347678369195924 0.15063291139240506
5 0.18261608154020384 0.6386075949367088 0.2146092865232163 0.1962025316455696
6 0.39269535673839184 0.18037974683544303 0.21121177802944507 0.16329113924050634
7 0.39156285390713474 0.3968354430379747 0.210079275198188 0.15822784810126583
8 0.3929784824462061 0.6354430379746835 0.20951302378255945 0.1670886075949367
9 0.5022650056625142 0.8683544303797468 0.8516421291053228 0.17215189873417722
10 0.6044733861834655 0.17721518987341772 0.210079275198188 0.1670886075949367
11 0.603907134767837 0.4170886075949367 0.21121177802944507 0.19367088607594937
12 0.6036240090600227 0.6234177215189873 0.20951302378255945 0.18354430379746836
2 0.8185164212910532 0.16772151898734178 0.21687429218573046 0.1911392405063291
3 0.8193657984144961 0.40189873417721517 0.21970554926387317 0.2088607594936709
4 0.8187995469988675 0.6208860759493671 0.22083805209513024 0.1911392405063291