0 0.1832144816236972 0.16817593790426907 0.2106417992320351 0.1888745148771022
1 0.18650575973669775 0.41009055627425617 0.21173889193636863 0.18111254851228978
5 0.18513439385628086 0.6351875808538163 0.21228743828853539 0.1888745148771022
6 0.39577619308831596 0.17399741267787838 0.21228743828853539 0.18240620957309184
7 0.39166209544706526 0.39715394566623546 0.2106417992320351 0.15782664941785252
8 0.3927591881513988 0.6338939197930142 0.2095447065277016 0.16558861578266496
9 0.5019199122325837 0.8673997412677878 0.8524410312671421 0.17205692108667528
10 0.6086121777290181 0.17852522639068563 0.21228743828853539 0.19404915912031048
11 0.6069665386725178 0.4482535575679172 0.21228743828853539 0.2729624838292367
12 0.6066922654964344 0.7018111254851229 0.21283598464070214 0.3350582147477361
2 0.8236423477783873 0.1998706338939198 0.21777290181020295 0.39715394566623546
3 0.824190894130554 0.39197930142302717 0.21448162369720242 0.4579560155239327
4 0.821996708721887 0.6151358344113842 0.21557871640153592 0.24191461836998707