0 0.8158182813355227 0.8314028314028314 0.2140120415982485 0.18018018018018017
1 0.8144499178981938 0.6158301158301158 0.2112753147235906 0.2277992277992278
5 0.8180076628352491 0.36164736164736166 0.21510673234811165 0.1981981981981982
6 0.6067323481116584 0.824967824967825 0.21620142309797483 0.19305019305019305
7 0.608648056923919 0.6029601029601029 0.21018062397372742 0.1583011583011583
8 0.6070060207991242 0.38803088803088803 0.2134646962233169 0.1994851994851995
9 0.49835796387520526 0.1731016731016731 0.8511220580186097 0.22265122265122264
10 0.3946360153256705 0.8043758043758044 0.2134646962233169 0.22393822393822393
11 0.3949096880131363 0.5624195624195624 0.210727969348659 0.2471042471042471
12 0.39655172413793105 0.37773487773487774 0.20963327859879585 0.18404118404118405
2 0.17952928297755885 0.8404118404118404 0.22112753147235906 0.1776061776061776
3 0.17952928297755885 0.6280566280566281 0.21784345922276957 0.19305019305019305
4 0.180623973727422 0.41763191763191765 0.21565407772304324 0.25096525096525096