0 0.17854113655640375 0.1781609195402299 0.21458863443596268 0.18007662835249041
1 0.179813401187447 0.3946360153256705 0.21374045801526717 0.14942528735632185
5 0.18193384223918574 0.6388888888888888 0.21458863443596268 0.19731800766283525
6 0.3905852417302799 0.1781609195402299 0.21119592875318066 0.1724137931034483
7 0.3914334181509754 0.3975095785440613 0.21119592875318066 0.15900383141762453
8 0.3927056827820187 0.6350574712643678 0.21034775233248515 0.16666666666666666
9 0.5021204410517388 0.8687739463601533 0.8515691263782866 0.17049808429118773
10 0.6022052586938084 0.18582375478927204 0.21204410517387617 0.18773946360153257
11 0.6039016115351993 0.44157088122605365 0.2154368108566582 0.25862068965517243
12 0.6064461407972859 0.685823754789272 0.2154368108566582 0.25287356321839083
2 0.8176420695504665 0.15134099616858238 0.2205258693808312 0.30268199233716475
3 0.8193384223918575 0.3486590038314176 0.2222222222222222 0.36015325670498083
4 0.8210347752332485 0.5977011494252874 0.2205258693808312 0.25287356321839083