0 0.8167855183763028 0.8318240620957309 0.2106417992320351 0.1888745148771022
1 0.8134942402633023 0.5899094437257438 0.21173889193636863 0.18111254851228978
5 0.8148656061437192 0.3648124191461837 0.21228743828853539 0.1888745148771022
6 0.6042238069116841 0.8260025873221216 0.21228743828853539 0.18240620957309184
7 0.6083379045529347 0.6028460543337646 0.2106417992320351 0.15782664941785252
8 0.6072408118486012 0.36610608020698576 0.2095447065277016 0.16558861578266496
9 0.49808008776741636 0.13260025873221215 0.8524410312671421 0.17205692108667528
10 0.3913878222709819 0.8214747736093143 0.21228743828853539 0.19404915912031048
11 0.3930334613274822 0.5517464424320828 0.21228743828853539 0.2729624838292367
12 0.39330773450356554 0.2981888745148771 0.21283598464070214 0.3350582147477361
2 0.17635765222161273 0.8001293661060802 0.21777290181020295 0.39715394566623546
3 0.17580910586944598 0.6080206985769728 0.21448162369720242 0.4579560155239327
4 0.178003291278113 0.3848641655886158 0.21557871640153592 0.24191461836998707