0 0.8212765957446808 0.17904761904761904 0.214468085106383 0.17904761904761904
1 0.82 0.3952380952380952 0.21361702127659574 0.15047619047619049
5 0.8178723404255319 0.6390476190476191 0.214468085106383 0.1961904761904762
6 0.6068085106382979 0.17238095238095238 0.214468085106383 0.1657142857142857
7 0.6063829787234043 0.40095238095238095 0.2153191489361702 0.1580952380952381
8 0.6042553191489362 0.6323809523809524 0.214468085106383 0.16380952380952382
9 0.4978723404255319 0.8685714285714285 0.851063829787234 0.17142857142857143
10 0.39404255319148934 0.1761904761904762 0.2127659574468085 0.17333333333333334
11 0.394468085106383 0.4066666666666667 0.21361702127659574 0.17714285714285713
12 0.3923404255319149 0.6495238095238095 0.2093617021276596 0.2057142857142857
2 0.18 0.17047619047619048 0.2204255319148936 0.18476190476190477
3 0.17872340425531916 0.3923809523809524 0.22127659574468084 0.1980952380952381
4 0.1774468085106383 0.6266666666666667 0.2204255319148936 0.18285714285714286