0 0.8196489241223103 0.1452020202020202 0.21574178935447338 0.2398989898989899
1 0.8196489241223103 0.39457070707070707 0.21347678369195924 0.15025252525252525
5 0.8173839184597962 0.639520202020202 0.2146092865232163 0.19570707070707072
6 0.6058890147225368 0.19255050505050506 0.21064552661381652 0.2032828282828283
7 0.6084371460928653 0.3970959595959596 0.210079275198188 0.15782828282828282
8 0.6070215175537939 0.6357323232323232 0.20951302378255945 0.16540404040404041
9 0.49773499433748586 0.8686868686868687 0.8516421291053228 0.1717171717171717
10 0.39552661381653453 0.20517676767676768 0.210079275198188 0.2361111111111111
11 0.3969422423556059 0.47095959595959597 0.21177802944507362 0.30808080808080807
12 0.3969422423556059 0.6938131313131313 0.21064552661381652 0.2638888888888889
2 0.1823329558323896 0.20833333333333334 0.21630804077010193 0.2702020202020202
3 0.18204983012457532 0.3731060606060606 0.21687429218573046 0.29419191919191917
4 0.18289920724801811 0.6047979797979798 0.21177802944507362 0.25757575757575757