0 0.815068493150685 0.8329032258064516 0.21534246575342467 0.18451612903225806
1 0.8161643835616438 0.603225806451613 0.21753424657534245 0.16903225806451613
5 0.8178082191780822 0.36258064516129035 0.21424657534246574 0.19612903225806452
6 0.6098630136986302 0.8225806451612904 0.2104109589041096 0.17419354838709677
7 0.609041095890411 0.603225806451613 0.21095890410958903 0.15870967741935485
8 0.6043835616438357 0.3632258064516129 0.2147945205479452 0.1870967741935484
9 0.4983561643835616 0.13225806451612904 0.852054794520548 0.17161290322580644
10 0.39534246575342463 0.807741935483871 0.21534246575342467 0.20903225806451614
11 0.3934246575342466 0.5064516129032258 0.2158904109589041 0.43483870967741933
12 0.3920547945205479 0.2761290322580645 0.21643835616438356 0.44129032258064516
2 0.18136986301369862 0.7909677419354839 0.22027397260273973 0.29419354838709677
3 0.1778082191780822 0.5735483870967742 0.21643835616438356 0.19483870967741934
4 0.17616438356164382 0.36258064516129035 0.21972602739726027 0.15483870967741936