0 0.8135593220338984 0.8284061696658098 0.21541826134499725 0.17095115681233933
1 0.8132859486057955 0.5983290488431876 0.21159103335155824 0.17095115681233933
5 0.8171131765992345 0.36311053984575836 0.21377802077638053 0.16066838046272494
6 0.6006014215418262 0.8194087403598972 0.21049753963914708 0.17609254498714652
7 0.6044286495352652 0.5983290488431876 0.21377802077638053 0.16838046272493573
8 0.6049753963914708 0.36503856041131105 0.21377802077638053 0.15681233933161953
9 0.4980863860032805 0.13174807197943444 0.8518316019682887 0.17095115681233933
10 0.3909240021869874 0.7937017994858612 0.20885729907053036 0.21979434447300772
11 0.39311098961180974 0.5713367609254498 0.2121377802077638 0.2120822622107969
12 0.39283761618370694 0.35025706940874035 0.21377802077638053 0.19408740359897173
2 0.17960634226353198 0.8541131105398457 0.2192454893384363 0.17095115681233933
3 0.18042646254784034 0.6086118251928021 0.2197922361946419 0.2120822622107969
4 0.18069983597594313 0.37146529562982006 0.2214324767632586 0.17737789203084833