0 0.17826825127334464 0.17904761904761904 0.21392190152801357 0.17904761904761904
1 0.1799660441426146 0.3952380952380952 0.21392190152801357 0.15047619047619049
5 0.18208828522920203 0.6390476190476191 0.21477079796264856 0.1961904761904762
6 0.3921901528013582 0.16952380952380952 0.21392190152801357 0.1523809523809524
7 0.3934634974533107 0.4142857142857143 0.21477079796264856 0.2038095238095238
8 0.3968590831918506 0.6333333333333333 0.21307300509337862 0.1580952380952381
9 0.5021222410865874 0.8685714285714285 0.8514431239388794 0.17142857142857143
10 0.6052631578947368 0.18666666666666668 0.21222410865874364 0.18666666666666668
11 0.6073853989813243 0.4238095238095238 0.21137521222410866 0.21523809523809523
12 0.6078098471986417 0.66 0.21222410865874364 0.23809523809523808
2 0.8196095076400679 0.1742857142857143 0.2164685908319185 0.21904761904761905
3 0.8196095076400679 0.379047619047619 0.2164685908319185 0.24761904761904763
4 0.8213073005093379 0.6161904761904762 0.2164685908319185 0.22285714285714286