0 0.18346545866364666 0.836489898989899 0.2129105322763307 0.16035353535353536
1 0.1803510758776897 0.6054292929292929 0.21347678369195924 0.15025252525252525
5 0.18261608154020384 0.36047979797979796 0.2146092865232163 0.19570707070707072
6 0.39552661381653453 0.8156565656565656 0.21121177802944507 0.18434343434343434
7 0.39354473386183464 0.5940656565656566 0.2129105322763307 0.17803030303030304
8 0.3929784824462061 0.36426767676767674 0.20951302378255945 0.16540404040404041
9 0.5022650056625142 0.13131313131313133 0.8516421291053228 0.1717171717171717
10 0.6061721404303511 0.8143939393939394 0.2089467723669309 0.17676767676767677
11 0.605039637599094 0.5763888888888888 0.21121177802944507 0.2159090909090909
12 0.6036240090600227 0.3768939393939394 0.20951302378255945 0.1830808080808081
2 0.8190826727066818 0.8289141414141414 0.21687429218573046 0.16035353535353536
3 0.8168176670441676 0.6003787878787878 0.21347678369195924 0.15782828282828282
4 0.8173839184597962 0.36363636363636365 0.21121177802944507 0.1691919191919192