0 0.17865232163080408 0.17974683544303796 0.2146092865232163 0.17974683544303796
1 0.1803510758776897 0.39556962025316456 0.21347678369195924 0.15063291139240506
5 0.18261608154020384 0.6386075949367088 0.2146092865232163 0.1962025316455696
6 0.39071347678369195 0.17848101265822786 0.21064552661381652 0.17468354430379746
7 0.39156285390713474 0.3968354430379747 0.210079275198188 0.15822784810126583
8 0.3929784824462061 0.6354430379746835 0.20951302378255945 0.1670886075949367
9 0.5022650056625142 0.8683544303797468 0.8516421291053228 0.17215189873417722
10 0.6016421291053228 0.17468354430379746 0.21234428086070214 0.17215189873417722
11 0.6024915062287656 0.43481012658227847 0.21064552661381652 0.23417721518987342
12 0.6036240090600227 0.6234177215189873 0.20951302378255945 0.18354430379746836
2 0.8159682899207248 0.15126582278481013 0.21857304643261607 0.20126582278481012
3 0.8165345413363534 0.37341772151898733 0.21857304643261607 0.20253164556962025
4 0.8165345413363534 0.6050632911392405 0.21970554926387317 0.19240506329113924