0 0.8148656061437192 0.17567567567567569 0.21448162369720242 0.148005148005148
1 0.814042786615469 0.4086229086229086 0.21503017004936917 0.16087516087516088
5 0.8134942402633023 0.6267696267696268 0.2106417992320351 0.15958815958815958
6 0.605595172792101 0.18018018018018017 0.2095447065277016 0.19047619047619047
7 0.6086121777290181 0.39703989703989706 0.21119034558420186 0.1583011583011583
8 0.6075150850246845 0.6344916344916345 0.21009325287986835 0.16731016731016732
9 0.49808008776741636 0.868082368082368 0.8513439385628085 0.17117117117117117
10 0.3938562808557323 0.17567567567567569 0.21393307734503567 0.18404118404118405
11 0.39577619308831596 0.4157014157014157 0.21119034558420186 0.19305019305019305
12 0.3938562808557323 0.6422136422136422 0.21173889193636863 0.18532818532818532
2 0.1804717498628634 0.17631917631917632 0.21941854086670323 0.19305019305019305
3 0.17910038398244651 0.4086229086229086 0.21886999451453648 0.1891891891891892
4 0.18102029621503016 0.6332046332046332 0.22051563357103676 0.17245817245817247