0 0.8214285714285714 0.1781609195402299 0.21428571428571427 0.18007662835249041
1 0.8201530612244898 0.38409961685823757 0.2151360544217687 0.22030651340996169
5 0.8176020408163265 0.6388888888888888 0.2151360544217687 0.19731800766283525
6 0.6062925170068028 0.1752873563218391 0.21598639455782312 0.19348659003831417
7 0.6084183673469388 0.3975095785440613 0.2100340136054422 0.15900383141762453
8 0.60671768707483 0.6130268199233716 0.21343537414965985 0.19923371647509577
9 0.49787414965986393 0.8275862068965517 0.8511904761904762 0.2222222222222222
10 0.39413265306122447 0.19636015325670497 0.21343537414965985 0.22413793103448276
11 0.3945578231292517 0.43773946360153254 0.2108843537414966 0.2471264367816092
12 0.39625850340136054 0.6226053639846744 0.20918367346938777 0.1839080459770115
2 0.179421768707483 0.15996168582375478 0.22108843537414966 0.1781609195402299
3 0.179421768707483 0.3726053639846743 0.21768707482993196 0.19348659003831417
4 0.18027210884353742 0.5833333333333334 0.21598639455782312 0.2509578544061303