0 0.8215802888700084 0.8206106870229007 0.2141036533559898 0.17938931297709923
1 0.8198810535259133 0.6059160305343512 0.2141036533559898 0.15076335877862596
5 0.8177570093457944 0.3616412213740458 0.21495327102803738 0.1965648854961832
6 0.6096006796941377 0.8215648854961832 0.21155480033984708 0.1736641221374046
7 0.6083262531860663 0.6020992366412213 0.2107051826677995 0.15839694656488548
8 0.607051826677995 0.3654580152671756 0.20985556499575192 0.16603053435114504
9 0.49787595581988103 0.1316793893129771 0.8513169073916738 0.1717557251908397
10 0.39847068819031434 0.8263358778625954 0.21240441801189464 0.1717557251908397
11 0.39422259983007646 0.5734732824427481 0.2141036533559898 0.23473282442748092
12 0.3963466440101954 0.37786259541984735 0.20985556499575192 0.183206106870229
2 0.18054375531011044 0.8606870229007634 0.22005097706032287 0.22519083969465647
3 0.1784197111299915 0.6335877862595419 0.21750212404418012 0.2366412213740458
4 0.1788445199660153 0.3845419847328244 0.21665250637213254 0.21564885496183206