0 0.8147945205479452 0.8305304010349288 0.2136986301369863 0.17076326002587322
1 0.8161643835616438 0.5996119016817594 0.21753424657534245 0.15135834411384216
5 0.8158904109589041 0.3602846054333765 0.2136986301369863 0.16170763260025872
6 0.6024657534246576 0.8195342820181113 0.21095890410958903 0.1927554980595084
7 0.6035616438356164 0.5957309184993532 0.21095890410958903 0.17981888745148772
8 0.6073972602739726 0.3654592496765847 0.21095890410958903 0.16688227684346701
9 0.4980821917808219 0.13195342820181113 0.8526027397260274 0.17076326002587322
10 0.3915068493150685 0.8182406209573092 0.21095890410958903 0.17981888745148772
11 0.39616438356164385 0.5840879689521346 0.2115068493150685 0.1927554980595084
12 0.393972602739726 0.351228978007762 0.2104109589041096 0.22897800776196636
2 0.1756164383561644 0.814359637774903 0.21753424657534245 0.2755498059508409
3 0.17726027397260274 0.5860284605433377 0.21972602739726027 0.23544631306597671
4 0.18301369863013697 0.3648124191461837 0.2115068493150685 0.16817593790426907