0 0.8160919540229885 0.8326898326898327 0.2134646962233169 0.15958815958815958
1 0.8155446086480569 0.6029601029601029 0.2134646962233169 0.15057915057915058
5 0.8152709359605911 0.37194337194337196 0.21291735084838534 0.1776061776061776
6 0.6059113300492611 0.8346203346203346 0.21237000547345375 0.16344916344916344
7 0.608648056923919 0.6029601029601029 0.2112753147235906 0.1583011583011583
8 0.6075533661740559 0.3655083655083655 0.21018062397372742 0.16731016731016732
9 0.49808429118773945 0.13191763191763192 0.8516694033935414 0.17117117117117117
10 0.39408866995073893 0.832046332046332 0.2112753147235906 0.1583011583011583
11 0.3957307060755337 0.5842985842985843 0.2112753147235906 0.19305019305019305
12 0.3943623426382047 0.36036036036036034 0.21291735084838534 0.18018018018018017
2 0.180623973727422 0.8307593307593307 0.21784345922276957 0.20463320463320464
3 0.1811713191023536 0.5875160875160875 0.21784345922276957 0.1891891891891892
4 0.17925561029009304 0.3590733590733591 0.21729611384783798 0.1879021879021879