0 0.18780754510661563 0.16709346991037133 0.21377802077638053 0.16261203585147246
1 0.18698742482230726 0.3905249679897567 0.21432476763258612 0.18181818181818182
5 0.18726079825041006 0.6331626120358514 0.21159103335155824 0.17541613316261204
6 0.3993985784581739 0.17861715749039692 0.20940404592673592 0.19590268886043533
7 0.3972115910333516 0.4001280409731114 0.21049753963914708 0.1523687580025608
8 0.3993985784581739 0.6395646606914213 0.21159103335155824 0.17285531370038412
9 0.5065609622744669 0.8559539052496798 0.8523783488244943 0.22919334186939821
10 0.6088026243849098 0.18373879641485275 0.20940404592673592 0.20358514724711907
11 0.6093493712411153 0.44046094750320103 0.21159103335155824 0.22535211267605634
12 0.6096227446692182 0.6536491677336748 0.2121377802077638 0.21382842509603073
2 0.8198469108802624 0.1587708066581306 0.2192454893384363 0.1997439180537772
3 0.8209404045926736 0.34827144686299616 0.217058501913614 0.24839948783610755
4 0.8231273920174959 0.5825864276568502 0.21596500820120285 0.26888604353393086