0 0.178631995477671 0.17947103274559195 0.21481062747314866 0.1801007556675063
1 0.18032786885245902 0.39483627204030225 0.21368004522328998 0.14987405541561713
5 0.18258903335217638 0.639168765743073 0.21481062747314866 0.1952141057934509
6 0.390616167326173 0.17884130982367757 0.21141888072357265 0.17380352644836272
7 0.39174674957603167 0.3973551637279597 0.21028829847371397 0.1574307304785894
8 0.393159977388355 0.6353904282115869 0.20972300734878463 0.16498740554156172
9 0.5022611644997174 0.8690176322418136 0.8518937252685133 0.1712846347607053
10 0.6017524024872809 0.17443324937027707 0.211984171848502 0.172544080604534
11 0.603448275862069 0.43828715365239296 0.211984171848502 0.24433249370277077
12 0.605144149236857 0.6756926952141058 0.211984171848502 0.2304785894206549
2 0.8185415488976823 0.18513853904282115 0.22272470322215943 0.23173803526448364
3 0.8191068400226117 0.3998740554156171 0.22159412097230075 0.23299748110831234
4 0.8191068400226117 0.6316120906801007 0.2182023742227247 0.22795969773299748