0 0.8136612021857923 0.8236808236808236 0.21420765027322405 0.18018018018018017
1 0.8139344262295082 0.5933075933075933 0.21256830601092896 0.19047619047619047
5 0.8153005464480875 0.36293436293436293 0.21530054644808744 0.18532818532818532
6 0.6027322404371585 0.8191763191763192 0.21092896174863388 0.1969111969111969
7 0.6054644808743169 0.5933075933075933 0.21311475409836064 0.15958815958815958
8 0.6019125683060109 0.3661518661518662 0.2103825136612022 0.15315315315315314
9 0.49808743169398906 0.13191763191763192 0.8508196721311475 0.17117117117117117
10 0.3912568306010929 0.8243243243243243 0.21202185792349726 0.1866151866151866
11 0.3918032786885246 0.5791505791505791 0.21311475409836064 0.2187902187902188
12 0.3918032786885246 0.3507078507078507 0.21311475409836064 0.1994851994851995
2 0.17677595628415302 0.862934362934363 0.21693989071038253 0.23294723294723294
3 0.1773224043715847 0.646074646074646 0.2180327868852459 0.2651222651222651
4 0.17950819672131146 0.39510939510939513 0.21693989071038253 0.25997425997426