0 0.18208828522920203 0.17333333333333334 0.21307300509337862 0.18285714285714286
1 0.18463497453310695 0.40285714285714286 0.21477079796264856 0.17714285714285713
5 0.18548387096774194 0.6371428571428571 0.20967741935483872 0.19238095238095237
6 0.3934634974533107 0.17523809523809525 0.21307300509337862 0.17142857142857143
7 0.39473684210526316 0.40190476190476193 0.21392190152801357 0.1676190476190476
8 0.39261460101867574 0.6352380952380953 0.20967741935483872 0.1657142857142857
9 0.5067911714770797 0.8628571428571429 0.8539898132427843 0.21333333333333335
10 0.6069609507640068 0.16666666666666666 0.21222410865874364 0.17333333333333334
11 0.6065365025466893 0.42 0.2164685908319185 0.20761904761904762
12 0.6039898132427843 0.6228571428571429 0.20967741935483872 0.18285714285714286
2 0.8204584040747029 0.17333333333333334 0.2198641765704584 0.3314285714285714
3 0.8208828522920204 0.3761904761904762 0.21901528013582344 0.2914285714285714
4 0.8213073005093379 0.6628571428571428 0.21816638370118846 0.2742857142857143