0 0.18162574089754446 0.1765267175572519 0.21422523285351397 0.16984732824427481
1 0.18374259102455545 0.4036259541984733 0.21337849280270957 0.15839694656488548
5 0.18585944115156647 0.642175572519084 0.21422523285351397 0.17748091603053434
6 0.3933107535986452 0.17938931297709923 0.21083827265029637 0.17557251908396945
7 0.3916172734970364 0.3979007633587786 0.21083827265029637 0.15839694656488548
8 0.3988145639288738 0.6402671755725191 0.20999153259949196 0.16221374045801526
9 0.502116850127011 0.8683206106870229 0.8518204911092294 0.1717557251908397
10 0.6049957662997459 0.17461832061068702 0.21253175275190517 0.16984732824427481
11 0.6041490262489416 0.4169847328244275 0.21083827265029637 0.19274809160305342
12 0.6096528365791702 0.6479007633587787 0.20999153259949196 0.19274809160305342
2 0.8187976291278577 0.1431297709923664 0.2218458933107536 0.2366412213740458
3 0.8196443691786621 0.3788167938931298 0.21845893310753597 0.18893129770992367
4 0.8230313293818797 0.6221374045801527 0.21845893310753597 0.16793893129770993