0 0.1782065834279228 0.8207070707070707 0.21452894438138478 0.17929292929292928
1 0.18047673098751418 0.6054292929292929 0.2133938706015891 0.15025252525252525
5 0.18274687854710556 0.36047979797979796 0.21452894438138478 0.19570707070707072
6 0.39074914869466515 0.8213383838383839 0.21169125993189558 0.17297979797979798
7 0.391316685584563 0.6029040404040404 0.2105561861520999 0.15782828282828282
8 0.3930192962542565 0.36426767676767674 0.2105561861520999 0.16540404040404041
9 0.5025539160045402 0.13131313131313133 0.8518728717366629 0.1717171717171717
10 0.6021566401816119 0.8257575757575758 0.2122587968217934 0.1717171717171717
11 0.6044267877412032 0.5820707070707071 0.21112372304199772 0.19444444444444445
12 0.604994324631101 0.34785353535353536 0.21112372304199772 0.21843434343434343
2 0.8172531214528944 0.8244949494949495 0.21906923950056753 0.23484848484848486
3 0.8175368898978433 0.6193181818181818 0.2185017026106697 0.22348484848484848
4 0.8183881952326901 0.3838383838383838 0.22020431328036322 0.20707070707070707