0 0.1784197111299915 0.1781609195402299 0.2141036533559898 0.18007662835249041
1 0.1822429906542056 0.4051724137931034 0.21325403568394222 0.15134099616858238
5 0.1822429906542056 0.6388888888888888 0.21495327102803738 0.19731800766283525
6 0.39422259983007646 0.1781609195402299 0.21580288870008496 0.1724137931034483
7 0.39422259983007646 0.40804597701149425 0.21240441801189464 0.16091954022988506
8 0.3929481733220051 0.6350574712643678 0.20985556499575192 0.16666666666666666
9 0.5021240441801189 0.8687739463601533 0.8513169073916738 0.17049808429118773
10 0.607051826677995 0.17911877394636017 0.21325403568394222 0.1781609195402299
11 0.607051826677995 0.45306513409961685 0.21155480033984708 0.25862068965517243
12 0.6066270178419712 0.6848659003831418 0.21240441801189464 0.23180076628352492
2 0.822429906542056 0.1752873563218391 0.21750212404418012 0.23180076628352492
3 0.8198810535259133 0.3994252873563218 0.21750212404418012 0.15900383141762453
4 0.8198810535259133 0.6360153256704981 0.22090059473237042 0.17624521072796934