0 0.8183742591024555 0.1765267175572519 0.21422523285351397 0.16984732824427481
1 0.8162574089754445 0.4036259541984733 0.21337849280270957 0.15839694656488548
5 0.8141405588484335 0.642175572519084 0.21422523285351397 0.17748091603053434
6 0.6066892464013548 0.17938931297709923 0.21083827265029637 0.17557251908396945
7 0.6083827265029635 0.3979007633587786 0.21083827265029637 0.15839694656488548
8 0.6011854360711262 0.6402671755725191 0.20999153259949196 0.16221374045801526
9 0.497883149872989 0.8683206106870229 0.8518204911092294 0.1717557251908397
10 0.395004233700254 0.17461832061068702 0.21253175275190517 0.16984732824427481
11 0.39585097375105843 0.4169847328244275 0.21083827265029637 0.19274809160305342
12 0.3903471634208298 0.6479007633587787 0.20999153259949196 0.19274809160305342
2 0.18120237087214225 0.1431297709923664 0.2218458933107536 0.2366412213740458
3 0.18035563082133785 0.3788167938931298 0.21845893310753597 0.18893129770992367
4 0.17696867061812024 0.6221374045801527 0.21845893310753597 0.16793893129770993