0 0.18193384223918574 0.8368320610687023 0.21289228159457166 0.16221374045801526
1 0.179813401187447 0.6059160305343512 0.21374045801526717 0.15076335877862596
5 0.18193384223918574 0.3616412213740458 0.21458863443596268 0.1965648854961832
6 0.3931297709923664 0.8311068702290076 0.21458863443596268 0.17748091603053434
7 0.3914334181509754 0.6020992366412213 0.21119592875318066 0.15839694656488548
8 0.3927056827820187 0.3654580152671756 0.21034775233248515 0.16603053435114504
9 0.5021204410517388 0.1316793893129771 0.8515691263782866 0.1717557251908397
10 0.6060220525869381 0.8234732824427481 0.21628498727735368 0.17748091603053434
11 0.6072943172179813 0.5982824427480916 0.2171331636980492 0.16603053435114504
12 0.6064461407972859 0.35877862595419846 0.2154368108566582 0.1946564885496183
2 0.8223070398642918 0.8349236641221374 0.22137404580152673 0.16984732824427481
3 0.816793893129771 0.6001908396946565 0.21374045801526717 0.15839694656488548
4 0.821882951653944 0.366412213740458 0.21374045801526717 0.1717557251908397