0 0.18351741716227699 0.16379310344827586 0.2141036533559898 0.1743295019157088
1 0.18436703483432457 0.4003831417624521 0.2107051826677995 0.16475095785440613
5 0.18479184367034834 0.6331417624521073 0.21155480033984708 0.1781609195402299
6 0.39507221750212407 0.17911877394636017 0.2107051826677995 0.17049808429118773
7 0.39507221750212407 0.40804597701149425 0.2107051826677995 0.16091954022988506
8 0.39507221750212407 0.6340996168582376 0.2107051826677995 0.16475095785440613
9 0.5021240441801189 0.8687739463601533 0.8513169073916738 0.17049808429118773
10 0.607051826677995 0.18007662835249041 0.21155480033984708 0.18007662835249041
11 0.6074766355140186 0.446360153256705 0.2107051826677995 0.2413793103448276
12 0.6062022090059473 0.6800766283524904 0.21325403568394222 0.2567049808429119
2 0.8220050977060323 0.1743295019157088 0.2183517417162277 0.2835249042145594
3 0.8220050977060323 0.3735632183908046 0.2183517417162277 0.31417624521072796
4 0.822429906542056 0.5977011494252874 0.21920135938827529 0.2950191570881226