0 0.1858939311098961 0.1718146718146718 0.21432476763258612 0.16087516087516088
1 0.18562055768179334 0.40025740025740025 0.21377802077638053 0.15186615186615188
5 0.1820667031164571 0.6383526383526383 0.21541826134499725 0.1956241956241956
6 0.3983050847457627 0.1821106821106821 0.21049753963914708 0.18404118404118405
7 0.3983050847457627 0.40025740025740025 0.21159103335155824 0.14414414414414414
8 0.3961180973209404 0.6351351351351351 0.21268452706396937 0.15057915057915058
9 0.5054674685620558 0.8526383526383526 0.8545653362493165 0.148005148005148
10 0.6068890103881903 0.17824967824967825 0.21104428649535265 0.17117117117117117
11 0.6036085292509568 0.4163449163449163 0.21104428649535265 0.19433719433719435
12 0.6082558775287042 0.6184041184041184 0.21159103335155824 0.24066924066924067
2 0.8157463094587206 0.14993564993564992 0.21869874248223073 0.20205920205920205
3 0.8195735374521597 0.38481338481338484 0.21760524876981957 0.19305019305019305
4 0.8212137780207763 0.6145431145431145 0.21760524876981957 0.1866151866151866