0 0.18493150684931506 0.17011642949547218 0.21534246575342467 0.17464424320827943
1 0.18246575342465754 0.39909443725743854 0.2158904109589041 0.16429495472186287
5 0.1821917808219178 0.6377749029754204 0.21534246575342467 0.19663648124191463
6 0.38986301369863013 0.17787839586028462 0.21095890410958903 0.17464424320827943
7 0.39123287671232876 0.39715394566623546 0.2104109589041096 0.15782664941785252
8 0.3926027397260274 0.6338939197930142 0.20876712328767122 0.16558861578266496
9 0.5019178082191781 0.8673997412677878 0.8515068493150685 0.17205692108667528
10 0.6013698630136987 0.17270375161707632 0.21205479452054796 0.17205692108667528
11 0.6038356164383561 0.4230271668822768 0.21698630136986302 0.2147477360931436
12 0.6046575342465753 0.6526520051746443 0.21205479452054796 0.20827943078913325
2 0.8178082191780822 0.14165588615782665 0.22082191780821916 0.23415265200517466
3 0.8180821917808219 0.37322121604139713 0.21698630136986302 0.2445019404915912
4 0.8194520547945205 0.6274256144890039 0.21972602739726027 0.2095730918499353