0 0.821347678369196 0.8207070707070707 0.2146092865232163 0.17929292929292928
1 0.8196489241223103 0.6054292929292929 0.21347678369195924 0.15025252525252525
5 0.8173839184597962 0.36047979797979796 0.2146092865232163 0.19570707070707072
6 0.609286523216308 0.8213383838383839 0.21064552661381652 0.17297979797979798
7 0.6084371460928653 0.6029040404040404 0.210079275198188 0.15782828282828282
8 0.6070215175537939 0.36426767676767674 0.20951302378255945 0.16540404040404041
9 0.5014156285390714 0.14583333333333334 0.8510758776896942 0.19318181818181818
10 0.3983578708946772 0.8257575757575758 0.21234428086070214 0.1717171717171717
11 0.39750849377123443 0.5707070707070707 0.2129105322763307 0.2803030303030303
12 0.3969422423556059 0.3712121212121212 0.21064552661381652 0.22474747474747475
2 0.18063420158550397 0.8775252525252525 0.21857304643261607 0.2398989898989899
3 0.18091732729331822 0.6654040404040404 0.21800679501698755 0.29545454545454547
4 0.18346545866364666 0.39204545454545453 0.217440543601359 0.22853535353535354