0 0.8215697346132129 0.8212045169385195 0.21456804065499718 0.1794228356336261
1 0.8198757763975155 0.6047678795483061 0.2134387351778656 0.15056461731493098
5 0.8176171654432524 0.3607277289836888 0.21456804065499718 0.19698870765370138
6 0.6092603049124788 0.821831869510665 0.2111801242236025 0.17314930991217065
7 0.6084133258046301 0.6022584692597239 0.2106154714850367 0.15809284818067754
8 0.6070016939582157 0.3644918444165621 0.2100508187464709 0.1668757841907152
9 0.4977413890457369 0.13111668757841907 0.8520609824957651 0.17189460476787954
10 0.3966685488424619 0.8067754077791719 0.20948616600790515 0.205771643663739
11 0.3958215697346132 0.5771643663739021 0.2111801242236025 0.20828105395232122
12 0.3961038961038961 0.37703889585947303 0.20948616600790515 0.18444165621079048
2 0.18464144551101072 0.8293601003764115 0.21682665160926032 0.1656210790464241
3 0.18294748729531338 0.5997490589711418 0.2134387351778656 0.15809284818067754
4 0.18238283455674761 0.36386449184441655 0.2111801242236025 0.17063989962358847