0 0.815199562602515 0.16559691912708602 0.21104428649535265 0.14890885750962773
1 0.8149261891744123 0.3908857509627728 0.21268452706396937 0.16046213093709885
5 0.8160196828868234 0.6354300385109114 0.21377802077638053 0.17715019255455713
6 0.6098961180973209 0.1777920410783055 0.21159103335155824 0.17329910141206675
7 0.608529250956807 0.39730423620025673 0.21104428649535265 0.15789473684210525
8 0.6052487698195735 0.631578947368421 0.2121377802077638 0.16944801026957637
9 0.49671951886276655 0.8498074454428755 0.8556588299617277 0.16174582798459564
10 0.3988518316019683 0.17329910141206675 0.21268452706396937 0.17201540436456997
11 0.3961180973209404 0.4159178433889602 0.21049753963914708 0.1925545571245186
12 0.39311098961180974 0.6213093709884467 0.21323127392017496 0.21052631578947367
2 0.18124658283214873 0.13157894736842105 0.2214324767632586 0.22721437740693196
3 0.1793329688354292 0.37291399229781774 0.21760524876981957 0.18870346598202825
4 0.17823947512301805 0.616816431322208 0.21541826134499725 0.17329910141206675