0 0.17857142857142858 0.17938931297709923 0.21428571428571427 0.17938931297709923
1 0.179421768707483 0.39217557251908397 0.21598639455782312 0.20038167938931298
5 0.18239795918367346 0.6383587786259542 0.2151360544217687 0.1965648854961832
6 0.3903061224489796 0.1784351145038168 0.2108843537414966 0.1736641221374046
7 0.39158163265306123 0.3979007633587786 0.2100340136054422 0.15839694656488548
8 0.39540816326530615 0.6297709923664122 0.21258503401360543 0.183206106870229
9 0.502125850340136 0.8683206106870229 0.8511904761904762 0.1717557251908397
10 0.6033163265306123 0.19083969465648856 0.21343537414965985 0.20610687022900764
11 0.6037414965986394 0.4169847328244275 0.2108843537414966 0.19274809160305342
12 0.6037414965986394 0.6221374045801527 0.20918367346938777 0.183206106870229
2 0.8159013605442177 0.14980916030534353 0.2185374149659864 0.20038167938931298
3 0.8197278911564626 0.3931297709923664 0.22108843537414966 0.183206106870229
4 0.8171768707482994 0.6364503816793893 0.2108843537414966 0.16984732824427481