0 0.1863013698630137 0.16301546391752578 0.2158904109589041 0.16881443298969073
1 0.18547945205479452 0.3962628865979381 0.21205479452054796 0.1481958762886598
5 0.1841095890410959 0.6262886597938144 0.2147945205479452 0.17783505154639176
6 0.3923287671232877 0.17332474226804123 0.2136986301369863 0.16881443298969073
7 0.39123287671232876 0.39690721649484534 0.2115068493150685 0.15721649484536082
8 0.39452054794520547 0.6365979381443299 0.2126027397260274 0.16752577319587628
9 0.5019178082191781 0.8672680412371134 0.8515068493150685 0.17268041237113402
10 0.606027397260274 0.1875 0.2136986301369863 0.18943298969072164
11 0.6041095890410959 0.40786082474226804 0.21643835616438356 0.23324742268041238
12 0.6043835616438357 0.6063144329896907 0.2136986301369863 0.2693298969072165
2 0.8224657534246576 0.13595360824742267 0.2191780821917808 0.24613402061855671
3 0.8194520547945205 0.38466494845360827 0.21753424657534245 0.18943298969072164
4 0.8191780821917808 0.6282216494845361 0.21698630136986302 0.18427835051546393