0 0.8150273224043716 0.8277634961439588 0.2103825136612022 0.17223650385604114
1 0.8150273224043716 0.602827763496144 0.21256830601092896 0.15938303341902313
5 0.8150273224043716 0.37467866323907456 0.21366120218579235 0.17609254498714652
6 0.6040983606557377 0.8290488431876607 0.21147540983606558 0.16709511568123395
7 0.6024590163934426 0.6015424164524421 0.21147540983606558 0.13624678663239073
8 0.6040983606557377 0.36696658097686374 0.21147540983606558 0.16838046272493573
9 0.49836065573770494 0.13174807197943444 0.8513661202185793 0.17095115681233933
10 0.3923497267759563 0.8187660668380463 0.21311475409836064 0.1953727506426735
11 0.3918032786885246 0.5649100257069408 0.21420765027322405 0.2480719794344473
12 0.39316939890710384 0.34061696658097684 0.21366120218579235 0.2210796915167095
2 0.17677595628415302 0.8348329048843187 0.2191256830601093 0.2120822622107969
3 0.17814207650273223 0.6137532133676092 0.21639344262295082 0.19151670951156813
4 0.17814207650273223 0.36889460154241643 0.21639344262295082 0.15681233933161953