0 0.8214588634435963 0.17877629063097514 0.21458863443596268 0.18164435946462715
1 0.8197625106022053 0.40344168260038243 0.2179813401187447 0.2447418738049713
5 0.8176420695504665 0.6367112810707457 0.2171331636980492 0.2294455066921606
6 0.6094147582697201 0.17877629063097514 0.21119592875318066 0.1739961759082218
7 0.6085665818490246 0.3967495219885277 0.21119592875318066 0.1586998087954111
8 0.6072943172179813 0.635755258126195 0.21034775233248515 0.16634799235181644
9 0.49703138252756573 0.8326959847036329 0.8481764206955047 0.24665391969407266
10 0.3977947413061917 0.19789674952198852 0.21204410517387617 0.2237093690248566
11 0.39567430025445294 0.44550669216061184 0.21289228159457166 0.2638623326959847
12 0.3944020356234097 0.652963671128107 0.21204410517387617 0.22753346080305928
2 0.18405428329092452 0.15009560229445507 0.21882951653944022 0.20076481835564053
3 0.183206106870229 0.39961759082217974 0.21374045801526717 0.15678776290630975
4 0.1806615776081425 0.6281070745697896 0.2205258693808312 0.15105162523900573