0 0.8220338983050848 0.8342911877394636 0.211864406779661 0.18199233716475097
1 0.8199152542372882 0.6053639846743295 0.21271186440677967 0.14942528735632185
5 0.8173728813559322 0.3611111111111111 0.21440677966101696 0.19731800766283525
6 0.6097457627118644 0.8218390804597702 0.21101694915254238 0.1724137931034483
7 0.6084745762711864 0.6024904214559387 0.21016949152542372 0.15900383141762453
8 0.6050847457627119 0.3620689655172414 0.211864406779661 0.15708812260536398
9 0.4978813559322034 0.13122605363984674 0.8516949152542372 0.17049808429118773
10 0.39661016949152544 0.8055555555555556 0.2135593220338983 0.22413793103448276
11 0.3961864406779661 0.5833333333333334 0.21101694915254238 0.19348659003831417
12 0.39576271186440676 0.3649425287356322 0.21525423728813559 0.22413793103448276
2 0.18389830508474575 0.8496168582375478 0.21864406779661016 0.20114942528735633
3 0.1788135593220339 0.6369731800766284 0.22203389830508474 0.21264367816091953
4 0.17923728813559323 0.3975095785440613 0.2211864406779661 0.2471264367816092