0 0.821347678369196 0.8202531645569621 0.2146092865232163 0.17974683544303796
1 0.8176670441676104 0.6164556962025316 0.2129105322763307 0.23037974683544304
5 0.8173839184597962 0.3613924050632911 0.2146092865232163 0.1962025316455696
6 0.609286523216308 0.8215189873417722 0.21064552661381652 0.17468354430379746
7 0.6084371460928653 0.6031645569620253 0.210079275198188 0.15822784810126583
8 0.6070215175537939 0.36455696202531646 0.20951302378255945 0.1670886075949367
9 0.49773499433748586 0.17848101265822786 0.853907134767837 0.2
10 0.39750849377123443 0.8018987341772152 0.2129105322763307 0.2139240506329114
11 0.39637599093997733 0.55 0.21177802944507362 0.2772151898734177
12 0.39637599093997733 0.35443037974683544 0.21177802944507362 0.25063291139240507
2 0.18261608154020384 0.8645569620253165 0.22140430351075877 0.2708860759493671
3 0.1823329558323896 0.670253164556962 0.22083805209513024 0.2670886075949367
4 0.18063420158550397 0.41265822784810124 0.217440543601359 0.26582278481012656