0 0.818490245971162 0.825381679389313 0.21374045801526717 0.16603053435114504
1 0.8146734520780322 0.5982824427480916 0.21289228159457166 0.16603053435114504
5 0.8180661577608143 0.3616412213740458 0.21458863443596268 0.1965648854961832
6 0.6094147582697201 0.8215648854961832 0.21119592875318066 0.1736641221374046
7 0.6039016115351993 0.6020992366412213 0.21204410517387617 0.1736641221374046
8 0.6072943172179813 0.3654580152671756 0.21034775233248515 0.16603053435114504
9 0.49151823579304493 0.14980916030534353 0.8558100084817643 0.1431297709923664
10 0.39525021204410515 0.8187022900763359 0.21374045801526717 0.18702290076335878
11 0.3948261238337574 0.5486641221374046 0.21458863443596268 0.2958015267175573
12 0.3905852417302799 0.3053435114503817 0.21119592875318066 0.2862595419847328
2 0.18108566581849025 0.851145038167939 0.22137404580152673 0.2900763358778626
3 0.178117048346056 0.6708015267175572 0.2154368108566582 0.2958015267175573
4 0.17854113655640375 0.42270992366412213 0.2196776929601357 0.2729007633587786