0 0.81859410430839 0.160126582278481 0.21541950113378686 0.20126582278481012
1 0.8197278911564626 0.39556962025316456 0.21315192743764172 0.15063291139240506
5 0.8174603174603174 0.6386075949367088 0.21428571428571427 0.1962025316455696
6 0.6054421768707483 0.18924050632911393 0.20975056689342403 0.20632911392405062
7 0.6085600907029478 0.3968354430379747 0.21031746031746032 0.15822784810126583
8 0.6071428571428571 0.6354430379746835 0.20975056689342403 0.1670886075949367
9 0.4977324263038549 0.8683544303797468 0.8514739229024944 0.17215189873417722
10 0.39654195011337867 0.1848101265822785 0.20691609977324263 0.17974683544303796
11 0.3956916099773243 0.4379746835443038 0.20861678004535147 0.24556962025316456
12 0.3959750566893424 0.6715189873417722 0.21031746031746032 0.2417721518987342
2 0.18055555555555555 0.16962025316455695 0.2205215419501134 0.22278481012658227
3 0.1822562358276644 0.3841772151898734 0.21825396825396826 0.21139240506329113
4 0.18310657596371882 0.6069620253164557 0.21541950113378686 0.20632911392405062