0 0.1782065834279228 0.820528967254408 0.21452894438138478 0.1801007556675063
1 0.1818955732122588 0.6221662468513854 0.21169125993189558 0.18639798488664988
5 0.18274687854710556 0.3608312342569269 0.21452894438138478 0.1952141057934509
6 0.39074914869466515 0.8211586901763224 0.21169125993189558 0.17380352644836272
7 0.391316685584563 0.6026448362720404 0.2105561861520999 0.1574307304785894
8 0.3952894438138479 0.3778337531486146 0.2105561861520999 0.1889168765743073
9 0.5039727582292849 0.1618387909319899 0.8501702610669694 0.172544080604534
10 0.6021566401816119 0.825566750629723 0.2122587968217934 0.172544080604534
11 0.6044267877412032 0.5818639798488665 0.21112372304199772 0.19395465994962216
12 0.60527809307605 0.3973551637279597 0.21282633371169127 0.23551637279596976
2 0.8166855845629966 0.8765743073047859 0.21906923950056753 0.24685138539042822
3 0.8183881952326901 0.6316120906801007 0.21906923950056753 0.2304785894206549
4 0.8195232690124858 0.4005037783375315 0.21679909194097616 0.21914357682619648