0 0.814042786615469 0.163860103626943 0.2161272627537027 0.1645077720207254
1 0.8137685134393856 0.4022020725388601 0.21557871640153592 0.17487046632124353
5 0.8181568842567197 0.6386010362694301 0.21448162369720242 0.19689119170984457
6 0.6083379045529347 0.18069948186528498 0.21173889193636863 0.16968911917098445
7 0.6086121777290181 0.3963730569948187 0.21119034558420186 0.15803108808290156
8 0.6075150850246845 0.6347150259067358 0.21009325287986835 0.16580310880829016
9 0.49972572682391664 0.8575129533678757 0.8535381239714755 0.23316062176165803
10 0.3935820076796489 0.17746113989637305 0.21448162369720242 0.17098445595854922
11 0.39577619308831596 0.4164507772020725 0.21119034558420186 0.1955958549222798
12 0.39687328579264947 0.655440414507772 0.21667580910586945 0.21502590673575128
2 0.178003291278113 0.1560880829015544 0.21777290181020295 0.30958549222797926
3 0.17827756445419637 0.35103626943005184 0.22051563357103676 0.29533678756476683
4 0.18019747668678004 0.5990932642487047 0.21886999451453648 0.23704663212435234