0 0.821368004522329 0.8207070707070707 0.21481062747314866 0.17929292929292928
1 0.819672131147541 0.6054292929292929 0.21368004522328998 0.15025252525252525
5 0.8174109666478236 0.36047979797979796 0.21481062747314866 0.19570707070707072
6 0.609383832673827 0.8213383838383839 0.21141888072357265 0.17297979797979798
7 0.6082532504239684 0.6029040404040404 0.21028829847371397 0.15782828282828282
8 0.606840022611645 0.36426767676767674 0.20972300734878463 0.16540404040404041
9 0.49773883550028264 0.13131313131313133 0.8518937252685133 0.1717171717171717
10 0.39768230638778973 0.7973484848484849 0.211984171848502 0.22095959595959597
11 0.3968343697003957 0.5549242424242424 0.21254946297343133 0.24621212121212122
12 0.39626907857546634 0.3263888888888889 0.21254946297343133 0.21843434343434343
2 0.18400226116449972 0.8491161616161617 0.21876766534765404 0.20075757575757575
3 0.1823063877897117 0.610479797979798 0.21989824759751272 0.1830808080808081
4 0.1814584511023177 0.37815656565656564 0.21933295647258338 0.16287878787878787