0 0.8139025725232621 0.832687338501292 0.21565407772304324 0.17183462532299743
1 0.8133552271483306 0.6001291989664083 0.2134646962233169 0.1640826873385013
5 0.8147235905856596 0.3643410852713178 0.21291735084838534 0.16279069767441862
6 0.6059113300492611 0.8210594315245479 0.21565407772304324 0.1744186046511628
7 0.6059113300492611 0.5936692506459949 0.2134646962233169 0.16666666666666666
8 0.6075533661740559 0.3649870801033592 0.21018062397372742 0.16666666666666666
9 0.49808429118773945 0.13178294573643412 0.8516694033935414 0.17054263565891473
10 0.39299397920087575 0.8152454780361758 0.21237000547345375 0.17829457364341086
11 0.3924466338259442 0.5717054263565892 0.21455938697318008 0.21834625322997417
12 0.3943623426382047 0.3372093023255814 0.21291735084838534 0.2351421188630491
2 0.17788724685276408 0.8158914728682171 0.2200328407224959 0.2441860465116279
3 0.17733990147783252 0.5968992248062015 0.21893814997263272 0.2454780361757106
4 0.17925561029009304 0.36627906976744184 0.21729611384783798 0.2751937984496124