0 0.17865232163080408 0.17947103274559195 0.2146092865232163 0.1801007556675063
1 0.1803510758776897 0.39483627204030225 0.21347678369195924 0.14987405541561713
5 0.18261608154020384 0.639168765743073 0.2146092865232163 0.1952141057934509
6 0.39071347678369195 0.17884130982367757 0.21064552661381652 0.17380352644836272
7 0.39156285390713474 0.3973551637279597 0.210079275198188 0.1574307304785894
8 0.3929784824462061 0.6353904282115869 0.20951302378255945 0.16498740554156172
9 0.5022650056625142 0.8690176322418136 0.8516421291053228 0.1712846347607053
10 0.6016421291053228 0.17443324937027707 0.21234428086070214 0.172544080604534
11 0.6047565118912798 0.40239294710327456 0.21177802944507362 0.2380352644836272
12 0.603907134767837 0.6290931989924433 0.21121177802944507 0.2531486146095718
2 0.8190826727066818 0.15050377833753148 0.2202718006795017 0.22795969773299748
3 0.8196489241223103 0.38602015113350124 0.21347678369195924 0.21788413098236775
4 0.8168176670441676 0.6190176322418136 0.21687429218573046 0.1977329974811083