0 0.8183361629881154 0.8196564885496184 0.21222410865874364 0.1851145038167939
1 0.816213921901528 0.6030534351145038 0.20967741935483872 0.15267175572519084
5 0.8179117147707979 0.3616412213740458 0.21477079796264856 0.1965648854961832
6 0.6073853989813243 0.8177480916030534 0.21307300509337862 0.1736641221374046
7 0.6086587436332768 0.6020992366412213 0.21052631578947367 0.15839694656488548
8 0.6073853989813243 0.3654580152671756 0.20967741935483872 0.16603053435114504
9 0.49787775891341257 0.1316793893129771 0.8514431239388794 0.1717557251908397
10 0.39473684210526316 0.8377862595419847 0.21392190152801357 0.15648854961832062
11 0.3960101867572156 0.5830152671755725 0.21137521222410866 0.19274809160305342
12 0.3930390492359932 0.3387404580152672 0.21561969439728354 0.2385496183206107
2 0.1799660441426146 0.808206106870229 0.21901528013582344 0.28435114503816794
3 0.17954159592529711 0.5896946564885496 0.2198641765704584 0.1717557251908397
4 0.1761460101867572 0.37404580152671757 0.21816638370118846 0.16412213740458015