0 0.1832876712328767 0.17290322580645162 0.21315068493150685 0.18580645161290324
1 0.18301369863013697 0.39225806451612905 0.2147945205479452 0.15741935483870967
5 0.18383561643835616 0.6303225806451613 0.21315068493150685 0.17419354838709677
6 0.3904109589041096 0.1774193548387097 0.21095890410958903 0.17161290322580644
7 0.39123287671232876 0.3967741935483871 0.2115068493150685 0.15870967741935485
8 0.3923287671232877 0.6341935483870967 0.2104109589041096 0.1664516129032258
9 0.5019178082191781 0.8683870967741936 0.8515068493150685 0.1703225806451613
10 0.6019178082191781 0.18516129032258064 0.21205479452054796 0.1870967741935484
11 0.6035616438356164 0.44129032258064516 0.21534246575342467 0.25806451612903225
12 0.6063013698630138 0.6851612903225807 0.21534246575342467 0.25290322580645164
2 0.8172602739726027 0.15096774193548387 0.22082191780821916 0.30193548387096775
3 0.8191780821917808 0.34774193548387095 0.22246575342465755 0.36
4 0.8208219178082192 0.5974193548387097 0.22027397260273973 0.25290322580645164