0 0.18108566581849025 0.8244274809160306 0.21458863443596268 0.19083969465648856
1 0.18447837150127228 0.5925572519083969 0.21458863443596268 0.1736641221374046
5 0.18447837150127228 0.3616412213740458 0.21628498727735368 0.17748091603053434
6 0.3935538592027142 0.8187022900763359 0.21204410517387617 0.19083969465648856
7 0.39567430025445294 0.5992366412213741 0.20949957591178966 0.16412213740458015
8 0.3977947413061917 0.3606870229007634 0.21204410517387617 0.17557251908396945
9 0.5063613231552163 0.13358778625954199 0.8566581849024597 0.17938931297709923
10 0.6051738761662426 0.8129770992366412 0.21289228159457166 0.1984732824427481
11 0.6072943172179813 0.5639312977099237 0.21204410517387617 0.23473282442748092
12 0.6085665818490246 0.33587786259541985 0.21119592875318066 0.23282442748091603
2 0.8193384223918575 0.8425572519083969 0.21882951653944022 0.21946564885496184
3 0.8206106870229007 0.5744274809160306 0.2196776929601357 0.2748091603053435
4 0.8227311280746396 0.35591603053435117 0.2171331636980492 0.16984732824427481