0 0.8214285714285714 0.8207070707070707 0.21428571428571427 0.17929292929292928
1 0.816609977324263 0.5984848484848485 0.21485260770975056 0.15151515151515152
5 0.8174603174603174 0.36047979797979796 0.21428571428571427 0.19570707070707072
6 0.6065759637188208 0.8099747474747475 0.21428571428571427 0.20075757575757575
7 0.6085600907029478 0.6029040404040404 0.21031746031746032 0.15782828282828282
8 0.6071428571428571 0.36426767676767674 0.20975056689342403 0.16540404040404041
9 0.4977324263038549 0.13131313131313133 0.8514739229024944 0.1717171717171717
10 0.39427437641723356 0.8080808080808081 0.21258503401360543 0.20202020202020202
11 0.3959750566893424 0.5820707070707071 0.21145124716553287 0.19444444444444445
12 0.393140589569161 0.3547979797979798 0.21485260770975056 0.29292929292929293
2 0.1822562358276644 0.8661616161616161 0.2205215419501134 0.26515151515151514
3 0.179421768707483 0.6698232323232324 0.2205215419501134 0.2765151515151515
4 0.17913832199546487 0.4147727272727273 0.21768707482993196 0.27146464646464646