0 0.8156329651656754 0.8256704980842912 0.21240441801189464 0.19540229885057472
1 0.8160577740016992 0.6159003831417624 0.21325403568394222 0.2049808429118774
5 0.8177570093457944 0.3611111111111111 0.21495327102803738 0.19731800766283525
6 0.6032285471537808 0.8170498084291188 0.21240441801189464 0.2049808429118774
7 0.6036533559898046 0.5919540229885057 0.20985556499575192 0.19923371647509577
8 0.607051826677995 0.3649425287356322 0.20985556499575192 0.16666666666666666
9 0.4974511469838573 0.15900383141762453 0.8538657604078165 0.20306513409961685
10 0.39167374681393374 0.8151340996168582 0.21240441801189464 0.18582375478927204
11 0.3959218351741716 0.5833333333333334 0.2107051826677995 0.19348659003831417
12 0.3933729821580289 0.3055555555555556 0.21240441801189464 0.2739463601532567
2 0.17587085811384875 0.8055555555555556 0.21580288870008496 0.22796934865900384
3 0.17757009345794392 0.603448275862069 0.21920135938827529 0.25287356321839083
4 0.17926932880203908 0.39655172413793105 0.21920135938827529 0.24904214559386972