0 0.18253968253968253 0.8295454545454546 0.21315192743764172 0.17424242424242425
1 0.18027210884353742 0.6054292929292929 0.21315192743764172 0.15025252525252525
5 0.18253968253968253 0.36047979797979796 0.21428571428571427 0.19570707070707072
6 0.3945578231292517 0.8308080808080808 0.2108843537414966 0.15151515151515152
7 0.39143990929705214 0.6029040404040404 0.21031746031746032 0.15782828282828282
8 0.39285714285714285 0.36426767676767674 0.20975056689342403 0.16540404040404041
9 0.5022675736961452 0.13131313131313133 0.8514739229024944 0.1717171717171717
10 0.6017573696145124 0.8257575757575758 0.21258503401360543 0.1717171717171717
11 0.6040249433106576 0.5820707070707071 0.21145124716553287 0.19444444444444445
12 0.6034580498866213 0.3390151515151515 0.21145124716553287 0.22095959595959597
2 0.8183106575963719 0.7904040404040404 0.2193877551020408 0.23484848484848486
3 0.8174603174603174 0.6085858585858586 0.21768707482993196 0.2904040404040404
4 0.8177437641723356 0.3926767676767677 0.2171201814058957 0.255050505050505