0 0.18339002267573695 0.1672979797979798 0.21485260770975056 0.16540404040404041
1 0.18027210884353742 0.39457070707070707 0.21315192743764172 0.15025252525252525
5 0.18112244897959184 0.5934343434343434 0.21258503401360543 0.2196969696969697
6 0.39540816326530615 0.1755050505050505 0.21145124716553287 0.16414141414141414
7 0.3945578231292517 0.4154040404040404 0.2108843537414966 0.18434343434343434
8 0.3934240362811791 0.6035353535353535 0.2108843537414966 0.21717171717171718
9 0.5014172335600907 0.8308080808080808 0.8497732426303855 0.20707070707070707
10 0.6071428571428571 0.2178030303030303 0.21201814058956917 0.24873737373737373
11 0.6040249433106576 0.41792929292929293 0.21145124716553287 0.19444444444444445
12 0.6037414965986394 0.6231060606060606 0.20975056689342403 0.1830808080808081
2 0.8194444444444444 0.32196969696969696 0.213718820861678 0.5151515151515151
3 0.8168934240362812 0.3996212121212121 0.21315192743764172 0.15782828282828282
4 0.8174603174603174 0.6363636363636364 0.2108843537414966 0.1691919191919192