0 0.821347678369196 0.17929292929292928 0.2146092865232163 0.17929292929292928
1 0.8196489241223103 0.39457070707070707 0.21347678369195924 0.15025252525252525
5 0.8173839184597962 0.639520202020202 0.2146092865232163 0.19570707070707072
6 0.609286523216308 0.17866161616161616 0.21064552661381652 0.17297979797979798
7 0.6084371460928653 0.3970959595959596 0.210079275198188 0.15782828282828282
8 0.6070215175537939 0.6357323232323232 0.20951302378255945 0.16540404040404041
9 0.4980181200453001 0.8415404040404041 0.8522083805209513 0.15025252525252525
10 0.3977916194790487 0.20959595959595959 0.21234428086070214 0.24242424242424243
11 0.3960928652321631 0.41792929292929293 0.21121177802944507 0.19444444444444445
12 0.39637599093997733 0.6231060606060606 0.20951302378255945 0.1830808080808081
2 0.18403171007927518 0.15088383838383837 0.21857304643261607 0.20075757575757575
3 0.1812004530011325 0.39141414141414144 0.217440543601359 0.20959595959595959
4 0.1812004530011325 0.61489898989899 0.22083805209513024 0.1919191919191919