0 0.8143483023001096 0.16623544631306597 0.21358159912376778 0.16946959896507116
1 0.8157174151150055 0.4087968952134541 0.21084337349397592 0.1630012936610608
5 0.8154435925520263 0.6390685640362225 0.2157721796276013 0.16817593790426907
6 0.6021358159912377 0.17076326002587322 0.21084337349397592 0.14747736093143596
7 0.6048740416210295 0.4094437257438551 0.21193866374589265 0.17723156532988357
8 0.6029572836801752 0.6338939197930142 0.21139101861993428 0.16041397153945666
9 0.49808324205914567 0.8680465717981889 0.8515881708652793 0.17076326002587322
10 0.3907447973713034 0.17529107373868047 0.20974808324205915 0.15653298835705046
11 0.3937568455640745 0.4307891332470893 0.2157721796276013 0.21992238033635186
12 0.3904709748083242 0.6597671410090556 0.21248630887185105 0.19663648124191463
2 0.1801752464403067 0.17787839586028462 0.21686746987951808 0.16946959896507116
3 0.17907995618838993 0.40297542043984474 0.21905805038335158 0.14877102199223805
4 0.1768893756845564 0.6364812419146184 0.21467688937568455 0.15523932729624837