0 0.18162574089754446 0.8234732824427481 0.21422523285351397 0.16984732824427481
1 0.18374259102455545 0.5963740458015268 0.21337849280270957 0.15839694656488548
5 0.18585944115156647 0.35782442748091603 0.21422523285351397 0.17748091603053434
6 0.3933107535986452 0.8206106870229007 0.21083827265029637 0.17557251908396945
7 0.3916172734970364 0.6020992366412213 0.21083827265029637 0.15839694656488548
8 0.3988145639288738 0.3597328244274809 0.20999153259949196 0.16221374045801526
9 0.502116850127011 0.1316793893129771 0.8518204911092294 0.1717557251908397
10 0.6049957662997459 0.825381679389313 0.21253175275190517 0.16984732824427481
11 0.6041490262489416 0.5830152671755725 0.21083827265029637 0.19274809160305342
12 0.6096528365791702 0.3520992366412214 0.20999153259949196 0.19274809160305342
2 0.8187976291278577 0.8568702290076335 0.2218458933107536 0.2366412213740458
3 0.8196443691786621 0.6211832061068703 0.21845893310753597 0.18893129770992367
4 0.8230313293818797 0.37786259541984735 0.21845893310753597 0.16793893129770993