0 0.8181818181818182 0.8291984732824428 0.2141036533559898 0.1736641221374046
1 0.8198810535259133 0.6059160305343512 0.2141036533559898 0.15076335877862596
5 0.8147833474936279 0.3616412213740458 0.2141036533559898 0.18893129770992367
6 0.6057774001699235 0.825381679389313 0.21240441801189464 0.17748091603053434
7 0.6083262531860663 0.6020992366412213 0.2107051826677995 0.15839694656488548
8 0.602803738317757 0.37213740458015265 0.21325403568394222 0.1717557251908397
9 0.49320305862361935 0.13740458015267176 0.8538657604078165 0.22137404580152673
10 0.39422259983007646 0.8196564885496184 0.21240441801189464 0.19274809160305342
11 0.39124893797790994 0.5811068702290076 0.21325403568394222 0.20801526717557253
12 0.3925233644859813 0.35400763358778625 0.21580288870008496 0.1965648854961832
2 0.17926932880203908 0.8435114503816794 0.21750212404418012 0.1984732824427481
3 0.1788445199660153 0.6020992366412213 0.22005097706032287 0.19274809160305342
4 0.1826677994902294 0.36354961832061067 0.2107051826677995 0.16984732824427481