0 0.18622448979591838 0.8425572519083969 0.20918367346938777 0.16221374045801526
1 0.18537414965986396 0.6116412213740458 0.2108843537414966 0.16221374045801526
5 0.18239795918367346 0.3616412213740458 0.2151360544217687 0.1965648854961832
6 0.39668367346938777 0.8282442748091603 0.2151360544217687 0.1946564885496183
7 0.39668367346938777 0.6097328244274809 0.21343537414965985 0.16984732824427481
8 0.3979591836734694 0.383587786259542 0.21258503401360543 0.18702290076335878
9 0.502125850340136 0.1316793893129771 0.8511904761904762 0.1717557251908397
10 0.608843537414966 0.8282442748091603 0.21428571428571427 0.19083969465648856
11 0.6092687074829932 0.5887404580152672 0.21173469387755103 0.20038167938931298
12 0.6075680272108843 0.3788167938931298 0.21173469387755103 0.1736641221374046
2 0.8235544217687075 0.8520992366412213 0.2185374149659864 0.20419847328244276
3 0.8227040816326531 0.6001908396946565 0.21683673469387754 0.18129770992366412
4 0.8239795918367347 0.37309160305343514 0.21768707482993196 0.17748091603053434