0 0.8117131910235359 0.8341869398207427 0.2112753147235906 0.1702944942381562
1 0.8133552271483306 0.6056338028169014 0.21455938697318008 0.1587708066581306
5 0.8130815544608648 0.37900128040973113 0.21291735084838534 0.18181818181818182
6 0.6004378762999453 0.8290653008962868 0.21018062397372742 0.18309859154929578
7 0.603448275862069 0.5947503201024328 0.20744389709906952 0.17285531370038412
8 0.6018062397372742 0.3732394366197183 0.210727969348659 0.16261203585147246
9 0.4931581828133552 0.14212548015364918 0.856048166392994 0.17157490396927016
10 0.38970990695128627 0.822663252240717 0.21237000547345375 0.18053777208706787
11 0.3918992884510126 0.5838668373879642 0.21455938697318008 0.20486555697823303
12 0.3910782703886152 0.34827144686299616 0.20963327859879585 0.20742637644046094
2 0.17980295566502463 0.8482714468629962 0.22167487684729065 0.25224071702944945
3 0.17898193760262726 0.6107554417413572 0.2200328407224959 0.22279129321382843
4 0.17679255610290093 0.37516005121638923 0.21674876847290642 0.16389244558258642