0 0.1849726775956284 0.17223650385604114 0.2103825136612022 0.17223650385604114
1 0.1849726775956284 0.397172236503856 0.21256830601092896 0.15938303341902313
5 0.1849726775956284 0.6253213367609255 0.21366120218579235 0.17609254498714652
6 0.3959016393442623 0.17095115681233933 0.21147540983606558 0.16709511568123395
7 0.3975409836065574 0.39845758354755784 0.21147540983606558 0.13624678663239073
8 0.3959016393442623 0.6330334190231363 0.21147540983606558 0.16838046272493573
9 0.5016393442622951 0.8682519280205655 0.8513661202185793 0.17095115681233933
10 0.6076502732240437 0.18123393316195371 0.21311475409836064 0.1953727506426735
11 0.6081967213114754 0.4350899742930591 0.21420765027322405 0.2480719794344473
12 0.6068306010928962 0.6593830334190232 0.21366120218579235 0.2210796915167095
2 0.823224043715847 0.16516709511568123 0.2191256830601093 0.2120822622107969
3 0.8218579234972677 0.38624678663239076 0.21639344262295082 0.19151670951156813
4 0.8218579234972677 0.6311053984575835 0.21639344262295082 0.15681233933161953