0 0.8178104575163399 0.827120822622108 0.21405228758169934 0.16838046272493573
1 0.8183551198257081 0.5957583547557841 0.21405228758169934 0.18380462724935734
5 0.818082788671024 0.36182519280205655 0.21459694989106753 0.19665809768637532
6 0.6072984749455338 0.8277634961439588 0.21459694989106753 0.17737789203084833
7 0.6062091503267973 0.5912596401028277 0.2113289760348584 0.17737789203084833
8 0.6075708061002179 0.36568123393316193 0.2107843137254902 0.16580976863753213
9 0.4980936819172113 0.13239074550128535 0.8513071895424836 0.17223650385604114
10 0.3929738562091503 0.8181233933161953 0.21187363834422657 0.18123393316195371
11 0.39433551198257083 0.525706940874036 0.2113289760348584 0.30848329048843187
12 0.3940631808278867 0.2866323907455013 0.21296296296296297 0.29048843187660667
2 0.17892156862745098 0.775706940874036 0.21949891067538127 0.27892030848329047
3 0.18191721132897604 0.5514138817480719 0.21350762527233116 0.2647814910025707
4 0.18055555555555555 0.3181233933161954 0.21840958605664487 0.2352185089974293