0 0.8132199670872189 0.16731266149870802 0.21448162369720242 0.1744186046511628
1 0.8126714207350522 0.40310077519379844 0.21228743828853539 0.16795865633074936
5 0.8137685134393856 0.6324289405684754 0.21228743828853539 0.17183462532299743
6 0.6012068019747668 0.18540051679586564 0.21173889193636863 0.18733850129198967
7 0.6031267142073505 0.4076227390180879 0.21119034558420186 0.17958656330749354
8 0.6036752605595173 0.627906976744186 0.2133845309928689 0.1731266149870801
9 0.4931431705979155 0.8643410852713178 0.8546352166758091 0.1731266149870801
10 0.38919363686231484 0.18992248062015504 0.20789906747120132 0.18087855297157623
11 0.3924849149753154 0.4114987080103359 0.2133845309928689 0.17183462532299743
12 0.3927591881513988 0.6511627906976745 0.21503017004936917 0.23772609819121446
2 0.17580910586944598 0.17506459948320413 0.21886999451453648 0.1821705426356589
3 0.17855183763027976 0.37532299741602065 0.21996708721886998 0.23385012919896642
4 0.17882611080636313 0.6149870801033591 0.2172243554580362 0.21963824289405684