0 0.8122950819672131 0.8262548262548263 0.21475409836065573 0.16473616473616473
1 0.8120218579234972 0.601029601029601 0.21311475409836064 0.16473616473616473
5 0.812568306010929 0.36936936936936937 0.21420765027322405 0.18275418275418276
6 0.6005464480874317 0.8204633204633205 0.21092896174863388 0.1788931788931789
7 0.6019125683060109 0.5990990990990991 0.20928961748633879 0.1994851994851995
8 0.601639344262295 0.3687258687258687 0.2098360655737705 0.17631917631917632
9 0.49207650273224046 0.13706563706563707 0.8530054644808743 0.18146718146718147
10 0.38934426229508196 0.814028314028314 0.21147540983606558 0.1866151866151866
11 0.3907103825136612 0.5701415701415702 0.21202185792349726 0.2651222651222651
12 0.38934426229508196 0.37966537966537967 0.2103825136612022 0.24967824967824967
2 0.17868852459016393 0.8603603603603603 0.22076502732240438 0.24324324324324326
3 0.1762295081967213 0.6222651222651223 0.2191256830601093 0.25353925353925355
4 0.17404371584699455 0.3815958815958816 0.2180327868852459 0.2072072072072072