0 0.8196489241223103 0.8180100755667506 0.2146092865232163 0.190176322418136
1 0.8196489241223103 0.6051637279596978 0.21347678369195924 0.14987405541561713
5 0.8173839184597962 0.3608312342569269 0.2146092865232163 0.1952141057934509
6 0.6070215175537939 0.8180100755667506 0.21177802944507362 0.1801007556675063
7 0.6084371460928653 0.6026448362720404 0.210079275198188 0.1574307304785894
8 0.6070215175537939 0.3646095717884131 0.20951302378255945 0.16498740554156172
9 0.49773499433748586 0.1309823677581864 0.8516421291053228 0.1712846347607053
10 0.39665911664779163 0.8110831234256927 0.20781426953567383 0.19143576826196473
11 0.3960928652321631 0.5818639798488665 0.21121177802944507 0.19395465994962216
12 0.39552661381653453 0.3614609571788413 0.21234428086070214 0.26700251889168763
2 0.1823329558323896 0.8589420654911839 0.21970554926387317 0.27204030226700254
3 0.18346545866364666 0.6209068010075567 0.217440543601359 0.22670025188916876
4 0.18148357870894677 0.380352644836272 0.21800679501698755 0.2141057934508816