0 0.18387978142076503 0.8219354838709677 0.21693989071038253 0.1703225806451613
1 0.1830601092896175 0.5987096774193549 0.21311475409836064 0.17290322580645162
5 0.18524590163934426 0.3567741935483871 0.21420765027322405 0.16903225806451613
6 0.3915300546448087 0.8238709677419355 0.21256830601092896 0.17419354838709677
7 0.3959016393442623 0.5954838709677419 0.21256830601092896 0.15612903225806452
8 0.39672131147540984 0.36 0.21420765027322405 0.1703225806451613
9 0.5062841530054645 0.13806451612903226 0.8530054644808743 0.17806451612903226
10 0.6046448087431694 0.8135483870967742 0.21147540983606558 0.1896774193548387
11 0.6068306010928962 0.5419354838709678 0.21256830601092896 0.2864516129032258
12 0.6098360655737705 0.3258064516129032 0.21202185792349726 0.2335483870967742
2 0.8193989071038251 0.8451612903225807 0.2191256830601093 0.26064516129032256
3 0.8207650273224044 0.6290322580645161 0.22185792349726777 0.27483870967741936
4 0.8229508196721311 0.38838709677419353 0.22076502732240438 0.2658064516129032