0 0.8155446086480569 0.84 0.21565407772304324 0.20129032258064516
1 0.8201970443349754 0.6058064516129033 0.21291735084838534 0.15096774193548387
5 0.8147235905856596 0.35419354838709677 0.21620142309797483 0.1896774193548387
6 0.6050903119868637 0.8180645161290323 0.21291735084838534 0.19096774193548388
7 0.6059113300492611 0.6122580645161291 0.2112753147235906 0.1896774193548387
8 0.6026272577996716 0.36129032258064514 0.2112753147235906 0.17548387096774193
9 0.49808429118773945 0.13225806451612904 0.8516694033935414 0.17161290322580644
10 0.39326765188834156 0.8148387096774193 0.2140120415982485 0.18193548387096775
11 0.39408866995073893 0.567741935483871 0.21565407772304324 0.2270967741935484
12 0.3910782703886152 0.36129032258064514 0.21182266009852216 0.2167741935483871
2 0.17843459222769567 0.8554838709677419 0.21893814997263272 0.24774193548387097
3 0.17870826491516148 0.6296774193548387 0.21839080459770116 0.21161290322580645
4 0.18007662835249041 0.3851612903225806 0.21565407772304324 0.24387096774193548