0 0.17857142857142858 0.8202531645569621 0.21428571428571427 0.17974683544303796
1 0.18027210884353742 0.6044303797468354 0.21315192743764172 0.15063291139240506
5 0.18253968253968253 0.3613924050632911 0.21428571428571427 0.1962025316455696
6 0.39058956916099774 0.8215189873417722 0.2108843537414966 0.17468354430379746
7 0.39143990929705214 0.6031645569620253 0.21031746031746032 0.15822784810126583
8 0.39285714285714285 0.36455696202531646 0.20975056689342403 0.1670886075949367
9 0.5022675736961452 0.13164556962025317 0.8514739229024944 0.17215189873417722
10 0.6017573696145124 0.8253164556962025 0.21258503401360543 0.17215189873417722
11 0.6040249433106576 0.5829113924050633 0.21145124716553287 0.19367088607594937
12 0.6028911564625851 0.3512658227848101 0.21031746031746032 0.24430379746835443
2 0.8183106575963719 0.8208860759493671 0.21825396825396826 0.30759493670886073
3 0.81859410430839 0.6063291139240506 0.2199546485260771 0.2810126582278481
4 0.8171768707482994 0.3569620253164557 0.2171201814058957 0.22025316455696203