0 0.18343357025697102 0.8232258064516129 0.21596500820120285 0.1703225806451613
1 0.1820667031164571 0.5987096774193549 0.21432476763258612 0.2064516129032258
5 0.1817933296883543 0.36258064516129035 0.2148715144887917 0.19612903225806452
6 0.3901038819026791 0.8225806451612904 0.21159103335155824 0.17419354838709677
7 0.391470749043193 0.603225806451613 0.21104428649535265 0.15870967741935485
8 0.39557135046473485 0.3774193548387097 0.21049753963914708 0.1767741935483871
9 0.5035538545653363 0.1464516129032258 0.8562055768179333 0.23870967741935484
10 0.6011481683980318 0.8264516129032258 0.21268452706396937 0.17161290322580644
11 0.604702022963368 0.5896774193548387 0.2121377802077638 0.18580645161290324
12 0.6057955166757791 0.37806451612903225 0.21323127392017496 0.21935483870967742
2 0.8157463094587206 0.8548387096774194 0.2197922361946419 0.23096774193548386
3 0.8162930563149262 0.6083870967741936 0.21760524876981957 0.2129032258064516
4 0.8171131765992345 0.3638709677419355 0.21049753963914708 0.1703225806451613