0 0.18416572077185017 0.1672979797979798 0.2105561861520999 0.16035353535353536
1 0.18047673098751418 0.39457070707070707 0.2133938706015891 0.15025252525252525
5 0.18274687854710556 0.639520202020202 0.21452894438138478 0.19570707070707072
6 0.3944381384790011 0.17487373737373738 0.20998864926220204 0.17803030303030304
7 0.391316685584563 0.3970959595959596 0.2105561861520999 0.15782828282828282
8 0.3930192962542565 0.6357323232323232 0.2105561861520999 0.16540404040404041
9 0.5025539160045402 0.8686868686868687 0.8518728717366629 0.1717171717171717
10 0.604994324631101 0.16982323232323232 0.20998864926220204 0.15782828282828282
11 0.6044267877412032 0.41792929292929293 0.21112372304199772 0.19444444444444445
12 0.6041430192962542 0.663510101010101 0.2105561861520999 0.24116161616161616
2 0.8181044267877412 0.20265151515151514 0.21623155505107833 0.22348484848484848
3 0.8192395005675369 0.35542929292929293 0.21736662883087401 0.3345959595959596
4 0.8175368898978433 0.5928030303030303 0.21396140749148695 0.31186868686868685