0 0.18664477285166942 0.16580976863753213 0.21674876847290642 0.16452442159383032
1 0.18664477285166942 0.40167095115681234 0.2134646962233169 0.16323907455012854
5 0.1863711001642036 0.6298200514138818 0.21291735084838534 0.16709511568123395
6 0.40093048713738366 0.17866323907455012 0.20853858784893267 0.17994858611825193
7 0.39901477832512317 0.41131105398457585 0.21018062397372742 0.17994858611825193
8 0.39655172413793105 0.6330334190231363 0.21291735084838534 0.15809768637532134
9 0.5019157088122606 0.8682519280205655 0.8516694033935414 0.17095115681233933
10 0.6105637657361795 0.18059125964010284 0.21182266009852216 0.19408740359897173
11 0.6070060207991242 0.42287917737789205 0.2112753147235906 0.2159383033419023
12 0.6075533661740559 0.6593830334190232 0.21237000547345375 0.2390745501285347
2 0.819376026272578 0.17352185089974292 0.21674876847290642 0.2185089974293059
3 0.819376026272578 0.37853470437017994 0.21674876847290642 0.2480719794344473
4 0.8210180623973727 0.615681233933162 0.21674876847290642 0.2236503856041131