0 0.18224043715846994 0.8296915167095116 0.21256830601092896 0.16838046272493573
1 0.1849726775956284 0.6041131105398457 0.21475409836065573 0.1928020565552699
5 0.1849726775956284 0.37210796915167094 0.21256830601092896 0.17866323907455012
6 0.39371584699453555 0.827120822622108 0.21584699453551912 0.17095115681233933
7 0.3912568306010929 0.602827763496144 0.21092896174863388 0.15938303341902313
8 0.39289617486338796 0.36568123393316193 0.2098360655737705 0.16580976863753213
9 0.5024590163934426 0.14138817480719795 0.855191256830601 0.1953727506426735
10 0.6068306010928962 0.8155526992287918 0.21147540983606558 0.19408740359897173
11 0.6065573770491803 0.5719794344473008 0.21420765027322405 0.23393316195372751
12 0.6062841530054645 0.36503856041131105 0.2103825136612022 0.20308483290488433
2 0.8210382513661202 0.8624678663239075 0.22021857923497268 0.2493573264781491
3 0.8199453551912569 0.6253213367609255 0.21693989071038253 0.22236503856041132
4 0.8213114754098361 0.37017994858611825 0.2174863387978142 0.21079691516709512