0 0.18363019508057676 0.16221374045801526 0.21289228159457166 0.1717557251908397
1 0.18447837150127228 0.3845419847328244 0.21458863443596268 0.20038167938931298
5 0.18490245971162 0.625 0.2154368108566582 0.1851145038167939
6 0.39609838846480067 0.1803435114503817 0.21204410517387617 0.18893129770992367
7 0.39567430025445294 0.3969465648854962 0.21289228159457166 0.15267175572519084
8 0.39609838846480067 0.625 0.21374045801526717 0.18893129770992367
9 0.5038167938931297 0.8349236641221374 0.8549618320610687 0.21946564885496184
10 0.6081424936386769 0.1765267175572519 0.21374045801526717 0.1851145038167939
11 0.6077184054283291 0.3998091603053435 0.21289228159457166 0.17748091603053434
12 0.6081424936386769 0.6211832061068703 0.21374045801526717 0.19274809160305342
2 0.8223070398642918 0.14790076335877864 0.2196776929601357 0.1851145038167939
3 0.8227311280746396 0.3883587786259542 0.2154368108566582 0.20038167938931298
4 0.8223070398642918 0.6240458015267175 0.2196776929601357 0.16412213740458015