0 0.8197625106022053 0.8263757115749526 0.21119592875318066 0.18026565464895636
1 0.820186598812553 0.6053130929791272 0.21374045801526717 0.15180265654648956
5 0.818490245971162 0.36622390891840606 0.2171331636980492 0.17836812144212524
6 0.6072943172179813 0.8263757115749526 0.21374045801526717 0.16888045540796964
7 0.6085665818490246 0.6024667931688804 0.21119592875318066 0.15749525616698293
8 0.6051738761662426 0.36242884250474383 0.21289228159457166 0.16698292220113853
9 0.49787955894826125 0.1318785578747628 0.8515691263782866 0.17267552182163187
10 0.3935538592027142 0.8121442125237192 0.21374045801526717 0.18975332068311196
11 0.39567430025445294 0.5910815939278937 0.21628498727735368 0.2333965844402277
12 0.39525021204410515 0.3927893738140417 0.21374045801526717 0.269449715370019
2 0.17726887192536048 0.8633776091081594 0.21882951653944022 0.24667931688804554
3 0.18023748939779474 0.6148007590132827 0.2179813401187447 0.18975332068311196
4 0.1806615776081425 0.3709677419354839 0.2171331636980492 0.1840607210626186