0 0.8140425531914893 0.8180076628352491 0.21361702127659574 0.19540229885057472
1 0.8131914893617022 0.5919540229885057 0.2119148936170213 0.18007662835249041
5 0.8178723404255319 0.3611111111111111 0.214468085106383 0.19731800766283525
6 0.6025531914893617 0.8227969348659003 0.214468085106383 0.18199233716475097
7 0.6021276595744681 0.5890804597701149 0.20851063829787234 0.1896551724137931
8 0.6072340425531915 0.3649425287356322 0.2102127659574468 0.16666666666666666
9 0.4970212765957447 0.15900383141762453 0.851063829787234 0.3103448275862069
10 0.38978723404255317 0.8189655172413793 0.2127659574468085 0.19348659003831417
11 0.39276595744680853 0.5670498084291188 0.21361702127659574 0.2413793103448276
12 0.3931914893617021 0.35727969348659006 0.2127659574468085 0.24329501915708812
2 0.1748936170212766 0.8611111111111112 0.21872340425531914 0.25862068965517243
3 0.17617021276595746 0.6197318007662835 0.2178723404255319 0.2662835249042146
4 0.1829787234042553 0.36398467432950193 0.21106382978723404 0.1685823754789272