0 0.18547945205479452 0.18281653746770027 0.21534246575342467 0.1821705426356589
1 0.18575342465753425 0.39728682170542634 0.2136986301369863 0.15374677002583978
5 0.18465753424657536 0.6285529715762274 0.2136986301369863 0.16925064599483206
6 0.39835616438356164 0.17700258397932817 0.2115068493150685 0.18087855297157623
7 0.3975342465753425 0.4011627906976744 0.21315068493150685 0.15891472868217055
8 0.39506849315068493 0.6356589147286822 0.2126027397260274 0.17829457364341086
9 0.5019178082191781 0.8675710594315246 0.8515068493150685 0.17183462532299743
10 0.6101369863013698 0.17183462532299743 0.21095890410958903 0.165374677002584
11 0.6079452054794521 0.4405684754521964 0.21095890410958903 0.2558139534883721
12 0.6082191780821918 0.6563307493540051 0.2147945205479452 0.28940568475452194
2 0.823013698630137 0.18087855297157623 0.22027397260273973 0.23772609819121446
3 0.8213698630136986 0.4076227390180879 0.2147945205479452 0.20801033591731266
4 0.8210958904109589 0.6427648578811369 0.21863013698630138 0.1821705426356589