0 0.17843026538678713 0.17879548306148055 0.21456804065499718 0.1794228356336261
1 0.18012422360248448 0.39523212045169387 0.2134387351778656 0.15056461731493098
5 0.18238283455674761 0.6392722710163111 0.21456804065499718 0.19698870765370138
6 0.39073969508752115 0.178168130489335 0.2111801242236025 0.17314930991217065
7 0.39158667419536985 0.397741530740276 0.2106154714850367 0.15809284818067754
8 0.3929983060417843 0.6355081555834379 0.2100508187464709 0.1668757841907152
9 0.5022586109542632 0.8688833124215809 0.8520609824957651 0.17189460476787954
10 0.6033314511575382 0.1932245922208281 0.20948616600790515 0.205771643663739
11 0.6041784302653868 0.4228356336260979 0.2111801242236025 0.20828105395232122
12 0.6038961038961039 0.622961104140527 0.20948616600790515 0.18444165621079048
2 0.8153585544889893 0.17063989962358847 0.21682665160926032 0.1656210790464241
3 0.8170525127046866 0.4002509410288582 0.2134387351778656 0.15809284818067754
4 0.8176171654432524 0.6361355081555834 0.2111801242236025 0.17063989962358847