0 0.8174603174603174 0.17045454545454544 0.21315192743764172 0.17424242424242425
1 0.8197278911564626 0.39457070707070707 0.21315192743764172 0.15025252525252525
5 0.8174603174603174 0.639520202020202 0.21428571428571427 0.19570707070707072
6 0.6054421768707483 0.1691919191919192 0.2108843537414966 0.15151515151515152
7 0.6085600907029478 0.3970959595959596 0.21031746031746032 0.15782828282828282
8 0.6071428571428571 0.6357323232323232 0.20975056689342403 0.16540404040404041
9 0.4977324263038549 0.8686868686868687 0.8514739229024944 0.1717171717171717
10 0.3982426303854875 0.17424242424242425 0.21258503401360543 0.1717171717171717
11 0.3959750566893424 0.41792929292929293 0.21145124716553287 0.19444444444444445
12 0.39654195011337867 0.6609848484848485 0.21145124716553287 0.22095959595959597
2 0.1816893424036281 0.20959595959595959 0.2193877551020408 0.23484848484848486
3 0.18253968253968253 0.39141414141414144 0.21768707482993196 0.2904040404040404
4 0.1822562358276644 0.6073232323232324 0.2171201814058957 0.255050505050505