0 0.8217934165720772 0.17893401015228427 0.21452894438138478 0.1802030456852792
1 0.8195232690124858 0.3953045685279188 0.2133938706015891 0.15101522842639595
5 0.8172531214528944 0.6389593908629442 0.21452894438138478 0.1967005076142132
6 0.6092508513053349 0.1782994923857868 0.21169125993189558 0.17385786802030456
7 0.608683314415437 0.39784263959390864 0.2105561861520999 0.15862944162436549
8 0.6069807037457434 0.6351522842639594 0.2105561861520999 0.16624365482233502
9 0.4974460839954597 0.8692893401015228 0.8518728717366629 0.17258883248730963
10 0.3978433598183882 0.17385786802030456 0.2122587968217934 0.17258883248730963
11 0.3955732122587968 0.41751269035532995 0.21112372304199772 0.19289340101522842
12 0.3961407491486947 0.6224619289340102 0.20885357548240635 0.18401015228426396
2 0.18359818388195231 0.15038071065989847 0.2185017026106697 0.2017766497461929
3 0.18331441543700341 0.4003807106598985 0.2133938706015891 0.15862944162436549
4 0.18217934165720773 0.6357868020304569 0.21112372304199772 0.1700507614213198