0 0.1841095890410959 0.17586649550706032 0.2136986301369863 0.1668806161745828
1 0.1852054794520548 0.4017971758664955 0.2115068493150685 0.1643132220795892
5 0.18547945205479452 0.6418485237483954 0.21424657534246574 0.17715019255455713
6 0.39315068493150684 0.1790757381258023 0.21095890410958903 0.17586649550706032
7 0.39506849315068493 0.4024390243902439 0.20931506849315068 0.16302952503209242
8 0.39863013698630134 0.6392811296534018 0.20986301369863014 0.16174582798459564
9 0.5019178082191781 0.8677792041078306 0.8515068493150685 0.17201540436456997
10 0.6049315068493151 0.17394094993581516 0.2126027397260274 0.17073170731707318
11 0.6038356164383561 0.4159178433889602 0.2104109589041096 0.1925545571245186
12 0.6093150684931506 0.6469833119383825 0.2104109589041096 0.1925545571245186
2 0.8183561643835616 0.14249037227214378 0.2219178082191781 0.2362002567394095
3 0.8194520547945205 0.3780487804878049 0.21863013698630138 0.18870346598202825
4 0.8227397260273973 0.6219512195121951 0.21863013698630138 0.1681643132220796