0 0.17854113655640375 0.1781609195402299 0.21458863443596268 0.18007662835249041
1 0.179813401187447 0.3946360153256705 0.21374045801526717 0.14942528735632185
5 0.18193384223918574 0.6388888888888888 0.21458863443596268 0.19731800766283525
6 0.3905852417302799 0.1781609195402299 0.21119592875318066 0.1724137931034483
7 0.3914334181509754 0.3975095785440613 0.21119592875318066 0.15900383141762453
8 0.3927056827820187 0.6350574712643678 0.21034775233248515 0.16666666666666666
9 0.5055131467345207 0.8630268199233716 0.8566581849024597 0.20114942528735633
10 0.602629346904156 0.18869731800766285 0.21289228159457166 0.1896551724137931
11 0.6051738761662426 0.42337164750957856 0.21289228159457166 0.2222222222222222
12 0.6055979643765903 0.6618773946360154 0.21374045801526717 0.22030651340996169
2 0.816793893129771 0.1532567049808429 0.2205258693808312 0.2720306513409962
3 0.8197625106022053 0.3831417624521073 0.22137404580152673 0.2796934865900383
4 0.8206106870229007 0.64272030651341 0.2196776929601357 0.2624521072796935