0 0.18376302797586397 0.8305412371134021 0.21393307734503567 0.17654639175257733
1 0.1818431157432803 0.6024484536082474 0.21448162369720242 0.16623711340206185
5 0.1821173889193637 0.36146907216494845 0.21503017004936917 0.19458762886597938
6 0.3955019199122326 0.8266752577319587 0.20844761382336807 0.17654639175257733
7 0.3913878222709819 0.6030927835051546 0.21009325287986835 0.15721649484536082
8 0.3924849149753154 0.36533505154639173 0.20899616017553482 0.16623711340206185
9 0.5019199122325837 0.13208762886597938 0.8513439385628085 0.1713917525773196
10 0.6066922654964344 0.8195876288659794 0.21283598464070214 0.18041237113402062
11 0.603400987383434 0.583118556701031 0.2106417992320351 0.19458762886597938
12 0.603400987383434 0.37822164948453607 0.2095447065277016 0.18427835051546393
2 0.8189797037849699 0.8247422680412371 0.21832144816236973 0.18556701030927836
3 0.8195282501371366 0.6198453608247423 0.21941854086670323 0.19845360824742267
4 0.8214481623697203 0.3872422680412371 0.22216127262753702 0.20231958762886598