0 0.815068493150685 0.8354838709677419 0.21534246575342467 0.1664516129032258
1 0.8156164383561644 0.6070967741935483 0.21315068493150685 0.1638709677419355
5 0.8178082191780822 0.36258064516129035 0.21534246575342467 0.19612903225806452
6 0.6101369863013698 0.8225806451612904 0.21095890410958903 0.17419354838709677
7 0.6087671232876712 0.603225806451613 0.2104109589041096 0.15870967741935485
8 0.6073972602739726 0.3658064516129032 0.20876712328767122 0.1664516129032258
9 0.4950684931506849 0.12258064516129032 0.8553424657534247 0.22193548387096773
10 0.39863013698630134 0.8264516129032258 0.21205479452054796 0.17161290322580644
11 0.393972602739726 0.5458064516129032 0.2147945205479452 0.2838709677419355
12 0.39315068493150684 0.3135483870967742 0.21643835616438356 0.24516129032258063
2 0.18082191780821918 0.8412903225806452 0.22027397260273973 0.29935483870967744
3 0.18164383561643835 0.6258064516129033 0.2219178082191781 0.28903225806451616
4 0.1780821917808219 0.37870967741935485 0.22136986301369863 0.22580645161290322