0 0.8154141524958859 0.8318298969072165 0.21667580910586945 0.15077319587628865
1 0.8181568842567197 0.595360824742268 0.2133845309928689 0.15206185567010308
5 0.8178826110806363 0.36146907216494845 0.21503017004936917 0.19716494845360824
6 0.6061437191442677 0.8221649484536082 0.2161272627537027 0.17268041237113402
7 0.6058694459681843 0.592139175257732 0.21228743828853539 0.16108247422680413
8 0.6072408118486012 0.36533505154639173 0.2095447065277016 0.16623711340206185
9 0.49808008776741636 0.13144329896907217 0.8513439385628085 0.17010309278350516
10 0.3930334613274822 0.821520618556701 0.2133845309928689 0.1791237113402062
11 0.39330773450356554 0.5476804123711341 0.21173889193636863 0.25773195876288657
12 0.3935820076796489 0.31572164948453607 0.21228743828853539 0.23195876288659795
2 0.17772901810202962 0.8253865979381443 0.2172243554580362 0.23067010309278352
3 0.1804717498628634 0.601159793814433 0.2172243554580362 0.15850515463917525
4 0.1804717498628634 0.3646907216494845 0.22051563357103676 0.17525773195876287