0 0.18572210065645514 0.8292682926829268 0.21280087527352298 0.17715019255455713
1 0.18572210065645514 0.6283697047496791 0.21280087527352298 0.20154043645699615
5 0.18572210065645514 0.39602053915276 0.21061269146608316 0.2092426187419769
6 0.3971553610503282 0.8241335044929397 0.212253829321663 0.1797175866495507
7 0.3946936542669584 0.5924261874197689 0.21170678336980306 0.18356867779204109
8 0.3963347921225383 0.383183568677792 0.21170678336980306 0.21694480102695765
9 0.5035557986870897 0.15789473684210525 0.8517505470459519 0.24133504492939667
10 0.6094091903719913 0.8254172015404364 0.2089715536105033 0.1822849807445443
11 0.6069474835886215 0.5898587933247753 0.21280087527352298 0.2554557124518614
12 0.6077680525164114 0.37291399229781774 0.2111597374179431 0.20154043645699615
2 0.8216630196936543 0.8690629011553274 0.2188183807439825 0.2362002567394095
3 0.8202954048140044 0.6328626444159179 0.21936542669584244 0.21822849807445444
4 0.8213894967177243 0.38446726572528883 0.21936542669584244 0.19383825417201542