0 0.1799660441426146 0.17557251908396945 0.21392190152801357 0.1717557251908397
1 0.183786078098472 0.40553435114503816 0.21477079796264856 0.1736641221374046
5 0.18548387096774194 0.6374045801526718 0.2164685908319185 0.16793893129770993
6 0.3930390492359932 0.1803435114503817 0.21392190152801357 0.1736641221374046
7 0.39558573853989815 0.4064885496183206 0.21052631578947367 0.16412213740458015
8 0.3951612903225806 0.6383587786259542 0.21477079796264856 0.17748091603053434
9 0.5021222410865874 0.8683206106870229 0.8514431239388794 0.1717557251908397
10 0.6056876061120543 0.20229007633587787 0.21137521222410866 0.21755725190839695
11 0.6065365025466893 0.4446564885496183 0.21307300509337862 0.24427480916030533
12 0.6078098471986417 0.6555343511450382 0.21561969439728354 0.20801526717557253
2 0.8183361629881154 0.18129770992366412 0.22071307300509338 0.19083969465648856
3 0.8204584040747029 0.375 0.2198641765704584 0.24618320610687022
4 0.8217317487266553 0.6068702290076335 0.22071307300509338 0.25190839694656486