0 0.8193181818181818 0.8207070707070707 0.2125 0.13383838383838384
1 0.8170454545454545 0.5915404040404041 0.21363636363636362 0.17045454545454544
5 0.8173295454545455 0.36047979797979796 0.21420454545454545 0.19570707070707072
6 0.6085227272727273 0.8106060606060606 0.21136363636363636 0.1590909090909091
7 0.6053977272727272 0.5940656565656566 0.20852272727272728 0.16287878787878787
8 0.6045454545454545 0.351010101010101 0.21136363636363636 0.21717171717171718
9 0.49772727272727274 0.14583333333333334 0.8568181818181818 0.19065656565656566
10 0.39744318181818183 0.821969696969697 0.2119318181818182 0.15151515151515152
11 0.3963068181818182 0.5833333333333334 0.21079545454545454 0.23737373737373738
12 0.3951704545454545 0.36426767676767674 0.2096590909090909 0.2335858585858586
2 0.18323863636363635 0.8680555555555556 0.22215909090909092 0.24621212121212122
3 0.18352272727272728 0.6319444444444444 0.21818181818181817 0.24621212121212122
4 0.18153409090909092 0.38446969696969696 0.21988636363636363 0.19570707070707072