0 0.18421052631578946 0.16283524904214558 0.21222410865874364 0.16475095785440613
1 0.1799660441426146 0.3946360153256705 0.21392190152801357 0.14942528735632185
5 0.18463497453310695 0.6312260536398467 0.2164685908319185 0.1896551724137931
6 0.39643463497453313 0.17624521072796934 0.21222410865874364 0.1724137931034483
7 0.3960101867572156 0.40325670498084293 0.21307300509337862 0.1781609195402299
8 0.39643463497453313 0.6331417624521073 0.21222410865874364 0.1896551724137931
9 0.5021222410865874 0.8687739463601533 0.8514431239388794 0.17049808429118773
10 0.6086587436332768 0.1867816091954023 0.21222410865874364 0.2049808429118774
11 0.6078098471986417 0.4367816091954023 0.21392190152801357 0.2567049808429119
12 0.6086587436332768 0.6772030651340997 0.21052631578947367 0.23946360153256704
2 0.8230050933786078 0.15900383141762453 0.21816638370118846 0.2681992337164751
3 0.8230050933786078 0.3783524904214559 0.21816638370118846 0.24329501915708812
4 0.8217317487266553 0.6254789272030651 0.21731748726655348 0.21264367816091953