0 0.8156164383561644 0.16301546391752578 0.21534246575342467 0.15335051546391754
1 0.8161643835616438 0.40012886597938147 0.21534246575342467 0.1791237113402062
5 0.816986301369863 0.6449742268041238 0.2136986301369863 0.1791237113402062
6 0.6084931506849315 0.1720360824742268 0.21205479452054796 0.17654639175257733
7 0.6063013698630138 0.40786082474226804 0.21424657534246574 0.15335051546391754
8 0.6038356164383561 0.6417525773195877 0.2147945205479452 0.17010309278350516
9 0.4980821917808219 0.8685567010309279 0.8515068493150685 0.17010309278350516
10 0.3972602739726027 0.16301546391752578 0.2158904109589041 0.17396907216494845
11 0.3934246575342466 0.4014175257731959 0.2115068493150685 0.15335051546391754
12 0.39315068493150684 0.6353092783505154 0.21534246575342467 0.16752577319587628
2 0.18191780821917808 0.14755154639175258 0.22027397260273973 0.23582474226804123
3 0.18 0.389819587628866 0.22082191780821916 0.19974226804123713
4 0.17753424657534247 0.6391752577319587 0.22027397260273973 0.16752577319587628