0 0.18493150684931506 0.16709677419354838 0.21534246575342467 0.18451612903225806
1 0.18383561643835616 0.3967741935483871 0.21753424657534245 0.16903225806451613
5 0.1821917808219178 0.6374193548387097 0.21424657534246574 0.19612903225806452
6 0.39013698630136984 0.1774193548387097 0.2104109589041096 0.17419354838709677
7 0.39095890410958906 0.3967741935483871 0.21095890410958903 0.15870967741935485
8 0.3956164383561644 0.636774193548387 0.2147945205479452 0.1870967741935484
9 0.5016438356164383 0.867741935483871 0.852054794520548 0.17161290322580644
10 0.6046575342465753 0.19225806451612903 0.21534246575342467 0.20903225806451614
11 0.6065753424657534 0.4935483870967742 0.2158904109589041 0.43483870967741933
12 0.6079452054794521 0.7238709677419355 0.21643835616438356 0.44129032258064516
2 0.8186301369863014 0.20903225806451614 0.22027397260273973 0.29419354838709677
3 0.8221917808219178 0.4264516129032258 0.21643835616438356 0.19483870967741934
4 0.8238356164383561 0.6374193548387097 0.21972602739726027 0.15483870967741936