0 0.8215802888700084 0.820952380952381 0.2141036533559898 0.17904761904761904
1 0.8198810535259133 0.6047619047619047 0.2141036533559898 0.15047619047619049
5 0.8177570093457944 0.36095238095238097 0.21495327102803738 0.1961904761904762
6 0.6087510620220901 0.8142857142857143 0.21155480033984708 0.18857142857142858
7 0.6083262531860663 0.6028571428571429 0.2107051826677995 0.1580952380952381
8 0.6045029736618521 0.3628571428571429 0.21155480033984708 0.1619047619047619
9 0.49787595581988103 0.13142857142857142 0.8513169073916738 0.17142857142857143
10 0.39507221750212407 0.8152380952380952 0.2141036533559898 0.18285714285714286
11 0.39464740866610026 0.5733333333333334 0.21155480033984708 0.21714285714285714
12 0.39422259983007646 0.35619047619047617 0.2141036533559898 0.24
2 0.18139337298215802 0.86 0.21665250637213254 0.24952380952380954
3 0.17969413763806288 0.6495238095238095 0.21665250637213254 0.24761904761904763
4 0.17969413763806288 0.4142857142857143 0.221750212404418 0.25333333333333335