0 0.8214285714285714 0.17929292929292928 0.21428571428571427 0.17929292929292928
1 0.8197278911564626 0.39457070707070707 0.21315192743764172 0.15025252525252525
5 0.8174603174603174 0.639520202020202 0.21428571428571427 0.19570707070707072
6 0.6094104308390023 0.17866161616161616 0.2108843537414966 0.17297979797979798
7 0.6085600907029478 0.3970959595959596 0.21031746031746032 0.15782828282828282
8 0.6071428571428571 0.6357323232323232 0.20975056689342403 0.16540404040404041
9 0.4977324263038549 0.8667929292929293 0.8514739229024944 0.19318181818181818
10 0.3982426303854875 0.17424242424242425 0.21258503401360543 0.1717171717171717
11 0.3968253968253968 0.4532828282828283 0.21315192743764172 0.27525252525252525
12 0.3956916099773243 0.6875 0.2108843537414966 0.25126262626262624
2 0.1836734693877551 0.16224747474747475 0.21882086167800455 0.22095959595959597
3 0.1828231292517007 0.39330808080808083 0.2205215419501134 0.20075757575757575
4 0.18253968253968253 0.6363636363636364 0.2108843537414966 0.1691919191919192