0 0.18273972602739727 0.1718146718146718 0.21643835616438356 0.16087516087516088
1 0.18356164383561643 0.3944658944658945 0.2136986301369863 0.18146718146718147
5 0.18191780821917808 0.6377091377091377 0.2147945205479452 0.1969111969111969
6 0.393972602739726 0.17503217503217502 0.2126027397260274 0.1879021879021879
7 0.3915068493150685 0.39703989703989706 0.21095890410958903 0.1583011583011583
8 0.3926027397260274 0.6338481338481339 0.20986301369863014 0.16602316602316602
9 0.5008219178082192 0.8500643500643501 0.8547945205479452 0.1866151866151866
10 0.6071232876712329 0.1788931788931789 0.2126027397260274 0.1981981981981982
11 0.6038356164383561 0.4163449163449163 0.2104109589041096 0.19176319176319176
12 0.606027397260274 0.5875160875160875 0.2147945205479452 0.26898326898326896
2 0.821917808219178 0.12676962676962678 0.2191780821917808 0.2483912483912484
3 0.8213698630136986 0.3687258687258687 0.2191780821917808 0.18404118404118405
4 0.8216438356164384 0.6235521235521235 0.21863013698630138 0.19176319176319176