0 0.17854113655640375 0.8206106870229007 0.21458863443596268 0.17938931297709923
1 0.181509754028838 0.6030534351145038 0.2154368108566582 0.1717557251908397
5 0.18575063613231552 0.3568702290076336 0.21204410517387617 0.17557251908396945
6 0.3905852417302799 0.8215648854961832 0.21119592875318066 0.1736641221374046
7 0.3914334181509754 0.6020992366412213 0.21119592875318066 0.15839694656488548
8 0.3969465648854962 0.366412213740458 0.21204410517387617 0.16412213740458015
9 0.5021204410517388 0.1316793893129771 0.8515691263782866 0.1717557251908397
10 0.6017811704834606 0.8263358778625954 0.21289228159457166 0.1717557251908397
11 0.6043256997455471 0.5830152671755725 0.21119592875318066 0.19274809160305342
12 0.6072943172179813 0.39599236641221375 0.21374045801526717 0.38740458015267176
2 0.8189143341815097 0.8435114503816794 0.2196776929601357 0.2900763358778626
3 0.820186598812553 0.6459923664122137 0.21882951653944022 0.2729007633587786
4 0.821882951653944 0.4112595419847328 0.2205258693808312 0.25