0 0.8136612021857923 0.8371943371943372 0.2098360655737705 0.1866151866151866
1 0.8153005464480875 0.6036036036036037 0.21530054644808744 0.1776061776061776
5 0.8174863387978142 0.36164736164736166 0.21420765027322405 0.1981981981981982
6 0.6098360655737705 0.8223938223938224 0.21092896174863388 0.17245817245817247
7 0.6087431693989072 0.6029601029601029 0.2098360655737705 0.1583011583011583
8 0.6054644808743169 0.36293436293436293 0.21202185792349726 0.15701415701415702
9 0.49808743169398906 0.13191763191763192 0.8519125683060109 0.17117117117117117
10 0.39699453551912567 0.8056628056628057 0.21366120218579235 0.22393822393822393
11 0.39644808743169396 0.5842985842985843 0.21147540983606558 0.19305019305019305
12 0.39617486338797814 0.3655083655083655 0.21530054644808744 0.22393822393822393
2 0.18415300546448088 0.8507078507078507 0.2185792349726776 0.20077220077220076
3 0.17923497267759564 0.6377091377091377 0.22185792349726777 0.21235521235521235
4 0.17950819672131146 0.39768339768339767 0.22131147540983606 0.2471042471042471