0 0.8143170597915523 0.17225806451612904 0.21448162369720242 0.1638709677419355
1 0.8143170597915523 0.3987096774193548 0.21228743828853539 0.16
5 0.8154141524958859 0.632258064516129 0.21228743828853539 0.1832258064516129
6 0.6066922654964344 0.16903225806451613 0.21503017004936917 0.1703225806451613
7 0.6047723532638508 0.4 0.21119034558420186 0.17290322580645162
8 0.6053208996160175 0.632258064516129 0.20899616017553482 0.14709677419354839
9 0.49808008776741636 0.8683870967741936 0.8513439385628085 0.1703225806451613
10 0.3927591881513988 0.17548387096774193 0.21393307734503567 0.1832258064516129
11 0.3924849149753154 0.40838709677419355 0.21009325287986835 0.1664516129032258
12 0.3949533735600658 0.6451612903225806 0.21503017004936917 0.18064516129032257
2 0.1793746571585299 0.16903225806451613 0.21832144816236973 0.2167741935483871
3 0.17992320351069666 0.4038709677419355 0.21832144816236973 0.21419354838709678
4 0.17910038398244651 0.6251612903225806 0.21996708721886998 0.20516129032258065