0 0.17865232163080408 0.820528967254408 0.2146092865232163 0.1801007556675063
1 0.18176670441676104 0.6385390428211587 0.21630804077010193 0.24433249370277077
5 0.18176670441676104 0.3967254408060453 0.21517553793884484 0.20906801007556675
6 0.3921291053227633 0.8091939546599496 0.2146092865232163 0.21032745591939547
7 0.39156285390713474 0.6026448362720404 0.210079275198188 0.1574307304785894
8 0.3929784824462061 0.413727959697733 0.21404303510758776 0.25818639798488663
9 0.5028312570781427 0.19584382871536524 0.853907134767837 0.26574307304785894
10 0.6016421291053228 0.825566750629723 0.21234428086070214 0.172544080604534
11 0.603907134767837 0.5818639798488665 0.21121177802944507 0.19395465994962216
12 0.6036240090600227 0.37720403022670024 0.20951302378255945 0.18261964735516373
2 0.8168176670441676 0.8721662468513854 0.2202718006795017 0.23299748110831234
3 0.8179501698754247 0.6605793450881612 0.2202718006795017 0.24055415617128464
4 0.8196489241223103 0.422544080604534 0.2202718006795017 0.2506297229219144