0 0.8214692482915718 0.1792573623559539 0.21469248291571755 0.1792573623559539
1 0.8197608200455581 0.39500640204865556 0.21355353075170844 0.14980793854033292
5 0.8174829157175398 0.6395646606914213 0.21469248291571755 0.19590268886043533
6 0.6047835990888383 0.17285531370038412 0.21298405466970388 0.1613316261203585
7 0.6082004555808656 0.3975672215108835 0.21070615034168566 0.15749039692701663
8 0.6067767653758542 0.6357234314980794 0.2101366742596811 0.16517285531370038
9 0.4977220956719818 0.8687580025608195 0.8519362186788155 0.17285531370038412
10 0.3917995444191344 0.1709346991037132 0.21184510250569477 0.15749039692701663
11 0.39379271070615035 0.3975672215108835 0.21355353075170844 0.16005121638924455
12 0.39607061503416857 0.6229193341869398 0.208997722095672 0.18309859154929578
2 0.17710706150341685 0.1446862996158771 0.22323462414578588 0.21510883482714468
3 0.1791002277904328 0.382202304737516 0.21810933940774488 0.22151088348271447
4 0.18052391799544418 0.6254801536491678 0.21981776765375854 0.1882202304737516