0 0.1856829402084476 0.827741935483871 0.21448162369720242 0.1638709677419355
1 0.1856829402084476 0.6012903225806452 0.21228743828853539 0.16
5 0.1845858475041141 0.36774193548387096 0.21228743828853539 0.1832258064516129
6 0.39330773450356554 0.8309677419354838 0.21503017004936917 0.1703225806451613
7 0.3952276467361492 0.6 0.21119034558420186 0.17290322580645162
8 0.39467910038398246 0.36774193548387096 0.20899616017553482 0.14709677419354839
9 0.5019199122325837 0.13161290322580646 0.8513439385628085 0.1703225806451613
10 0.6072408118486012 0.824516129032258 0.21393307734503567 0.1832258064516129
11 0.6075150850246845 0.5916129032258064 0.21009325287986835 0.1664516129032258
12 0.6050466264399341 0.3548387096774194 0.21503017004936917 0.18064516129032257
2 0.8206253428414702 0.8309677419354838 0.21832144816236973 0.2167741935483871
3 0.8200767964893033 0.5961290322580645 0.21832144816236973 0.21419354838709678
4 0.8208996160175535 0.37483870967741933 0.21996708721886998 0.20516129032258065