0 0.816482582837723 0.8362068965517241 0.2141036533559898 0.1743295019157088
1 0.8156329651656754 0.5996168582375478 0.2107051826677995 0.16475095785440613
5 0.8152081563296517 0.3668582375478927 0.21155480033984708 0.1781609195402299
6 0.6049277824978759 0.8208812260536399 0.2107051826677995 0.17049808429118773
7 0.6049277824978759 0.5919540229885057 0.2107051826677995 0.16091954022988506
8 0.6049277824978759 0.36590038314176243 0.2107051826677995 0.16475095785440613
9 0.49787595581988103 0.13122605363984674 0.8513169073916738 0.17049808429118773
10 0.3929481733220051 0.8199233716475096 0.21155480033984708 0.18007662835249041
11 0.3925233644859813 0.553639846743295 0.2107051826677995 0.2413793103448276
12 0.39379779099405265 0.31992337164750956 0.21325403568394222 0.2567049808429119
2 0.17799490229396772 0.8256704980842912 0.2183517417162277 0.2835249042145594
3 0.17799490229396772 0.6264367816091954 0.2183517417162277 0.31417624521072796
4 0.17757009345794392 0.40229885057471265 0.21920135938827529 0.2950191570881226