0 0.17854113655640375 0.8218390804597702 0.21458863443596268 0.18007662835249041
1 0.179813401187447 0.6053639846743295 0.21374045801526717 0.14942528735632185
5 0.18193384223918574 0.3611111111111111 0.21458863443596268 0.19731800766283525
6 0.3905852417302799 0.8218390804597702 0.21119592875318066 0.1724137931034483
7 0.3914334181509754 0.6024904214559387 0.21119592875318066 0.15900383141762453
8 0.3927056827820187 0.3649425287356322 0.21034775233248515 0.16666666666666666
9 0.5055131467345207 0.13697318007662834 0.8566581849024597 0.20114942528735633
10 0.602629346904156 0.8113026819923371 0.21289228159457166 0.1896551724137931
11 0.6051738761662426 0.5766283524904214 0.21289228159457166 0.2222222222222222
12 0.6055979643765903 0.3381226053639847 0.21374045801526717 0.22030651340996169
2 0.816793893129771 0.8467432950191571 0.2205258693808312 0.2720306513409962
3 0.8197625106022053 0.6168582375478927 0.22137404580152673 0.2796934865900383
4 0.8206106870229007 0.35727969348659006 0.2196776929601357 0.2624521072796935