0 0.18148357870894677 0.18198992443324938 0.2146092865232163 0.2052896725440806
1 0.1803510758776897 0.39483627204030225 0.21347678369195924 0.14987405541561713
5 0.18261608154020384 0.639168765743073 0.2146092865232163 0.1952141057934509
6 0.394960362400906 0.18639798488664988 0.210079275198188 0.20151133501259447
7 0.39156285390713474 0.3973551637279597 0.210079275198188 0.1574307304785894
8 0.3929784824462061 0.6353904282115869 0.20951302378255945 0.16498740554156172
9 0.5022650056625142 0.8690176322418136 0.8516421291053228 0.1712846347607053
10 0.6053227633069083 0.19269521410579346 0.21064552661381652 0.2040302267002519
11 0.603907134767837 0.44836272040302266 0.21234428086070214 0.2770780856423174
12 0.603907134767837 0.6561712846347607 0.21121177802944507 0.19899244332493704
2 0.8176670441676104 0.18387909319899245 0.21517553793884484 0.19143576826196473
3 0.8168176670441676 0.3998740554156171 0.21347678369195924 0.1574307304785894
4 0.8173839184597962 0.6360201511335013 0.21121177802944507 0.16876574307304787