0 0.17865232163080408 0.17947103274559195 0.2146092865232163 0.1801007556675063
1 0.18176670441676104 0.3916876574307305 0.21177802944507362 0.19143576826196473
5 0.18261608154020384 0.639168765743073 0.2146092865232163 0.1952141057934509
6 0.39071347678369195 0.17884130982367757 0.21064552661381652 0.17380352644836272
7 0.39156285390713474 0.3973551637279597 0.210079275198188 0.1574307304785894
8 0.3929784824462061 0.6353904282115869 0.20951302378255945 0.16498740554156172
9 0.5048131370328426 0.8381612090680101 0.847678369195923 0.17002518891687657
10 0.6022083805209513 0.19206549118387908 0.21234428086070214 0.1977329974811083
11 0.6030577576443941 0.4445843828715365 0.21404303510758776 0.2518891687657431
12 0.603907134767837 0.6479848866498741 0.21234428086070214 0.21536523929471033
2 0.8168176670441676 0.16876574307304787 0.21800679501698755 0.17380352644836272
3 0.8171007927519819 0.38476070528967254 0.217440543601359 0.20277078085642317
4 0.8173839184597962 0.6360201511335013 0.21121177802944507 0.16876574307304787