0 0.17854113655640375 0.17904761904761904 0.21458863443596268 0.17904761904761904
1 0.179813401187447 0.3952380952380952 0.21374045801526717 0.15047619047619049
5 0.18447837150127228 0.6390476190476191 0.21458863443596268 0.19238095238095237
6 0.3905852417302799 0.17809523809523808 0.21119592875318066 0.17333333333333334
7 0.3939779474130619 0.39714285714285713 0.21289228159457166 0.15428571428571428
8 0.3927056827820187 0.6352380952380953 0.21034775233248515 0.1657142857142857
9 0.5021204410517388 0.8685714285714285 0.8515691263782866 0.17142857142857143
10 0.6039016115351993 0.19428571428571428 0.21374045801526717 0.21333333333333335
11 0.6043256997455471 0.41714285714285715 0.21119592875318066 0.19428571428571428
12 0.6077184054283291 0.6171428571428571 0.21458863443596268 0.2895238095238095
2 0.8189143341815097 0.12 0.22137404580152673 0.2361904761904762
3 0.8197625106022053 0.35333333333333333 0.2179813401187447 0.24952380952380954
4 0.8214588634435963 0.6 0.2196776929601357 0.2057142857142857