0 0.8194444444444444 0.17974683544303796 0.21258503401360543 0.1341772151898734
1 0.8171768707482994 0.40822784810126583 0.213718820861678 0.17088607594936708
5 0.8174603174603174 0.639873417721519 0.21428571428571427 0.1962025316455696
6 0.606859410430839 0.1759493670886076 0.21145124716553287 0.1518987341772152
7 0.6054421768707483 0.40569620253164557 0.20861678004535147 0.16329113924050634
8 0.6045918367346939 0.6487341772151899 0.21145124716553287 0.21645569620253163
9 0.49744897959183676 0.8696202531645569 0.8520408163265306 0.17215189873417722
10 0.3979591836734694 0.2107594936708861 0.21201814058956917 0.23417721518987342
11 0.3968253968253968 0.4582278481012658 0.20975056689342403 0.26329113924050634
12 0.3948412698412698 0.6563291139240506 0.20918367346938777 0.20126582278481012
2 0.18253968253968253 0.16772151898734178 0.21315192743764172 0.17848101265822786
3 0.1836734693877551 0.39177215189873416 0.21882086167800455 0.23164556962025318
4 0.18197278911564627 0.6367088607594936 0.2108843537414966 0.16962025316455695