0 0.1867140513942045 0.17994858611825193 0.2148715144887917 0.18508997429305912
1 0.1867140513942045 0.41131105398457585 0.21377802077638053 0.17994858611825193
5 0.18698742482230726 0.6516709511568124 0.2099507927829415 0.20565552699228792
6 0.39967195188627663 0.18123393316195371 0.20885729907053036 0.16195372750642673
7 0.3969382176052488 0.41966580976863754 0.21104428649535265 0.20179948586118251
8 0.39475123018042646 0.647172236503856 0.21104428649535265 0.19922879177377892
9 0.5035538545653363 0.8733933161953727 0.8507381082558775 0.18380462724935734
10 0.6088026243849098 0.17994858611825193 0.21377802077638053 0.17223650385604114
11 0.6063422635319847 0.4517994858611825 0.21432476763258612 0.2609254498714653
12 0.6071623838162931 0.718508997429306 0.21268452706396937 0.3161953727506427
2 0.8239475123018043 0.21722365038560412 0.21541826134499725 0.35475578406169667
3 0.8239475123018043 0.39588688946015427 0.21541826134499725 0.35218508997429304
4 0.8214871514488792 0.6323907455012854 0.22033898305084745 0.2442159383033419