0 0.8134246575342465 0.17183462532299743 0.21424657534246574 0.17571059431524547
1 0.8128767123287671 0.39147286821705424 0.21424657534246574 0.16795865633074936
5 0.8180821917808219 0.6375968992248062 0.2147945205479452 0.19509043927648578
6 0.6010958904109589 0.1744186046511628 0.2136986301369863 0.16795865633074936
7 0.6027397260273972 0.4102067183462532 0.2104109589041096 0.17958656330749354
8 0.6076712328767123 0.6350129198966409 0.2104109589041096 0.16666666666666666
9 0.4983561643835616 0.8675710594315246 0.8509589041095891 0.17183462532299743
10 0.3904109589041096 0.17700258397932817 0.21205479452054796 0.1731266149870801
11 0.39424657534246577 0.4315245478036176 0.21315068493150685 0.26356589147286824
12 0.39506849315068493 0.6582687338501292 0.2126027397260274 0.23126614987080105
2 0.17616438356164382 0.18023255813953487 0.21863013698630138 0.1925064599483204
3 0.1778082191780822 0.4076227390180879 0.21863013698630138 0.1847545219638243
4 0.1789041095890411 0.6285529715762274 0.21643835616438356 0.15633074935400518