0 0.18322981366459629 0.8369017632241813 0.2140033879164314 0.17506297229219145
1 0.18012422360248448 0.6051637279596978 0.2134387351778656 0.14987405541561713
5 0.18238283455674761 0.3608312342569269 0.21456804065499718 0.1952141057934509
6 0.3961038961038961 0.8217884130982368 0.21174477696216826 0.18765743073047858
7 0.39158667419536985 0.6026448362720404 0.2106154714850367 0.1574307304785894
8 0.3929983060417843 0.3646095717884131 0.2100508187464709 0.16498740554156172
9 0.5022586109542632 0.1309823677581864 0.8520609824957651 0.1712846347607053
10 0.6072840203274986 0.8060453400503779 0.20948616600790515 0.21158690176322417
11 0.606154714850367 0.5585642317380353 0.21174477696216826 0.2304785894206549
12 0.6053077357425184 0.3161209068010076 0.21230942970073405 0.26700251889168763
2 0.8198757763975155 0.8280856423173804 0.21908526256352343 0.3236775818639798
3 0.8215697346132129 0.6139798488664987 0.21795595708639187 0.28337531486146095
4 0.82128740824393 0.38413098236775817 0.21739130434782608 0.25440806045340053