0 0.1828231292517007 0.16475095785440613 0.21428571428571427 0.1685823754789272
1 0.1828231292517007 0.39272030651340994 0.21428571428571427 0.17624521072796934
5 0.18239795918367346 0.6388888888888888 0.2151360544217687 0.19731800766283525
6 0.39540816326530615 0.1724137931034483 0.21428571428571427 0.18007662835249041
7 0.39540816326530615 0.4003831417624521 0.21258503401360543 0.16091954022988506
8 0.39540816326530615 0.6293103448275862 0.21258503401360543 0.15517241379310345
9 0.5034013605442177 0.8630268199233716 0.8571428571428571 0.25862068965517243
10 0.608843537414966 0.18007662835249041 0.21428571428571427 0.18007662835249041
11 0.6079931972789115 0.42337164750957856 0.21258503401360543 0.20689655172413793
12 0.6058673469387755 0.6628352490421456 0.21343537414965985 0.21839080459770116
2 0.8244047619047619 0.1810344827586207 0.2185374149659864 0.21264367816091953
3 0.8244047619047619 0.41379310344827586 0.21683673469387754 0.20306513409961685
4 0.8231292517006803 0.6408045977011494 0.21768707482993196 0.1781609195402299