0 0.8132530120481928 0.8273195876288659 0.21358159912376778 0.17268041237113402
1 0.8151697699890471 0.6037371134020618 0.21412924424972618 0.1559278350515464
5 0.8151697699890471 0.36726804123711343 0.21412924424972618 0.19072164948453607
6 0.604052573932092 0.8150773195876289 0.21029572836801752 0.19458762886597938
7 0.6046002190580504 0.5985824742268041 0.21248630887185105 0.16623711340206185
8 0.6073384446878423 0.36662371134020616 0.21029572836801752 0.16623711340206185
9 0.49835706462212487 0.13208762886597938 0.8510405257393209 0.1713917525773196
10 0.39184008762322015 0.8125 0.21303395399780942 0.20489690721649484
11 0.3932092004381161 0.5637886597938144 0.21029572836801752 0.25128865979381443
12 0.3932092004381161 0.3395618556701031 0.21358159912376778 0.23067010309278352
2 0.17634173055859803 0.8498711340206185 0.2212486308871851 0.20231958762886598
3 0.1771631982475356 0.6063144329896907 0.21631982475355968 0.15850515463917525
4 0.17771084337349397 0.3698453608247423 0.2185104052573932 0.16494845360824742