0 0.8148249452954048 0.17548387096774193 0.2149890590809628 0.18064516129032257
1 0.8145514223194749 0.39806451612903226 0.21444201312910285 0.1664516129032258
5 0.8148249452954048 0.6303225806451613 0.21170678336980306 0.17935483870967742
6 0.6028446389496718 0.19161290322580646 0.212253829321663 0.19225806451612903
7 0.6031181619256017 0.40516129032258064 0.20951859956236324 0.1832258064516129
8 0.6074945295404814 0.6341935483870967 0.21061269146608316 0.1664516129032258
9 0.4980853391684901 0.867741935483871 0.8517505470459519 0.17161290322580644
10 0.39305251641137856 0.17548387096774193 0.21061269146608316 0.2503225806451613
11 0.3938730853391685 0.4587096774193548 0.212253829321663 0.27741935483870966
12 0.3952407002188184 0.6729032258064516 0.21608315098468273 0.3058064516129032
2 0.1786105032822757 0.14258064516129032 0.22045951859956237 0.28516129032258064
3 0.17888402625820568 0.3580645161290323 0.21991247264770242 0.24903225806451612
4 0.17970459518599563 0.604516129032258 0.21608315098468273 0.2670967741935484