0 0.17769296013570823 0.8275862068965517 0.21289228159457166 0.15708812260536398
1 0.17938931297709923 0.617816091954023 0.2179813401187447 0.17049808429118773
5 0.18193384223918574 0.3611111111111111 0.21458863443596268 0.19731800766283525
6 0.3905852417302799 0.8084291187739464 0.21289228159457166 0.19923371647509577
7 0.3914334181509754 0.6024904214559387 0.21119592875318066 0.15900383141762453
8 0.3927056827820187 0.3649425287356322 0.21034775233248515 0.16666666666666666
9 0.503392705682782 0.15134099616858238 0.8558100084817643 0.18007662835249041
10 0.6017811704834606 0.8256704980842912 0.21289228159457166 0.1724137931034483
11 0.6043256997455471 0.5833333333333334 0.21119592875318066 0.19348659003831417
12 0.6072943172179813 0.3668582375478927 0.21204410517387617 0.1781609195402299
2 0.8159457167090755 0.8496168582375478 0.21882951653944022 0.20114942528735633
3 0.820186598812553 0.6245210727969349 0.2205258693808312 0.21455938697318008
4 0.818490245971162 0.3936781609195402 0.21882951653944022 0.2049808429118774