0 0.8223070398642918 0.1724137931034483 0.21289228159457166 0.15708812260536398
1 0.8206106870229007 0.382183908045977 0.2179813401187447 0.17049808429118773
5 0.8180661577608143 0.6388888888888888 0.21458863443596268 0.19731800766283525
6 0.6094147582697201 0.19157088122605365 0.21289228159457166 0.19923371647509577
7 0.6085665818490246 0.3975095785440613 0.21119592875318066 0.15900383141762453
8 0.6072943172179813 0.6350574712643678 0.21034775233248515 0.16666666666666666
9 0.496607294317218 0.8486590038314177 0.8558100084817643 0.18007662835249041
10 0.3982188295165394 0.1743295019157088 0.21289228159457166 0.1724137931034483
11 0.39567430025445294 0.4166666666666667 0.21119592875318066 0.19348659003831417
12 0.3927056827820187 0.6331417624521073 0.21204410517387617 0.1781609195402299
2 0.18405428329092452 0.1503831417624521 0.21882951653944022 0.20114942528735633
3 0.179813401187447 0.37547892720306514 0.2205258693808312 0.21455938697318008
4 0.181509754028838 0.6063218390804598 0.21882951653944022 0.2049808429118774