0 0.17865232163080408 0.8207070707070707 0.2146092865232163 0.17929292929292928
1 0.1803510758776897 0.6054292929292929 0.21347678369195924 0.15025252525252525
5 0.18261608154020384 0.36047979797979796 0.2146092865232163 0.19570707070707072
6 0.39071347678369195 0.8213383838383839 0.21064552661381652 0.17297979797979798
7 0.39156285390713474 0.6029040404040404 0.210079275198188 0.15782828282828282
8 0.3929784824462061 0.36426767676767674 0.20951302378255945 0.16540404040404041
9 0.5022650056625142 0.13131313131313133 0.8516421291053228 0.1717171717171717
10 0.6016421291053228 0.8080808080808081 0.21234428086070214 0.20959595959595959
11 0.6033408833522084 0.5340909090909091 0.21234428086070214 0.30303030303030304
12 0.6041902604756512 0.33775252525252525 0.21177802944507362 0.21085858585858586
2 0.8159682899207248 0.8491161616161617 0.21857304643261607 0.20075757575757575
3 0.8165345413363534 0.6237373737373737 0.21970554926387317 0.20959595959595959
4 0.8190826727066818 0.3907828282828283 0.21800679501698755 0.16792929292929293