0 0.1820667031164571 0.14038461538461539 0.21323127392017496 0.191025641025641
1 0.18370694368507381 0.33525641025641023 0.21323127392017496 0.27564102564102566
5 0.1817933296883543 0.6378205128205128 0.2148715144887917 0.19615384615384615
6 0.39529797703663205 0.21346153846153845 0.21323127392017496 0.25256410256410255
7 0.391470749043193 0.3967948717948718 0.21104428649535265 0.1576923076923077
8 0.3977583378895571 0.5935897435897436 0.2148715144887917 0.20512820512820512
9 0.5057408419901586 0.8064102564102564 0.8572990705303445 0.25384615384615383
10 0.608529250956807 0.22692307692307692 0.2077638053581192 0.2846153846153846
11 0.6071623838162931 0.41923076923076924 0.21268452706396937 0.23846153846153847
12 0.6101694915254238 0.5916666666666667 0.21323127392017496 0.2782051282051282
2 0.8209404045926736 0.11602564102564103 0.21815199562602516 0.23205128205128206
3 0.8234007654455987 0.2833333333333333 0.21541826134499725 0.35128205128205126
4 0.8244942591580099 0.5442307692307692 0.21323127392017496 0.2935897435897436