0 0.17865232163080408 0.17947103274559195 0.2146092865232163 0.1801007556675063
1 0.1803510758776897 0.39483627204030225 0.21347678369195924 0.14987405541561713
5 0.18459796149490373 0.6599496221662469 0.21177802944507362 0.22670025188916876
6 0.39071347678369195 0.17884130982367757 0.21064552661381652 0.17380352644836272
7 0.39156285390713474 0.3973551637279597 0.210079275198188 0.1574307304785894
8 0.3952434881087203 0.6467254408060453 0.21064552661381652 0.2052896725440806
9 0.5042468856172141 0.8828715365239295 0.8533408833522084 0.2141057934508816
10 0.6016421291053228 0.17443324937027707 0.21234428086070214 0.172544080604534
11 0.603907134767837 0.4181360201511335 0.21121177802944507 0.19395465994962216
12 0.6058890147225368 0.6681360201511335 0.21177802944507362 0.24811083123425692
2 0.8185164212910532 0.1964735516372796 0.22253680634201586 0.3047858942065491
3 0.8171007927519819 0.4074307304785894 0.217440543601359 0.30100755667506296
4 0.8199320498301246 0.6246851385390428 0.21970554926387317 0.2795969773299748