0 0.8214588634435963 0.8218390804597702 0.21458863443596268 0.18007662835249041
1 0.8180661577608143 0.5957854406130269 0.21289228159457166 0.1685823754789272
5 0.8180661577608143 0.3611111111111111 0.21458863443596268 0.19731800766283525
6 0.6055979643765903 0.8208812260536399 0.2154368108566582 0.1743295019157088
7 0.6055979643765903 0.592911877394636 0.21374045801526717 0.16666666666666666
8 0.6072943172179813 0.3649425287356322 0.21034775233248515 0.16666666666666666
9 0.49787955894826125 0.13122605363984674 0.8515691263782866 0.17049808429118773
10 0.3927056827820187 0.8151340996168582 0.21204410517387617 0.1781609195402299
11 0.3922815945716709 0.5708812260536399 0.21458863443596268 0.21839080459770116
12 0.3939779474130619 0.33620689655172414 0.21289228159457166 0.23563218390804597
2 0.17769296013570823 0.8151340996168582 0.2196776929601357 0.24329501915708812
3 0.17726887192536048 0.5957854406130269 0.21882951653944022 0.24521072796934865
4 0.17896522476675147 0.36590038314176243 0.2171331636980492 0.27586206896551724