0 0.17865232163080408 0.17879548306148055 0.2146092865232163 0.1794228356336261
1 0.1803510758776897 0.39523212045169387 0.21347678369195924 0.15056461731493098
5 0.18261608154020384 0.6392722710163111 0.2146092865232163 0.19698870765370138
6 0.39071347678369195 0.178168130489335 0.21064552661381652 0.17314930991217065
7 0.39156285390713474 0.397741530740276 0.210079275198188 0.15809284818067754
8 0.3929784824462061 0.6355081555834379 0.20951302378255945 0.1668757841907152
9 0.5022650056625142 0.8688833124215809 0.8516421291053228 0.17189460476787954
10 0.6016421291053228 0.1737766624843162 0.21234428086070214 0.17189460476787954
11 0.603907134767837 0.4178168130489335 0.21121177802944507 0.1932245922208281
12 0.6036240090600227 0.622961104140527 0.20951302378255945 0.18444165621079048
2 0.8159682899207248 0.15056461731493098 0.21857304643261607 0.20075282308657466
3 0.8168176670441676 0.4002509410288582 0.21347678369195924 0.15809284818067754
4 0.8185164212910532 0.6223337515683814 0.21913929784824462 0.20326223337515684