0 0.18572210065645514 0.17073170731707318 0.21280087527352298 0.17715019255455713
1 0.18572210065645514 0.37163029525032093 0.21280087527352298 0.20154043645699615
5 0.18572210065645514 0.6039794608472401 0.21061269146608316 0.2092426187419769
6 0.3971553610503282 0.17586649550706032 0.212253829321663 0.1797175866495507
7 0.3946936542669584 0.40757381258023107 0.21170678336980306 0.18356867779204109
8 0.3963347921225383 0.616816431322208 0.21170678336980306 0.21694480102695765
9 0.5035557986870897 0.8421052631578947 0.8517505470459519 0.24133504492939667
10 0.6094091903719913 0.17458279845956354 0.2089715536105033 0.1822849807445443
11 0.6069474835886215 0.41014120667522463 0.21280087527352298 0.2554557124518614
12 0.6077680525164114 0.6270860077021823 0.2111597374179431 0.20154043645699615
2 0.8216630196936543 0.13093709884467267 0.2188183807439825 0.2362002567394095
3 0.8202954048140044 0.36713735558408217 0.21936542669584244 0.21822849807445444
4 0.8213894967177243 0.6155327342747111 0.21936542669584244 0.19383825417201542