0 0.17836010143702452 0.8206106870229007 0.2147083685545224 0.17938931297709923
1 0.18005071851225699 0.6059160305343512 0.21301775147928995 0.15076335877862596
5 0.18258664412510567 0.3616412213740458 0.2147083685545224 0.1965648854961832
6 0.3905325443786982 0.8215648854961832 0.21132713440405748 0.1736641221374046
7 0.39180050718512255 0.6020992366412213 0.21048182586644126 0.15839694656488548
8 0.39306846999154693 0.3654580152671756 0.20963651732882502 0.16603053435114504
9 0.5067624683009299 0.12881679389312978 0.8546069315300084 0.19274809160305342
10 0.6014370245139475 0.8263358778625954 0.2121724429416737 0.1717557251908397
11 0.6039729501267963 0.5830152671755725 0.21048182586644126 0.19274809160305342
12 0.6077768385460693 0.34446564885496184 0.2147083685545224 0.21183206106870228
2 0.8182586644125106 0.8291984732824428 0.21978021978021978 0.21946564885496184
3 0.8195266272189349 0.6154580152671756 0.22231614539306846 0.20419847328244276
4 0.8212172442941674 0.383587786259542 0.21893491124260356 0.1984732824427481