0 0.8178723404255319 0.8342911877394636 0.2127659574468085 0.1743295019157088
1 0.816595744680851 0.5833333333333334 0.21361702127659574 0.1896551724137931
5 0.8178723404255319 0.3611111111111111 0.214468085106383 0.19731800766283525
6 0.6051063829787234 0.8208812260536399 0.214468085106383 0.1743295019157088
7 0.6063829787234043 0.5900383141762452 0.2153191489361702 0.19157088122605365
8 0.6051063829787234 0.3524904214559387 0.21106382978723404 0.19923371647509577
9 0.49617021276595746 0.12643678160919541 0.851063829787234 0.1839080459770115
10 0.39106382978723403 0.8199233716475096 0.21361702127659574 0.1724137931034483
11 0.3931914893617021 0.5478927203065134 0.214468085106383 0.26053639846743293
12 0.3923404255319149 0.28065134099616856 0.2127659574468085 0.3160919540229885
2 0.17574468085106382 0.7825670498084292 0.2153191489361702 0.3544061302681992
3 0.17574468085106382 0.603448275862069 0.2153191489361702 0.3524904214559387
4 0.17829787234042555 0.3668582375478927 0.2204255319148936 0.24329501915708812