0 0.8132199670872189 0.832687338501292 0.21448162369720242 0.1744186046511628
1 0.8126714207350522 0.5968992248062015 0.21228743828853539 0.16795865633074936
5 0.8137685134393856 0.36757105943152457 0.21228743828853539 0.17183462532299743
6 0.6012068019747668 0.8145994832041343 0.21173889193636863 0.18733850129198967
7 0.6031267142073505 0.5923772609819121 0.21119034558420186 0.17958656330749354
8 0.6036752605595173 0.37209302325581395 0.2133845309928689 0.1731266149870801
9 0.4931431705979155 0.13565891472868216 0.8546352166758091 0.1731266149870801
10 0.38919363686231484 0.810077519379845 0.20789906747120132 0.18087855297157623
11 0.3924849149753154 0.588501291989664 0.2133845309928689 0.17183462532299743
12 0.3927591881513988 0.3488372093023256 0.21503017004936917 0.23772609819121446
2 0.17580910586944598 0.8249354005167958 0.21886999451453648 0.1821705426356589
3 0.17855183763027976 0.6246770025839793 0.21996708721886998 0.23385012919896642
4 0.17882611080636313 0.3850129198966408 0.2172243554580362 0.21963824289405684