0 0.8214588634435963 0.1781609195402299 0.21458863443596268 0.18007662835249041
1 0.820186598812553 0.3946360153256705 0.21374045801526717 0.14942528735632185
5 0.8180661577608143 0.6388888888888888 0.21458863443596268 0.19731800766283525
6 0.6094147582697201 0.1781609195402299 0.21119592875318066 0.1724137931034483
7 0.6085665818490246 0.3975095785440613 0.21119592875318066 0.15900383141762453
8 0.6072943172179813 0.6350574712643678 0.21034775233248515 0.16666666666666666
9 0.49787955894826125 0.8687739463601533 0.8515691263782866 0.17049808429118773
10 0.3977947413061917 0.18582375478927204 0.21204410517387617 0.18773946360153257
11 0.39609838846480067 0.44157088122605365 0.2154368108566582 0.25862068965517243
12 0.3935538592027142 0.685823754789272 0.2154368108566582 0.25287356321839083
2 0.1823579304495335 0.15134099616858238 0.2205258693808312 0.30268199233716475
3 0.1806615776081425 0.3486590038314176 0.2222222222222222 0.36015325670498083
4 0.17896522476675147 0.5977011494252874 0.2205258693808312 0.25287356321839083