0 0.816236972024136 0.16945876288659795 0.21393307734503567 0.17654639175257733
1 0.8181568842567197 0.39755154639175255 0.21448162369720242 0.16623711340206185
5 0.8178826110806363 0.6385309278350515 0.21503017004936917 0.19458762886597938
6 0.6044980800877674 0.17332474226804123 0.20844761382336807 0.17654639175257733
7 0.6086121777290181 0.39690721649484534 0.21009325287986835 0.15721649484536082
8 0.6075150850246845 0.6346649484536082 0.20899616017553482 0.16623711340206185
9 0.49808008776741636 0.8679123711340206 0.8513439385628085 0.1713917525773196
10 0.39330773450356554 0.18041237113402062 0.21283598464070214 0.18041237113402062
11 0.3965990126165661 0.4168814432989691 0.2106417992320351 0.19458762886597938
12 0.3965990126165661 0.6217783505154639 0.2095447065277016 0.18427835051546393
2 0.18102029621503016 0.17525773195876287 0.21832144816236973 0.18556701030927836
3 0.1804717498628634 0.3801546391752577 0.21941854086670323 0.19845360824742267
4 0.17855183763027976 0.6127577319587629 0.22216127262753702 0.20231958762886598