0 0.1822562358276644 0.17297979797979798 0.213718820861678 0.17676767676767677
1 0.18027210884353742 0.39457070707070707 0.21315192743764172 0.15025252525252525
5 0.18112244897959184 0.6338383838383839 0.21145124716553287 0.19444444444444445
6 0.3945578231292517 0.17866161616161616 0.21201814058956917 0.17803030303030304
7 0.39143990929705214 0.3970959595959596 0.21031746031746032 0.15782828282828282
8 0.39285714285714285 0.6357323232323232 0.20975056689342403 0.16540404040404041
9 0.49943310657596374 0.8478535353535354 0.8514739229024944 0.17045454545454544
10 0.6060090702947846 0.18434343434343434 0.2108843537414966 0.17424242424242425
11 0.6043083900226758 0.38825757575757575 0.21428571428571427 0.1830808080808081
12 0.6060090702947846 0.5997474747474747 0.20521541950113378 0.22474747474747475
2 0.8202947845804989 0.13194444444444445 0.2199546485260771 0.24368686868686867
3 0.8183106575963719 0.37247474747474746 0.2205215419501134 0.20707070707070707
4 0.8183106575963719 0.6205808080808081 0.2171201814058957 0.17297979797979798