0 0.1839080459770115 0.16731016731016732 0.2134646962233169 0.15958815958815958
1 0.18445539135194308 0.39703989703989706 0.2134646962233169 0.15057915057915058
5 0.18472906403940886 0.6280566280566281 0.21291735084838534 0.1776061776061776
6 0.39408866995073893 0.1653796653796654 0.21237000547345375 0.16344916344916344
7 0.391351943076081 0.39703989703989706 0.2112753147235906 0.1583011583011583
8 0.3924466338259442 0.6344916344916345 0.21018062397372742 0.16731016731016732
9 0.5019157088122606 0.868082368082368 0.8516694033935414 0.17117117117117117
10 0.6059113300492611 0.16795366795366795 0.2112753147235906 0.1583011583011583
11 0.6042692939244664 0.4157014157014157 0.2112753147235906 0.19305019305019305
12 0.6056376573617953 0.6396396396396397 0.21291735084838534 0.18018018018018017
2 0.819376026272578 0.16924066924066924 0.21784345922276957 0.20463320463320464
3 0.8188286808976464 0.4124839124839125 0.21784345922276957 0.1891891891891892
4 0.8207443897099069 0.640926640926641 0.21729611384783798 0.1879021879021879