0 0.1784197111299915 0.1781609195402299 0.2141036533559898 0.18007662835249041
1 0.18011894647408666 0.3946360153256705 0.2141036533559898 0.14942528735632185
5 0.18564146134239592 0.6340996168582376 0.21325403568394222 0.18007662835249041
6 0.3903993203058624 0.1781609195402299 0.21155480033984708 0.1724137931034483
7 0.39167374681393374 0.3975095785440613 0.2107051826677995 0.15900383141762453
8 0.3959218351741716 0.632183908045977 0.21240441801189464 0.15708812260536398
9 0.5021240441801189 0.8687739463601533 0.8513169073916738 0.17049808429118773
10 0.6023789294817332 0.1781609195402299 0.21240441801189464 0.19157088122605365
11 0.6040781648258283 0.4166666666666667 0.2107051826677995 0.19348659003831417
12 0.6083262531860663 0.6360153256704981 0.2141036533559898 0.1724137931034483
2 0.8190314358538657 0.14942528735632185 0.22090059473237042 0.17624521072796934
3 0.8211554800339848 0.328544061302682 0.221750212404418 0.2777777777777778
4 0.8215802888700084 0.5747126436781609 0.21920135938827529 0.26053639846743293