0 0.17865232163080408 0.17929292929292928 0.2146092865232163 0.17929292929292928
1 0.1803510758776897 0.39457070707070707 0.21347678369195924 0.15025252525252525
5 0.18261608154020384 0.639520202020202 0.2146092865232163 0.19570707070707072
6 0.39071347678369195 0.17866161616161616 0.21064552661381652 0.17297979797979798
7 0.39354473386183464 0.4154040404040404 0.21064552661381652 0.19696969696969696
8 0.3929784824462061 0.6357323232323232 0.20951302378255945 0.16540404040404041
9 0.5022650056625142 0.8686868686868687 0.8516421291053228 0.1717171717171717
10 0.6024915062287656 0.23737373737373738 0.21064552661381652 0.29545454545454547
11 0.6027746319365799 0.5340909090909091 0.21347678369195924 0.5732323232323232
12 0.6047565118912798 0.7329545454545454 0.2129105322763307 0.5315656565656566
2 0.8176670441676104 0.15151515151515152 0.21970554926387317 0.24242424242424243
3 0.8171007927519819 0.3926767676767677 0.21517553793884484 0.49242424242424243
4 0.8173839184597962 0.6553030303030303 0.21574178935447338 0.18181818181818182