0 0.178631995477671 0.820528967254408 0.21481062747314866 0.1801007556675063
1 0.18032786885245902 0.6051637279596978 0.21368004522328998 0.14987405541561713
5 0.18258903335217638 0.3608312342569269 0.21481062747314866 0.1952141057934509
6 0.390616167326173 0.8211586901763224 0.21141888072357265 0.17380352644836272
7 0.39174674957603167 0.6026448362720404 0.21028829847371397 0.1574307304785894
8 0.393159977388355 0.3646095717884131 0.20972300734878463 0.16498740554156172
9 0.5022611644997174 0.1309823677581864 0.8518937252685133 0.1712846347607053
10 0.6017524024872809 0.825566750629723 0.211984171848502 0.172544080604534
11 0.6028829847371396 0.568639798488665 0.21311475409836064 0.24055415617128464
12 0.603448275862069 0.3425692695214106 0.21311475409836064 0.2594458438287154
2 0.8159977388355003 0.8211586901763224 0.21989824759751272 0.22670025188916876
3 0.8168456755228943 0.6001259445843828 0.21368004522328998 0.1574307304785894
4 0.8174109666478236 0.36397984886649876 0.21141888072357265 0.16876574307304787