0 0.8193181818181818 0.17974683544303796 0.2125 0.1341772151898734
1 0.8170454545454545 0.40822784810126583 0.21363636363636362 0.17088607594936708
5 0.8173295454545455 0.639873417721519 0.21420454545454545 0.1962025316455696
6 0.6068181818181818 0.1759493670886076 0.21136363636363636 0.1518987341772152
7 0.6053977272727272 0.40569620253164557 0.20852272727272728 0.16329113924050634
8 0.6045454545454545 0.6487341772151899 0.21136363636363636 0.21645569620253163
9 0.4974431818181818 0.8696202531645569 0.8517045454545454 0.17215189873417722
10 0.39857954545454544 0.19873417721518988 0.2119318181818182 0.20759493670886076
11 0.39744318181818183 0.44050632911392407 0.21079545454545454 0.2379746835443038
12 0.3926136363636364 0.65 0.20909090909090908 0.20126582278481012
2 0.18267045454545455 0.16772151898734178 0.21306818181818182 0.17848101265822786
3 0.18267045454545455 0.4006329113924051 0.21306818181818182 0.15822784810126583
4 0.18210227272727272 0.6367088607594936 0.21079545454545454 0.16962025316455695