0 0.17838983050847457 0.8206106870229007 0.21440677966101696 0.17938931297709923
1 0.18008474576271186 0.6059160305343512 0.21271186440677967 0.15076335877862596
5 0.1826271186440678 0.3616412213740458 0.21440677966101696 0.1965648854961832
6 0.3902542372881356 0.8215648854961832 0.21101694915254238 0.1736641221374046
7 0.39152542372881355 0.6020992366412213 0.21016949152542372 0.15839694656488548
8 0.3927966101694915 0.3654580152671756 0.2093220338983051 0.16603053435114504
9 0.5021186440677966 0.1316793893129771 0.8516949152542372 0.1717557251908397
10 0.6016949152542372 0.8263358778625954 0.211864406779661 0.1717557251908397
11 0.6038135593220338 0.5830152671755725 0.21101694915254238 0.19274809160305342
12 0.6067796610169491 0.3435114503816794 0.2135593220338983 0.21755725190839695
2 0.8233050847457627 0.8301526717557252 0.2211864406779661 0.21374045801526717
3 0.8220338983050848 0.5954198473282443 0.21864406779661016 0.18702290076335878
4 0.8207627118644067 0.37309160305343514 0.21949152542372882 0.19274809160305342