0 0.18340611353711792 0.8384813384813384 0.212882096069869 0.17117117117117117
1 0.18422489082969432 0.6164736164736164 0.21451965065502182 0.20077220077220076
5 0.1847707423580786 0.3758043758043758 0.21561135371179038 0.18532818532818532
6 0.39574235807860264 0.8204633204633205 0.21179039301310043 0.1891891891891892
7 0.3951965065502183 0.6036036036036037 0.212882096069869 0.15186615186615188
8 0.39574235807860264 0.37516087516087515 0.21397379912663755 0.1891891891891892
9 0.5035480349344978 0.16602316602316602 0.855349344978166 0.2187902187902188
10 0.6078056768558951 0.8236808236808236 0.2134279475982533 0.18532818532818532
11 0.607532751091703 0.601029601029601 0.212882096069869 0.1776061776061776
12 0.6078056768558951 0.37966537966537967 0.2134279475982533 0.19305019305019305
2 0.8220524017467249 0.8526383526383526 0.21943231441048036 0.18404118404118405
3 0.822325327510917 0.6126126126126126 0.21561135371179038 0.20077220077220076
4 0.8220524017467249 0.3764478764478765 0.21943231441048036 0.16344916344916344