0 0.8213879408418657 0.18718274111675126 0.21387940841865757 0.1865482233502538
1 0.8168373151308305 0.4086294416243655 0.21387940841865757 0.1700507614213198
5 0.8191126279863481 0.6554568527918782 0.2150170648464164 0.2398477157360406
6 0.6094994311717861 0.18274111675126903 0.21217292377701935 0.1802030456852792
7 0.6092150170648464 0.4137055837563452 0.21160409556313994 0.1802030456852792
8 0.6046643913538111 0.6491116751269036 0.21046643913538113 0.217005076142132
9 0.49772468714448237 0.8324873096446701 0.850967007963595 0.19035532994923857
10 0.3981797497155859 0.1865482233502538 0.21160409556313994 0.17766497461928935
11 0.39505119453924914 0.41878172588832485 0.21103526734926054 0.19289340101522842
12 0.39647326507394764 0.6364213197969543 0.21046643913538113 0.2017766497461929
2 0.18486916951080773 0.14911167512690354 0.22070534698521047 0.2068527918781726
3 0.18430034129692832 0.38578680203045684 0.2161547212741752 0.233502538071066
4 0.18430034129692832 0.6243654822335025 0.21729237770193402 0.21065989847715735