0 0.1851750547045952 0.17548387096774193 0.2149890590809628 0.18064516129032257
1 0.18544857768052517 0.39806451612903226 0.21444201312910285 0.1664516129032258
5 0.1851750547045952 0.6303225806451613 0.21170678336980306 0.17935483870967742
6 0.3971553610503282 0.19161290322580646 0.212253829321663 0.19225806451612903
7 0.39688183807439825 0.40516129032258064 0.20951859956236324 0.1832258064516129
8 0.3925054704595186 0.6341935483870967 0.21061269146608316 0.1664516129032258
9 0.5019146608315098 0.867741935483871 0.8517505470459519 0.17161290322580644
10 0.6069474835886215 0.17548387096774193 0.21061269146608316 0.2503225806451613
11 0.6061269146608315 0.4587096774193548 0.212253829321663 0.27741935483870966
12 0.6047592997811816 0.6729032258064516 0.21608315098468273 0.3058064516129032
2 0.8213894967177243 0.14258064516129032 0.22045951859956237 0.28516129032258064
3 0.8211159737417943 0.3580645161290323 0.21991247264770242 0.24903225806451612
4 0.8202954048140044 0.604516129032258 0.21608315098468273 0.2670967741935484