0 0.18226600985221675 0.16709677419354838 0.21455938697318008 0.1638709677419355
1 0.18445539135194308 0.39548387096774196 0.21018062397372742 0.17161290322580644
5 0.1833607006020799 0.64 0.21237000547345375 0.1703225806451613
6 0.39025725232621783 0.1774193548387097 0.2112753147235906 0.17161290322580644
7 0.391351943076081 0.3967741935483871 0.2112753147235906 0.15870967741935485
8 0.3924466338259442 0.6341935483870967 0.21018062397372742 0.1664516129032258
9 0.5030103995621237 0.8638709677419355 0.8538587848932676 0.22064516129032258
10 0.6042692939244664 0.19870967741935483 0.2112753147235906 0.22193548387096773
11 0.6037219485495348 0.4270967741935484 0.21237000547345375 0.20129032258064516
12 0.6050903119868637 0.6432258064516129 0.21291735084838534 0.1638709677419355
2 0.8155446086480569 0.14967741935483872 0.21893814997263272 0.20129032258064516
3 0.8169129720853858 0.38451612903225807 0.21620142309797483 0.2064516129032258
4 0.8182813355227149 0.6193548387096774 0.21674876847290642 0.1935483870967742