0 0.8139025725232621 0.15295629820051415 0.21565407772304324 0.14395886889460155
1 0.8130815544608648 0.36246786632390743 0.2140120415982485 0.2544987146529563
5 0.8130815544608648 0.6233933161953727 0.21182266009852216 0.17737789203084833
6 0.6018062397372742 0.18508997429305912 0.2140120415982485 0.20822622107969152
7 0.6053639846743295 0.39845758354755784 0.21674876847290642 0.16195372750642673
8 0.6037219485495348 0.6111825192802056 0.2134646962233169 0.2480719794344473
9 0.49507389162561577 0.8451156812339332 0.8555008210180624 0.25578406169665807
10 0.3899835796387521 0.19087403598971722 0.210727969348659 0.18637532133676094
11 0.3921729611384784 0.40424164524421596 0.210727969348659 0.17352185089974292
12 0.39053092501368364 0.6323907455012854 0.210727969348659 0.1928020565552699
2 0.17925561029009304 0.15231362467866325 0.22058018609742747 0.21722365038560412
3 0.18007662835249041 0.3856041131105398 0.21674876847290642 0.2210796915167095
4 0.17733990147783252 0.6098971722365039 0.21784345922276957 0.19922879177377892