0 0.18582375478927204 0.1653796653796654 0.210727969348659 0.19433719433719435
1 0.18500273672687464 0.3963963963963964 0.21237000547345375 0.15701415701415702
5 0.18199233716475097 0.6377091377091377 0.2140120415982485 0.1969111969111969
6 0.3921729611384784 0.18725868725868725 0.21182266009852216 0.1994851994851995
7 0.3935413245758073 0.4066924066924067 0.21237000547345375 0.1776061776061776
8 0.3921729611384784 0.6338481338481339 0.20963327859879585 0.16602316602316602
9 0.5019157088122606 0.8674388674388674 0.8516694033935414 0.17245817245817247
10 0.6026272577996716 0.18532818532818532 0.21237000547345375 0.19305019305019305
11 0.6037219485495348 0.4407979407979408 0.21455938697318008 0.25353925353925355
12 0.6053639846743295 0.6589446589446589 0.2112753147235906 0.22393822393822393
2 0.8177339901477833 0.13384813384813385 0.2200328407224959 0.2651222651222651
3 0.8174603174603174 0.34491634491634493 0.22058018609742747 0.2754182754182754
4 0.8185550082101807 0.5984555984555985 0.21839080459770116 0.2471042471042471