0 0.17865232163080408 0.820528967254408 0.2146092865232163 0.1801007556675063
1 0.18176670441676104 0.6152392947103275 0.21517553793884484 0.2052896725440806
5 0.18261608154020384 0.3608312342569269 0.2146092865232163 0.1952141057934509
6 0.3941109852774632 0.8154911838790933 0.21177802944507362 0.19269521410579346
7 0.39156285390713474 0.6026448362720404 0.210079275198188 0.1574307304785894
8 0.3929784824462061 0.3646095717884131 0.20951302378255945 0.16498740554156172
9 0.5019818799546999 0.163727959697733 0.8488108720271801 0.2040302267002519
10 0.6041902604756512 0.783375314861461 0.21064552661381652 0.2594458438287154
11 0.603907134767837 0.5818639798488665 0.21121177802944507 0.19395465994962216
12 0.6044733861834655 0.39357682619647355 0.21234428086070214 0.3136020151133501
2 0.8185164212910532 0.8620906801007556 0.21800679501698755 0.25818639798488663
3 0.818233295583239 0.7065491183879093 0.21630804077010193 0.33249370277078083
4 0.8185164212910532 0.422544080604534 0.21574178935447338 0.2783375314861461