0 0.17857142857142858 0.8218390804597702 0.21428571428571427 0.18007662835249041
1 0.1798469387755102 0.6053639846743295 0.21343537414965985 0.14942528735632185
5 0.18239795918367346 0.3611111111111111 0.2151360544217687 0.19731800766283525
6 0.3903061224489796 0.8218390804597702 0.2108843537414966 0.1724137931034483
7 0.39158163265306123 0.6024904214559387 0.2100340136054422 0.15900383141762453
8 0.3949829931972789 0.3544061302681992 0.21173469387755103 0.18007662835249041
9 0.5063775510204082 0.13505747126436782 0.8545918367346939 0.1743295019157088
10 0.6037414965986394 0.7777777777777778 0.21258503401360543 0.2567049808429119
11 0.6058673469387755 0.5239463601532567 0.21343537414965985 0.31992337164750956
12 0.6075680272108843 0.289272030651341 0.2151360544217687 0.30268199233716475
2 0.8205782312925171 0.8017241379310345 0.22108843537414966 0.23563218390804597
3 0.8197278911564626 0.5919540229885057 0.22108843537414966 0.18007662835249041
4 0.8214285714285714 0.37547892720306514 0.2193877551020408 0.18007662835249041