0 0.18383561643835616 0.16237113402061856 0.21205479452054796 0.16494845360824742
1 0.18575342465753425 0.4007731958762887 0.2147945205479452 0.17010309278350516
5 0.18438356164383563 0.6307989690721649 0.21643835616438356 0.18943298969072164
6 0.39616438356164385 0.17525773195876287 0.2126027397260274 0.17268041237113402
7 0.3958904109589041 0.4027061855670103 0.21315068493150685 0.1791237113402062
8 0.39616438356164385 0.6320876288659794 0.2126027397260274 0.18943298969072164
9 0.5019178082191781 0.8685567010309279 0.8515068493150685 0.17010309278350516
10 0.6084931506849315 0.18621134020618557 0.21205479452054796 0.20489690721649484
11 0.6076712328767123 0.43621134020618557 0.2136986301369863 0.25644329896907214
12 0.6082191780821918 0.6765463917525774 0.2104109589041096 0.23969072164948454
2 0.8227397260273973 0.15850515463917525 0.21863013698630138 0.26804123711340205
3 0.8227397260273973 0.37757731958762886 0.21863013698630138 0.2422680412371134
4 0.8213698630136986 0.6243556701030928 0.21698630136986302 0.21262886597938144