0 0.18112244897959184 0.17142857142857143 0.21258503401360543 0.17904761904761904
1 0.18452380952380953 0.39904761904761904 0.2108843537414966 0.1580952380952381
5 0.18664965986394558 0.6514285714285715 0.21173469387755103 0.2019047619047619
6 0.3903061224489796 0.17809523809523808 0.2108843537414966 0.17333333333333334
7 0.39158163265306123 0.39714285714285713 0.2100340136054422 0.1580952380952381
8 0.39880952380952384 0.638095238095238 0.20918367346938777 0.1676190476190476
9 0.5076530612244898 0.8742857142857143 0.8520408163265306 0.17523809523809525
10 0.6016156462585034 0.17333333333333334 0.21173469387755103 0.17142857142857143
11 0.6071428571428571 0.41523809523809524 0.21768707482993196 0.2361904761904762
12 0.6079931972789115 0.6390476190476191 0.21428571428571427 0.29904761904761906
2 0.8197278911564626 0.1523809523809524 0.22108843537414966 0.30095238095238097
3 0.8222789115646258 0.35714285714285715 0.21768707482993196 0.3638095238095238
4 0.8235544217687075 0.5657142857142857 0.2151360544217687 0.32761904761904764