0 0.8214588634435963 0.17938931297709923 0.21458863443596268 0.17938931297709923
1 0.820186598812553 0.39408396946564883 0.21374045801526717 0.15076335877862596
5 0.8180661577608143 0.6383587786259542 0.21458863443596268 0.1965648854961832
6 0.6094147582697201 0.1784351145038168 0.21119592875318066 0.1736641221374046
7 0.6085665818490246 0.3979007633587786 0.21119592875318066 0.15839694656488548
8 0.6072943172179813 0.6345419847328244 0.21034775233248515 0.16603053435114504
9 0.49787955894826125 0.8683206106870229 0.8515691263782866 0.1717557251908397
10 0.3982188295165394 0.1736641221374046 0.21289228159457166 0.1717557251908397
11 0.39567430025445294 0.4169847328244275 0.21119592875318066 0.19274809160305342
12 0.3948261238337574 0.6498091603053435 0.21119592875318066 0.18893129770992367
2 0.18278201865988125 0.1297709923664122 0.22137404580152673 0.2480916030534351
3 0.18193384223918574 0.3549618320610687 0.2179813401187447 0.2595419847328244
4 0.181509754028838 0.6164122137404581 0.21882951653944022 0.1946564885496183