0 0.1823579304495335 0.8263358778625954 0.21374045801526717 0.16793893129770993
1 0.179813401187447 0.6059160305343512 0.21374045801526717 0.15076335877862596
5 0.18193384223918574 0.3616412213740458 0.21458863443596268 0.1965648854961832
6 0.3931297709923664 0.8272900763358778 0.21458863443596268 0.17748091603053434
7 0.3939779474130619 0.5906488549618321 0.21119592875318066 0.17748091603053434
8 0.3927056827820187 0.3654580152671756 0.21034775233248515 0.16603053435114504
9 0.5021204410517388 0.1316793893129771 0.8515691263782866 0.1717557251908397
10 0.6072943172179813 0.8177480916030534 0.21204410517387617 0.18129770992366412
11 0.6060220525869381 0.5248091603053435 0.21119592875318066 0.30916030534351147
12 0.6060220525869381 0.2862595419847328 0.21289228159457166 0.2900763358778626
2 0.8214588634435963 0.7748091603053435 0.2196776929601357 0.2786259541984733
3 0.818490245971162 0.5505725190839694 0.21374045801526717 0.2652671755725191
4 0.8197625106022053 0.31774809160305345 0.2179813401187447 0.23473282442748092