0 0.17865232163080408 0.17947103274559195 0.2146092865232163 0.1801007556675063
1 0.18176670441676104 0.3614609571788413 0.21630804077010193 0.24433249370277077
5 0.18176670441676104 0.6032745591939547 0.21517553793884484 0.20906801007556675
6 0.3921291053227633 0.19080604534005038 0.2146092865232163 0.21032745591939547
7 0.39156285390713474 0.3973551637279597 0.210079275198188 0.1574307304785894
8 0.3929784824462061 0.586272040302267 0.21404303510758776 0.25818639798488663
9 0.5028312570781427 0.8041561712846348 0.853907134767837 0.26574307304785894
10 0.6016421291053228 0.17443324937027707 0.21234428086070214 0.172544080604534
11 0.603907134767837 0.4181360201511335 0.21121177802944507 0.19395465994962216
12 0.6036240090600227 0.6227959697732998 0.20951302378255945 0.18261964735516373
2 0.8168176670441676 0.12783375314861462 0.2202718006795017 0.23299748110831234
3 0.8179501698754247 0.3394206549118388 0.2202718006795017 0.24055415617128464
4 0.8196489241223103 0.577455919395466 0.2202718006795017 0.2506297229219144