0 0.1784197111299915 0.8218390804597702 0.2141036533559898 0.18007662835249041
1 0.18011894647408666 0.6053639846743295 0.2141036533559898 0.14942528735632185
5 0.1822429906542056 0.3611111111111111 0.21495327102803738 0.19731800766283525
6 0.3903993203058624 0.8218390804597702 0.21155480033984708 0.1724137931034483
7 0.39167374681393374 0.6024904214559387 0.2107051826677995 0.15900383141762453
8 0.39422259983007646 0.40804597701149425 0.2141036533559898 0.3065134099616858
9 0.5021240441801189 0.1752873563218391 0.8530161427357689 0.2662835249042146
10 0.6045029736618521 0.7978927203065134 0.21495327102803738 0.24329501915708812
11 0.6040781648258283 0.5201149425287356 0.2107051826677995 0.3735632183908046
12 0.6053525913338997 0.30842911877394635 0.21325403568394222 0.2720306513409962
2 0.8203058623619371 0.8706896551724138 0.221750212404418 0.2509578544061303
3 0.8169073916737468 0.6005747126436781 0.21325403568394222 0.15900383141762453
4 0.8173322005097706 0.36398467432950193 0.2107051826677995 0.1685823754789272