0 0.8174603174603174 0.1736111111111111 0.21315192743764172 0.16792929292929293
1 0.8197278911564626 0.39457070707070707 0.21315192743764172 0.15025252525252525
5 0.8174603174603174 0.639520202020202 0.21428571428571427 0.19570707070707072
6 0.606859410430839 0.1900252525252525 0.213718820861678 0.19570707070707072
7 0.6085600907029478 0.3970959595959596 0.21031746031746032 0.15782828282828282
8 0.6057256235827665 0.6167929292929293 0.20918367346938777 0.1755050505050505
9 0.4988662131519274 0.8371212121212122 0.8503401360544217 0.21717171717171718
10 0.3945578231292517 0.1849747474747475 0.20975056689342403 0.17803030303030304
11 0.3948412698412698 0.41603535353535354 0.21145124716553287 0.20075757575757575
12 0.39625850340136054 0.6231060606060606 0.20975056689342403 0.1830808080808081
2 0.18055555555555555 0.14898989898989898 0.21825396825396826 0.1919191919191919
3 0.18112244897959184 0.3680555555555556 0.21825396825396826 0.19065656565656566
4 0.1816893424036281 0.6066919191919192 0.2171201814058957 0.19570707070707072