0 0.8177339901477833 0.17201540436456997 0.21455938697318008 0.16944801026957637
1 0.8169129720853858 0.4037227214377407 0.21182266009852216 0.15019255455712452
5 0.8180076628352491 0.6373555840821566 0.21510673234811165 0.196405648267009
6 0.6070060207991242 0.1777920410783055 0.21237000547345375 0.17843388960205392
7 0.6083743842364532 0.39730423620025673 0.210727969348659 0.15789473684210525
8 0.60727969348659 0.6335044929396663 0.20963327859879585 0.16559691912708602
9 0.49808429118773945 0.8677792041078306 0.8516694033935414 0.17201540436456997
10 0.3943623426382047 0.17843388960205392 0.2140120415982485 0.18741976893453144
11 0.39600437876299943 0.4159178433889602 0.210727969348659 0.1925545571245186
12 0.39545703338806787 0.6514762516046213 0.210727969348659 0.24261874197689345
2 0.180623973727422 0.1777920410783055 0.2200328407224959 0.21181001283697048
3 0.18144499178981938 0.41527599486521183 0.21839080459770116 0.19897304236200256
4 0.18226600985221675 0.6399229781771502 0.2200328407224959 0.18870346598202825