0 0.1832876712328767 0.15891472868217055 0.21424657534246574 0.18604651162790697
1 0.18684931506849314 0.4005167958656331 0.2126027397260274 0.1731266149870801
5 0.18465753424657536 0.6459948320413437 0.2136986301369863 0.19896640826873385
6 0.396986301369863 0.1789405684754522 0.21424657534246574 0.19767441860465115
7 0.39643835616438355 0.3953488372093023 0.21205479452054796 0.16279069767441862
8 0.3958904109589041 0.6311369509043928 0.21424657534246574 0.16666666666666666
9 0.5019178082191781 0.8682170542635659 0.8515068493150685 0.17054263565891473
10 0.609041095890411 0.2177002583979328 0.21315068493150685 0.2596899224806202
11 0.6073972602739726 0.3449612403100775 0.21205479452054796 0.3772609819121447
12 0.6076712328767123 0.6195090439276486 0.2126027397260274 0.2777777777777778
2 0.8246575342465754 0.15374677002583978 0.2191780821917808 0.2248062015503876
3 0.8224657534246576 0.4018087855297158 0.22027397260273973 0.19896640826873385
4 0.8216438356164384 0.6343669250645995 0.21863013698630138 0.1937984496124031