0 0.8134246575342465 0.833547557840617 0.21424657534246574 0.16838046272493573
1 0.8134246575342465 0.6060411311053985 0.21424657534246574 0.15809768637532134
5 0.815068493150685 0.36953727506426737 0.21315068493150685 0.17866323907455012
6 0.6054794520547945 0.8341902313624678 0.2126027397260274 0.16452442159383032
7 0.6087671232876712 0.602827763496144 0.2115068493150685 0.15938303341902313
8 0.6076712328767123 0.36568123393316193 0.2104109589041096 0.16580976863753213
9 0.4983561643835616 0.13239074550128535 0.8509589041095891 0.17223650385604114
10 0.3926027397260274 0.8059125964010283 0.21424657534246574 0.21079691516709512
11 0.39452054794520547 0.5366323907455013 0.2136986301369863 0.2943444730077121
12 0.393972602739726 0.32904884318766064 0.2136986301369863 0.2442159383033419
2 0.1756164383561644 0.8097686375321337 0.21972602739726027 0.21079691516709512
3 0.17726027397260274 0.5919023136246787 0.21972602739726027 0.17609254498714652
4 0.17726027397260274 0.36889460154241643 0.22082191780821916 0.17223650385604114