0 0.18403171007927518 0.16498740554156172 0.21177802944507362 0.18387909319899245
1 0.1803510758776897 0.39483627204030225 0.21347678369195924 0.14987405541561713
5 0.18261608154020384 0.639168765743073 0.2146092865232163 0.1952141057934509
6 0.3943941109852775 0.18828715365239296 0.21347678369195924 0.21536523929471033
7 0.39156285390713474 0.3973551637279597 0.210079275198188 0.1574307304785894
8 0.39467723669309174 0.6253148614609572 0.21177802944507362 0.21788413098236775
9 0.5016987542468856 0.8520151133501259 0.8505096262740657 0.25818639798488663
10 0.6070215175537939 0.1964735516372796 0.21064552661381652 0.19899244332493704
11 0.6033408833522084 0.42317380352644834 0.21234428086070214 0.20654911838790932
12 0.605039637599094 0.6511335012594458 0.21234428086070214 0.17632241813602015
2 0.8207814269535674 0.15931989924433249 0.21913929784824462 0.2128463476070529
3 0.8179501698754247 0.38413098236775817 0.21687429218573046 0.22921914357682618
4 0.8193657984144961 0.6234256926952141 0.21970554926387317 0.20151133501259447