0 0.18438356164383563 0.16301546391752578 0.21534246575342467 0.15335051546391754
1 0.18383561643835616 0.40012886597938147 0.21534246575342467 0.1791237113402062
5 0.18301369863013697 0.6449742268041238 0.2136986301369863 0.1791237113402062
6 0.3915068493150685 0.1720360824742268 0.21205479452054796 0.17654639175257733
7 0.3936986301369863 0.40786082474226804 0.21424657534246574 0.15335051546391754
8 0.39616438356164385 0.6417525773195877 0.2147945205479452 0.17010309278350516
9 0.5019178082191781 0.8685567010309279 0.8515068493150685 0.17010309278350516
10 0.6027397260273972 0.16301546391752578 0.2158904109589041 0.17396907216494845
11 0.6065753424657534 0.4014175257731959 0.2115068493150685 0.15335051546391754
12 0.6068493150684932 0.6353092783505154 0.21534246575342467 0.16752577319587628
2 0.8180821917808219 0.14755154639175258 0.22027397260273973 0.23582474226804123
3 0.82 0.389819587628866 0.22082191780821916 0.19974226804123713
4 0.8224657534246576 0.6391752577319587 0.22027397260273973 0.16752577319587628