0 0.18287167891464104 0.16876574307304787 0.21424533634821932 0.17380352644836272
1 0.18032786885245902 0.39483627204030225 0.21368004522328998 0.14987405541561713
5 0.18258903335217638 0.639168765743073 0.21481062747314866 0.1952141057934509
6 0.3951384963256077 0.18261964735516373 0.21028829847371397 0.19143576826196473
7 0.39174674957603167 0.3973551637279597 0.21028829847371397 0.1574307304785894
8 0.393159977388355 0.6353904282115869 0.20972300734878463 0.16498740554156172
9 0.5022611644997174 0.8690176322418136 0.8518937252685133 0.1712846347607053
10 0.605992085924251 0.19080604534005038 0.2091577162238553 0.18261964735516373
11 0.6040135669869983 0.4181360201511335 0.2108535895986433 0.19395465994962216
12 0.6045788581119277 0.6183879093198993 0.20972300734878463 0.21662468513853905
2 0.8202374222724703 0.13664987405541562 0.22046353872244207 0.24307304785894207
3 0.8182589033352177 0.37279596977329976 0.21763708309779536 0.24685138539042822
4 0.818824194460147 0.6158690176322418 0.21763708309779536 0.19395465994962216