0 0.1858939311098961 0.8281853281853282 0.21432476763258612 0.16087516087516088
1 0.18562055768179334 0.5997425997425997 0.21377802077638053 0.15186615186615188
5 0.1820667031164571 0.36164736164736166 0.21541826134499725 0.1956241956241956
6 0.3983050847457627 0.8178893178893178 0.21049753963914708 0.18404118404118405
7 0.3983050847457627 0.5997425997425997 0.21159103335155824 0.14414414414414414
8 0.3961180973209404 0.36486486486486486 0.21268452706396937 0.15057915057915058
9 0.5054674685620558 0.14736164736164736 0.8545653362493165 0.148005148005148
10 0.6068890103881903 0.8217503217503217 0.21104428649535265 0.17117117117117117
11 0.6036085292509568 0.5836550836550837 0.21104428649535265 0.19433719433719435
12 0.6082558775287042 0.3815958815958816 0.21159103335155824 0.24066924066924067
2 0.8157463094587206 0.8500643500643501 0.21869874248223073 0.20205920205920205
3 0.8195735374521597 0.6151866151866152 0.21760524876981957 0.19305019305019305
4 0.8212137780207763 0.38545688545688545 0.21760524876981957 0.1866151866151866