0 0.1784197111299915 0.8218390804597702 0.2141036533559898 0.18007662835249041
1 0.18394222599830076 0.6111111111111112 0.21155480033984708 0.18773946360153257
5 0.18479184367034834 0.36398467432950193 0.21325403568394222 0.1724137931034483
6 0.3903993203058624 0.8218390804597702 0.21155480033984708 0.1724137931034483
7 0.39507221750212407 0.5919540229885057 0.2107051826677995 0.1685823754789272
8 0.3929481733220051 0.3649425287356322 0.20985556499575192 0.16666666666666666
9 0.5063721325403568 0.1724137931034483 0.8564146134239592 0.2413793103448276
10 0.6015293118096856 0.8256704980842912 0.21240441801189464 0.1724137931034483
11 0.6053525913338997 0.5775862068965517 0.21325403568394222 0.2164750957854406
12 0.6091758708581139 0.34674329501915707 0.2141036533559898 0.20306513409961685
2 0.8160577740016992 0.8496168582375478 0.2183517417162277 0.20114942528735633
3 0.8203058623619371 0.6082375478927203 0.21665250637213254 0.2049808429118774
4 0.8211554800339848 0.38984674329501917 0.22005097706032287 0.18199233716475097