0 0.1837169650468883 0.8311068702290076 0.21057118499573743 0.18893129770992367
1 0.17988064791133845 0.6059160305343512 0.21312872975277067 0.15076335877862596
5 0.1824381926683717 0.3616412213740458 0.21483375959079284 0.1965648854961832
6 0.3959931798806479 0.825381679389313 0.21227621483375958 0.18129770992366412
7 0.3917306052855925 0.6020992366412213 0.21057118499573743 0.15839694656488548
8 0.39300937766410915 0.3654580152671756 0.20971867007672634 0.16603053435114504
9 0.5021312872975278 0.1316793893129771 0.8525149190110827 0.1717557251908397
10 0.6091219096334186 0.8206106870229007 0.21227621483375958 0.1946564885496183
11 0.6074168797953964 0.5505725190839694 0.21227621483375958 0.2729007633587786
12 0.6069906223358909 0.29770992366412213 0.21312872975277067 0.33587786259541985
2 0.8239556692242114 0.799618320610687 0.21739130434782608 0.3969465648854962
3 0.824381926683717 0.6068702290076335 0.21483375959079284 0.4580152671755725
4 0.8222506393861893 0.3845419847328244 0.21568627450980393 0.24236641221374045