0 0.18346545866364666 0.8316455696202532 0.2129105322763307 0.16455696202531644
1 0.1803510758776897 0.6044303797468354 0.21347678369195924 0.15063291139240506
5 0.18261608154020384 0.3613924050632911 0.2146092865232163 0.1962025316455696
6 0.39580973952434884 0.8202531645569621 0.21177802944507362 0.17721518987341772
7 0.39156285390713474 0.6031645569620253 0.210079275198188 0.15822784810126583
8 0.3929784824462061 0.36455696202531646 0.20951302378255945 0.1670886075949367
9 0.5022650056625142 0.13164556962025317 0.8516421291053228 0.17215189873417722
10 0.6075877689694225 0.819620253164557 0.21064552661381652 0.1810126582278481
11 0.6044733861834655 0.5670886075949367 0.21234428086070214 0.21265822784810126
12 0.6058890147225368 0.34367088607594937 0.21177802944507362 0.25443037974683547
2 0.8210645526613817 0.8537974683544304 0.217440543601359 0.29240506329113924
3 0.8207814269535674 0.6227848101265823 0.2202718006795017 0.23291139240506328
4 0.8173839184597962 0.3632911392405063 0.21121177802944507 0.16962025316455695