0 0.8214588634435963 0.17904761904761904 0.21458863443596268 0.17904761904761904
1 0.8176420695504665 0.38666666666666666 0.2154368108566582 0.18666666666666668
5 0.8180661577608143 0.6390476190476191 0.21458863443596268 0.1961904761904762
6 0.6094147582697201 0.17809523809523808 0.21119592875318066 0.17333333333333334
7 0.6085665818490246 0.39714285714285713 0.21119592875318066 0.1580952380952381
8 0.6039016115351993 0.6352380952380953 0.2154368108566582 0.18476190476190477
9 0.4944868532654792 0.8323809523809523 0.8549618320610687 0.18666666666666668
10 0.3982188295165394 0.17333333333333334 0.21289228159457166 0.17142857142857143
11 0.39567430025445294 0.41714285714285715 0.21119592875318066 0.19428571428571428
12 0.39185750636132316 0.6323809523809524 0.21204410517387617 0.19047619047619047
2 0.18108566581849025 0.11238095238095239 0.2196776929601357 0.22476190476190477
3 0.17938931297709923 0.3504761904761905 0.2179813401187447 0.24
4 0.178117048346056 0.6076190476190476 0.21882951653944022 0.22095238095238096