0 0.17838983050847457 0.1793168880455408 0.21440677966101696 0.18026565464895636
1 0.18220338983050846 0.40132827324478176 0.21694915254237288 0.16888045540796964
5 0.1843220338983051 0.6413662239089184 0.21440677966101696 0.18216318785578747
6 0.3902542372881356 0.17836812144212524 0.21101694915254238 0.174573055028463
7 0.3949152542372881 0.4079696394686907 0.2135593220338983 0.1442125237191651
8 0.3961864406779661 0.6252371916508539 0.21440677966101696 0.14231499051233396
9 0.5076271186440678 0.8671726755218216 0.8559322033898306 0.20872865275142316
10 0.6029661016949153 0.17077798861480076 0.21610169491525424 0.1555977229601518
11 0.6038135593220338 0.4174573055028463 0.21101694915254238 0.1935483870967742
12 0.6088983050847457 0.6480075901328273 0.21440677966101696 0.18785578747628084
2 0.8169491525423729 0.17362428842504743 0.21864406779661016 0.19165085388994307
3 0.8194915254237288 0.4079696394686907 0.22203389830508474 0.17077798861480076
4 0.8245762711864407 0.6385199240986718 0.21864406779661016 0.15749525616698293