0 0.1822429906542056 0.16889312977099236 0.21325403568394222 0.1736641221374046
1 0.18011894647408666 0.39408396946564883 0.2141036533559898 0.15076335877862596
5 0.1822429906542056 0.6383587786259542 0.21495327102803738 0.1965648854961832
6 0.39464740866610026 0.17461832061068702 0.21325403568394222 0.16984732824427481
7 0.39379779099405265 0.4064885496183206 0.21325403568394222 0.17938931297709923
8 0.3929481733220051 0.6345419847328244 0.20985556499575192 0.16603053435114504
9 0.5021240441801189 0.8683206106870229 0.8513169073916738 0.1717557251908397
10 0.6074766355140186 0.18416030534351144 0.2107051826677995 0.1965648854961832
11 0.6062022090059473 0.43702290076335876 0.21155480033984708 0.24427480916030533
12 0.6079014443500425 0.674618320610687 0.21325403568394222 0.24236641221374045
2 0.820730671197961 0.16125954198473283 0.21920135938827529 0.2652671755725191
3 0.8211554800339848 0.39599236641221375 0.21665250637213254 0.24618320610687022
4 0.8220050977060323 0.6364503816793893 0.21665250637213254 0.16984732824427481