0 0.1784197111299915 0.17938931297709923 0.2141036533559898 0.17938931297709923
1 0.18011894647408666 0.41412213740458015 0.2141036533559898 0.20610687022900764
5 0.1822429906542056 0.6383587786259542 0.21495327102803738 0.1965648854961832
6 0.3903993203058624 0.1784351145038168 0.21155480033984708 0.1736641221374046
7 0.39167374681393374 0.3979007633587786 0.2107051826677995 0.15839694656488548
8 0.3959218351741716 0.6230916030534351 0.2107051826677995 0.17748091603053434
9 0.5038232795242141 0.8540076335877863 0.8564146134239592 0.2385496183206107
10 0.6015293118096856 0.1736641221374046 0.21240441801189464 0.1717557251908397
11 0.6049277824978759 0.4112595419847328 0.21240441801189464 0.1851145038167939
12 0.6062022090059473 0.6230916030534351 0.21325403568394222 0.21946564885496184
2 0.8160577740016992 0.14599236641221375 0.22005097706032287 0.23091603053435114
3 0.816482582837723 0.39217557251908397 0.21750212404418012 0.21183206106870228
4 0.8173322005097706 0.6364503816793893 0.2107051826677995 0.16984732824427481