0 0.17857142857142858 0.820952380952381 0.21428571428571427 0.17904761904761904
1 0.1798469387755102 0.6047619047619047 0.21343537414965985 0.15047619047619049
5 0.18239795918367346 0.36095238095238097 0.2151360544217687 0.1961904761904762
6 0.39285714285714285 0.8219047619047619 0.21428571428571427 0.17714285714285713
7 0.39413265306122447 0.5971428571428572 0.2151360544217687 0.1580952380952381
8 0.3949829931972789 0.36095238095238097 0.21173469387755103 0.14666666666666667
9 0.502125850340136 0.13142857142857142 0.8511904761904762 0.17142857142857143
10 0.6075680272108843 0.820952380952381 0.21343537414965985 0.1676190476190476
11 0.6058673469387755 0.5628571428571428 0.21343537414965985 0.23809523809523808
12 0.6045918367346939 0.3304761904761905 0.21258503401360543 0.24571428571428572
2 0.8210034013605442 0.82 0.21683673469387754 0.22666666666666666
3 0.8197278911564626 0.6238095238095238 0.22108843537414966 0.24952380952380954
4 0.8193027210884354 0.3742857142857143 0.22023809523809523 0.21904761904761905