0 0.8169073916737468 0.16952380952380952 0.21325403568394222 0.16380952380952382
1 0.8160577740016992 0.4085714285714286 0.21155480033984708 0.16952380952380952
5 0.8177570093457944 0.6390476190476191 0.21495327102803738 0.1961904761904762
6 0.6057774001699235 0.17809523809523808 0.2141036533559898 0.16952380952380952
7 0.6049277824978759 0.4038095238095238 0.21240441801189464 0.1676190476190476
8 0.6032285471537808 0.6371428571428571 0.21240441801189464 0.1619047619047619
9 0.49787595581988103 0.8685714285714285 0.8513169073916738 0.17142857142857143
10 0.39379779099405265 0.18 0.21325403568394222 0.1657142857142857
11 0.39167374681393374 0.4276190476190476 0.2107051826677995 0.2038095238095238
12 0.3925233644859813 0.659047619047619 0.21240441801189464 0.1980952380952381
2 0.17926932880203908 0.19047619047619047 0.21750212404418012 0.2019047619047619
3 0.17926932880203908 0.41904761904761906 0.21580288870008496 0.18666666666666668
4 0.18011894647408666 0.6514285714285715 0.21920135938827529 0.18666666666666668