0 0.17857142857142858 0.1781609195402299 0.21428571428571427 0.18007662835249041
1 0.1798469387755102 0.3946360153256705 0.21343537414965985 0.14942528735632185
5 0.18239795918367346 0.6388888888888888 0.2151360544217687 0.19731800766283525
6 0.3924319727891156 0.1781609195402299 0.21343537414965985 0.1839080459770115
7 0.3932823129251701 0.40900383141762453 0.21343537414965985 0.1781609195402299
8 0.3949829931972789 0.6331417624521073 0.21173469387755103 0.16283524904214558
9 0.5059523809523809 0.8601532567049809 0.8571428571428571 0.16475095785440613
10 0.6054421768707483 0.19923371647509577 0.21428571428571427 0.2260536398467433
11 0.6062925170068028 0.4616858237547893 0.21428571428571427 0.27586206896551724
12 0.608843537414966 0.6733716475095786 0.21428571428571427 0.22413793103448276
2 0.8205782312925171 0.17624521072796934 0.21598639455782312 0.19540229885057472
3 0.8205782312925171 0.39080459770114945 0.21768707482993196 0.15708812260536398
4 0.8235544217687075 0.6302681992337165 0.2185374149659864 0.210727969348659