0 0.17857142857142858 0.17929292929292928 0.21428571428571427 0.17929292929292928
1 0.18339002267573695 0.4015151515151515 0.21485260770975056 0.15151515151515152
5 0.18253968253968253 0.639520202020202 0.21428571428571427 0.19570707070707072
6 0.3934240362811791 0.1900252525252525 0.21428571428571427 0.20075757575757575
7 0.39143990929705214 0.3970959595959596 0.21031746031746032 0.15782828282828282
8 0.39285714285714285 0.6357323232323232 0.20975056689342403 0.16540404040404041
9 0.5022675736961452 0.8686868686868687 0.8514739229024944 0.1717171717171717
10 0.6057256235827665 0.1919191919191919 0.21258503401360543 0.20202020202020202
11 0.6040249433106576 0.41792929292929293 0.21145124716553287 0.19444444444444445
12 0.606859410430839 0.6452020202020202 0.21485260770975056 0.29292929292929293
2 0.8177437641723356 0.13383838383838384 0.2205215419501134 0.26515151515151514
3 0.8205782312925171 0.3301767676767677 0.2205215419501134 0.2765151515151515
4 0.8208616780045351 0.5852272727272727 0.21768707482993196 0.27146464646464646