0 0.8214285714285714 0.17974683544303796 0.21428571428571427 0.17974683544303796
1 0.8197278911564626 0.39556962025316456 0.21315192743764172 0.15063291139240506
5 0.8174603174603174 0.6386075949367088 0.21428571428571427 0.1962025316455696
6 0.6094104308390023 0.17848101265822786 0.2108843537414966 0.17468354430379746
7 0.6085600907029478 0.3968354430379747 0.21031746031746032 0.15822784810126583
8 0.6071428571428571 0.6354430379746835 0.20975056689342403 0.1670886075949367
9 0.4977324263038549 0.8683544303797468 0.8514739229024944 0.17215189873417722
10 0.3982426303854875 0.17468354430379746 0.21258503401360543 0.17215189873417722
11 0.3959750566893424 0.4170886075949367 0.21145124716553287 0.19367088607594937
12 0.39767573696145125 0.6506329113924051 0.21145124716553287 0.2481012658227848
2 0.18112244897959184 0.17721518987341772 0.2193877551020408 0.21772151898734177
3 0.18339002267573695 0.37531645569620253 0.21485260770975056 0.25443037974683547
4 0.18253968253968253 0.6221518987341772 0.21315192743764172 0.23924050632911392