0 0.18767123287671234 0.8367875647668394 0.21534246575342467 0.18134715025906736
1 0.18794520547945207 0.6016839378238342 0.2126027397260274 0.172279792746114
5 0.18465753424657536 0.35751295336787564 0.2147945205479452 0.19170984455958548
6 0.3989041095890411 0.8212435233160622 0.2115068493150685 0.18911917098445596
7 0.3926027397260274 0.586139896373057 0.21315068493150685 0.18523316062176165
8 0.3972602739726027 0.3594559585492228 0.2104109589041096 0.15155440414507773
9 0.5071232876712328 0.12694300518134716 0.8564383561643836 0.19170984455958548
10 0.6098630136986302 0.8199481865284974 0.2104109589041096 0.15803108808290156
11 0.6052054794520548 0.5744818652849741 0.21315068493150685 0.21632124352331605
12 0.6082191780821918 0.3329015544041451 0.2126027397260274 0.22797927461139897
2 0.8213698630136986 0.8316062176165803 0.22246575342465755 0.24352331606217617
3 0.8210958904109589 0.5965025906735751 0.2252054794520548 0.1800518134715026
4 0.8246575342465754 0.36787564766839376 0.2191780821917808 0.17098445595854922