0 0.8214285714285714 0.1781609195402299 0.21428571428571427 0.18007662835249041
1 0.8201530612244898 0.3946360153256705 0.21343537414965985 0.14942528735632185
5 0.8176020408163265 0.6388888888888888 0.2151360544217687 0.19731800766283525
6 0.6075680272108843 0.1781609195402299 0.21343537414965985 0.1839080459770115
7 0.60671768707483 0.40900383141762453 0.21343537414965985 0.1781609195402299
8 0.6050170068027211 0.6331417624521073 0.21173469387755103 0.16283524904214558
9 0.49404761904761907 0.8601532567049809 0.8571428571428571 0.16475095785440613
10 0.3945578231292517 0.19923371647509577 0.21428571428571427 0.2260536398467433
11 0.3937074829931973 0.4616858237547893 0.21428571428571427 0.27586206896551724
12 0.391156462585034 0.6733716475095786 0.21428571428571427 0.22413793103448276
2 0.179421768707483 0.17624521072796934 0.21598639455782312 0.19540229885057472
3 0.179421768707483 0.39080459770114945 0.21768707482993196 0.15708812260536398
4 0.1764455782312925 0.6302681992337165 0.2185374149659864 0.210727969348659