0 0.8142076502732241 0.8232647814910026 0.21530054644808744 0.17866323907455012
1 0.8155737704918032 0.5976863753213367 0.21475409836065573 0.17737789203084833
5 0.8147540983606557 0.36375321336760924 0.2098360655737705 0.1928020565552699
6 0.601639344262295 0.8104113110539846 0.21092896174863388 0.19408740359897173
7 0.6054644808743169 0.5989717223650386 0.21420765027322405 0.16709511568123395
8 0.6076502732240437 0.36568123393316193 0.2098360655737705 0.16580976863753213
9 0.4934426229508197 0.13753213367609254 0.853551912568306 0.2133676092544987
10 0.3907103825136612 0.8071979434447301 0.2087431693989071 0.20565552699228792
11 0.39371584699453555 0.5809768637532133 0.21693989071038253 0.20822622107969152
12 0.39617486338797814 0.37789203084832906 0.2098360655737705 0.18251928020565553
2 0.17978142076502732 0.8277634961439588 0.21967213114754097 0.33161953727506427
3 0.17950819672131146 0.6240359897172236 0.2191256830601093 0.2917737789203085
4 0.17896174863387979 0.33740359897172234 0.2180327868852459 0.2737789203084833