0 0.17857142857142858 0.17904761904761904 0.21428571428571427 0.17904761904761904
1 0.1798469387755102 0.3952380952380952 0.21343537414965985 0.15047619047619049
5 0.18239795918367346 0.6390476190476191 0.2151360544217687 0.1961904761904762
6 0.3903061224489796 0.17809523809523808 0.2108843537414966 0.17333333333333334
7 0.39158163265306123 0.39714285714285713 0.2100340136054422 0.1580952380952381
8 0.39285714285714285 0.6352380952380953 0.20918367346938777 0.1657142857142857
9 0.502125850340136 0.8685714285714285 0.8511904761904762 0.17142857142857143
10 0.6016156462585034 0.17333333333333334 0.21173469387755103 0.17142857142857143
11 0.6054421768707483 0.44 0.21768707482993196 0.2704761904761905
12 0.6084183673469388 0.6571428571428571 0.2151360544217687 0.2895238095238095
2 0.8210034013605442 0.17047619047619048 0.22023809523809523 0.25333333333333335
3 0.8222789115646258 0.4 0.2193877551020408 0.23238095238095238
4 0.8171768707482994 0.6352380952380953 0.2108843537414966 0.16952380952380952