0 0.813972602739726 0.8376288659793815 0.21534246575342467 0.17010309278350516
1 0.8134246575342465 0.6050257731958762 0.21424657534246574 0.19716494845360824
5 0.8142465753424658 0.37822164948453607 0.2136986301369863 0.19458762886597938
6 0.6 0.8311855670103093 0.20821917808219179 0.16494845360824742
7 0.6019178082191781 0.6005154639175257 0.20986301369863014 0.17268041237113402
8 0.603013698630137 0.37306701030927836 0.21315068493150685 0.1713917525773196
9 0.4934246575342466 0.13788659793814434 0.8542465753424657 0.22164948453608246
10 0.3920547945205479 0.8163659793814433 0.21205479452054796 0.19974226804123713
11 0.3915068493150685 0.5818298969072165 0.21315068493150685 0.20747422680412372
12 0.39287671232876714 0.3543814432989691 0.2158904109589041 0.1958762886597938
2 0.17945205479452056 0.8440721649484536 0.21753424657534245 0.19845360824742267
3 0.17917808219178083 0.6030927835051546 0.22027397260273973 0.19329896907216496
4 0.18301369863013697 0.3646907216494845 0.2104109589041096 0.17010309278350516