0 0.821347678369196 0.820528967254408 0.2146092865232163 0.1801007556675063
1 0.8196489241223103 0.6051637279596978 0.21347678369195924 0.14987405541561713
5 0.8173839184597962 0.3608312342569269 0.2146092865232163 0.1952141057934509
6 0.609286523216308 0.8211586901763224 0.21064552661381652 0.17380352644836272
7 0.6084371460928653 0.6026448362720404 0.210079275198188 0.1574307304785894
8 0.6070215175537939 0.3646095717884131 0.20951302378255945 0.16498740554156172
9 0.49773499433748586 0.1309823677581864 0.8516421291053228 0.1712846347607053
10 0.3983578708946772 0.825566750629723 0.21234428086070214 0.172544080604534
11 0.3960928652321631 0.5818639798488665 0.21121177802944507 0.19395465994962216
12 0.39637599093997733 0.35579345088161207 0.2129105322763307 0.2304785894206549
2 0.18403171007927518 0.8488664987405542 0.21857304643261607 0.20151133501259447
3 0.1831823329558324 0.6001259445843828 0.21347678369195924 0.1574307304785894
4 0.18261608154020384 0.36397984886649876 0.21121177802944507 0.16876574307304787