0 0.17865232163080408 0.820528967254408 0.2146092865232163 0.1801007556675063
1 0.1803510758776897 0.6051637279596978 0.21347678369195924 0.14987405541561713
5 0.18261608154020384 0.3608312342569269 0.2146092865232163 0.1952141057934509
6 0.39071347678369195 0.8211586901763224 0.21064552661381652 0.17380352644836272
7 0.39156285390713474 0.6026448362720404 0.210079275198188 0.1574307304785894
8 0.3929784824462061 0.3646095717884131 0.20951302378255945 0.16498740554156172
9 0.5022650056625142 0.1309823677581864 0.8516421291053228 0.1712846347607053
10 0.6047565118912798 0.7984886649874056 0.21064552661381652 0.23173803526448364
11 0.6044733861834655 0.5403022670025189 0.2089467723669309 0.3425692695214106
12 0.6053227633069083 0.369647355163728 0.20838052095130238 0.3236775818639798
2 0.8171007927519819 0.8583123425692695 0.217440543601359 0.2455919395465995
3 0.8168176670441676 0.6001259445843828 0.21347678369195924 0.1574307304785894
4 0.8173839184597962 0.36397984886649876 0.21121177802944507 0.16876574307304787