0 0.18447837150127228 0.16698473282442747 0.21289228159457166 0.1736641221374046
1 0.18363019508057676 0.40076335877862596 0.21119592875318066 0.15648854961832062
5 0.18490245971162 0.6354961832061069 0.21204410517387617 0.18702290076335878
6 0.39567430025445294 0.1784351145038168 0.21458863443596268 0.16984732824427481
7 0.39609838846480067 0.4074427480916031 0.21204410517387617 0.15839694656488548
8 0.39609838846480067 0.6393129770992366 0.2154368108566582 0.16412213740458015
9 0.5021204410517388 0.8683206106870229 0.8515691263782866 0.1717557251908397
10 0.6077184054283291 0.17748091603053434 0.21289228159457166 0.183206106870229
11 0.6085665818490246 0.41412213740458015 0.21119592875318066 0.23282442748091603
12 0.6081424936386769 0.6402671755725191 0.21374045801526717 0.20801526717557253
2 0.8240033927056828 0.16698473282442747 0.2179813401187447 0.1851145038167939
3 0.8214588634435963 0.4064885496183206 0.2196776929601357 0.16030534351145037
4 0.8223070398642918 0.6469465648854962 0.21628498727735368 0.16793893129770993