0 0.8149972632731254 0.16838709677419356 0.21784345922276957 0.17935483870967742
1 0.8130815544608648 0.39806451612903226 0.21182266009852216 0.1767741935483871
5 0.8152709359605911 0.6348387096774194 0.21291735084838534 0.1832258064516129
6 0.6075533661740559 0.1774193548387097 0.21455938697318008 0.1767741935483871
7 0.6061850027367269 0.4019354838709677 0.21510673234811165 0.15870967741935485
8 0.6050903119868637 0.6387096774193548 0.21182266009852216 0.14709677419354839
9 0.49835796387520526 0.867741935483871 0.8511220580186097 0.17161290322580644
10 0.39272030651340994 0.17806451612903226 0.21291735084838534 0.16774193548387098
11 0.3946360153256705 0.4367741935483871 0.2134646962233169 0.23870967741935484
12 0.3957307060755337 0.6690322580645162 0.21237000547345375 0.24645161290322581
2 0.17925561029009304 0.17935483870967742 0.21729611384783798 0.2270967741935484
3 0.180623973727422 0.37548387096774194 0.22112753147235906 0.2503225806451613
4 0.18089764641488779 0.6251612903225806 0.22058018609742747 0.21806451612903227