0 0.814340239912759 0.8245838668373879 0.21428571428571427 0.16645326504481434
1 0.814340239912759 0.6069142125480154 0.21428571428571427 0.17157490396927016
5 0.8184296619411123 0.36235595390524966 0.2148309705561614 0.19718309859154928
6 0.6016902944383861 0.8188220230473752 0.21101417666303163 0.18053777208706787
7 0.6033260632497274 0.6005121638924455 0.21101417666303163 0.1587708066581306
8 0.6074154852780806 0.36619718309859156 0.21046892039258452 0.16645326504481434
9 0.4983642311886587 0.13188220230473752 0.8516902944383861 0.17157490396927016
10 0.3904034896401309 0.8162612035851472 0.21264994547437296 0.19334186939820744
11 0.3920392584514722 0.5781049935979513 0.21264994547437296 0.19846350832266324
12 0.3950381679389313 0.3508322663252241 0.21101417666303163 0.18950064020486557
2 0.183206106870229 0.8706786171574904 0.22137404580152673 0.24839948783610755
3 0.1821155943293348 0.6459667093469911 0.21810250817884405 0.2599231754161332
4 0.18184296619411122 0.38412291933418696 0.21864776444929115 0.1946222791293214