0 0.8128415300546448 0.8268983268983269 0.21256830601092896 0.17374517374517376
1 0.8144808743169399 0.5926640926640927 0.21584699453551912 0.18146718146718147
5 0.8131147540983606 0.3590733590733591 0.21311475409836064 0.18018018018018017
6 0.6019125683060109 0.8217503217503217 0.21256830601092896 0.1788931788931789
7 0.6049180327868853 0.5926640926640927 0.2098360655737705 0.18404118404118405
8 0.6046448087431694 0.3507078507078507 0.21475409836065573 0.1994851994851995
9 0.4967213114754098 0.12483912483912483 0.8502732240437159 0.21621621621621623
10 0.3907103825136612 0.8217503217503217 0.21092896174863388 0.16602316602316602
11 0.39262295081967213 0.5778635778635779 0.21147540983606558 0.21621621621621623
12 0.3909836065573771 0.33976833976833976 0.21256830601092896 0.31917631917631917
2 0.17595628415300546 0.8217503217503217 0.2174863387978142 0.26898326898326896
3 0.1773224043715847 0.5926640926640927 0.2180327868852459 0.22265122265122264
4 0.1773224043715847 0.3507078507078507 0.22131147540983606 0.19176319176319176