0 0.8217934165720772 0.820528967254408 0.21452894438138478 0.1801007556675063
1 0.8181044267877412 0.6221662468513854 0.21169125993189558 0.18639798488664988
5 0.8172531214528944 0.3608312342569269 0.21452894438138478 0.1952141057934509
6 0.6092508513053349 0.8211586901763224 0.21169125993189558 0.17380352644836272
7 0.608683314415437 0.6026448362720404 0.2105561861520999 0.1574307304785894
8 0.6047105561861521 0.3778337531486146 0.2105561861520999 0.1889168765743073
9 0.4960272417707151 0.1618387909319899 0.8501702610669694 0.172544080604534
10 0.3978433598183882 0.825566750629723 0.2122587968217934 0.172544080604534
11 0.3955732122587968 0.5818639798488665 0.21112372304199772 0.19395465994962216
12 0.39472190692395004 0.3973551637279597 0.21282633371169127 0.23551637279596976
2 0.18331441543700341 0.8765743073047859 0.21906923950056753 0.24685138539042822
3 0.18161180476730987 0.6316120906801007 0.21906923950056753 0.2304785894206549
4 0.18047673098751418 0.4005037783375315 0.21679909194097616 0.21914357682619648