0 0.18181818181818182 0.8291984732824428 0.2141036533559898 0.1736641221374046
1 0.18011894647408666 0.6059160305343512 0.2141036533559898 0.15076335877862596
5 0.18521665250637212 0.3616412213740458 0.2141036533559898 0.18893129770992367
6 0.39422259983007646 0.825381679389313 0.21240441801189464 0.17748091603053434
7 0.39167374681393374 0.6020992366412213 0.2107051826677995 0.15839694656488548
8 0.397196261682243 0.37213740458015265 0.21325403568394222 0.1717557251908397
9 0.5067969413763806 0.13740458015267176 0.8538657604078165 0.22137404580152673
10 0.6057774001699235 0.8196564885496184 0.21240441801189464 0.19274809160305342
11 0.6087510620220901 0.5811068702290076 0.21325403568394222 0.20801526717557253
12 0.6074766355140186 0.35400763358778625 0.21580288870008496 0.1965648854961832
2 0.820730671197961 0.8435114503816794 0.21750212404418012 0.1984732824427481
3 0.8211554800339848 0.6020992366412213 0.22005097706032287 0.19274809160305342
4 0.8173322005097706 0.36354961832061067 0.2107051826677995 0.16984732824427481