0 0.18609742747673783 0.16731266149870802 0.21565407772304324 0.17183462532299743
1 0.18664477285166942 0.39987080103359174 0.2134646962233169 0.1640826873385013
5 0.18527640941434045 0.6356589147286822 0.21291735084838534 0.16279069767441862
6 0.39408866995073893 0.1789405684754522 0.21565407772304324 0.1744186046511628
7 0.39408866995073893 0.40633074935400515 0.2134646962233169 0.16666666666666666
8 0.3924466338259442 0.6350129198966409 0.21018062397372742 0.16666666666666666
9 0.5019157088122606 0.8682170542635659 0.8516694033935414 0.17054263565891473
10 0.6070060207991242 0.1847545219638243 0.21237000547345375 0.17829457364341086
11 0.6075533661740559 0.42829457364341084 0.21455938697318008 0.21834625322997417
12 0.6056376573617953 0.6627906976744186 0.21291735084838534 0.2351421188630491
2 0.8221127531472359 0.18410852713178294 0.2200328407224959 0.2441860465116279
3 0.8226600985221675 0.40310077519379844 0.21893814997263272 0.2454780361757106
4 0.8207443897099069 0.6337209302325582 0.21729611384783798 0.2751937984496124