0 0.17865232163080408 0.17929292929292928 0.2146092865232163 0.17929292929292928
1 0.1803510758776897 0.39457070707070707 0.21347678369195924 0.15025252525252525
5 0.18261608154020384 0.639520202020202 0.2146092865232163 0.19570707070707072
6 0.39071347678369195 0.17866161616161616 0.21064552661381652 0.17297979797979798
7 0.39156285390713474 0.3970959595959596 0.210079275198188 0.15782828282828282
8 0.3929784824462061 0.6357323232323232 0.20951302378255945 0.16540404040404041
9 0.5022650056625142 0.8686868686868687 0.8516421291053228 0.1717171717171717
10 0.6016421291053228 0.1919191919191919 0.21234428086070214 0.20959595959595959
11 0.6033408833522084 0.4659090909090909 0.21234428086070214 0.30303030303030304
12 0.6041902604756512 0.6622474747474747 0.21177802944507362 0.21085858585858586
2 0.8159682899207248 0.15088383838383837 0.21857304643261607 0.20075757575757575
3 0.8165345413363534 0.37626262626262624 0.21970554926387317 0.20959595959595959
4 0.8190826727066818 0.6092171717171717 0.21800679501698755 0.16792929292929293