0 0.18592552026286965 0.16066838046272494 0.21631982475355968 0.13367609254498714
1 0.18619934282584885 0.35347043701799485 0.2157721796276013 0.2390745501285347
5 0.18428258488499452 0.5989717223650386 0.21741511500547644 0.2853470437017995
6 0.39923329682365827 0.18123393316195371 0.21139101861993428 0.18251928020565553
7 0.39813800657174153 0.42159383033419023 0.21139101861993428 0.2185089974293059
8 0.39676889375684554 0.5919023136246787 0.21303395399780942 0.2506426735218509
9 0.5079408543263965 0.8245501285347043 0.8548740416210295 0.33547557840616965
10 0.6100766703176341 0.19023136246786632 0.21139101861993428 0.1928020565552699
11 0.6067907995618839 0.43637532133676094 0.21358159912376778 0.24293059125964012
12 0.608433734939759 0.6034704370179949 0.21467688937568455 0.2249357326478149
2 0.8198247535596933 0.12789203084832904 0.22015334063526834 0.2532133676092545
3 0.8203723986856517 0.35668380462724936 0.2212486308871851 0.2609254498714653
4 0.8233844468784228 0.622107969151671 0.21631982475355968 0.20565552699228792