0 0.1873285792649479 0.17076326002587322 0.21448162369720242 0.16558861578266496
1 0.185957213384531 0.4016817593790427 0.21503017004936917 0.1461836998706339
5 0.18623148656061436 0.6338939197930142 0.2133845309928689 0.17076326002587322
6 0.39989029072956667 0.17787839586028462 0.21173889193636863 0.17723156532988357
7 0.39851892484914975 0.3978007761966365 0.21228743828853539 0.15653298835705046
8 0.3927591881513988 0.6338939197930142 0.2095447065277016 0.16558861578266496
9 0.5087767416346681 0.8505821474773609 0.8562808557323094 0.17205692108667528
10 0.6116291826659352 0.1759379042690815 0.2106417992320351 0.18111254851228978
11 0.6102578167855184 0.407503234152652 0.20899616017553482 0.17076326002587322
12 0.6086121777290181 0.648124191461837 0.2133845309928689 0.21733505821474774
2 0.8211738891936369 0.1759379042690815 0.21941854086670323 0.20439844760672704
3 0.8217224355458036 0.388745148771022 0.21832144816236973 0.18758085381630013
4 0.8247394404827207 0.6248382923673997 0.21777290181020295 0.17335058214747737