0 0.1828231292517007 0.8352490421455939 0.21428571428571427 0.1685823754789272
1 0.1828231292517007 0.60727969348659 0.21428571428571427 0.17624521072796934
5 0.18239795918367346 0.3611111111111111 0.2151360544217687 0.19731800766283525
6 0.39540816326530615 0.8275862068965517 0.21428571428571427 0.18007662835249041
7 0.39540816326530615 0.5996168582375478 0.21258503401360543 0.16091954022988506
8 0.39540816326530615 0.3706896551724138 0.21258503401360543 0.15517241379310345
9 0.5034013605442177 0.13697318007662834 0.8571428571428571 0.25862068965517243
10 0.608843537414966 0.8199233716475096 0.21428571428571427 0.18007662835249041
11 0.6079931972789115 0.5766283524904214 0.21258503401360543 0.20689655172413793
12 0.6058673469387755 0.3371647509578544 0.21343537414965985 0.21839080459770116
2 0.8244047619047619 0.8189655172413793 0.2185374149659864 0.21264367816091953
3 0.8244047619047619 0.5862068965517241 0.21683673469387754 0.20306513409961685
4 0.8231292517006803 0.35919540229885055 0.21768707482993196 0.1781609195402299