0 0.17857142857142858 0.8206106870229007 0.21428571428571427 0.17938931297709923
1 0.179421768707483 0.607824427480916 0.21598639455782312 0.20038167938931298
5 0.18239795918367346 0.3616412213740458 0.2151360544217687 0.1965648854961832
6 0.3903061224489796 0.8215648854961832 0.2108843537414966 0.1736641221374046
7 0.39158163265306123 0.6020992366412213 0.2100340136054422 0.15839694656488548
8 0.39540816326530615 0.3702290076335878 0.21258503401360543 0.183206106870229
9 0.502125850340136 0.1316793893129771 0.8511904761904762 0.1717557251908397
10 0.6033163265306123 0.8091603053435115 0.21343537414965985 0.20610687022900764
11 0.6037414965986394 0.5830152671755725 0.2108843537414966 0.19274809160305342
12 0.6037414965986394 0.37786259541984735 0.20918367346938777 0.183206106870229
2 0.8159013605442177 0.8501908396946565 0.2185374149659864 0.20038167938931298
3 0.8197278911564626 0.6068702290076335 0.22108843537414966 0.183206106870229
4 0.8171768707482994 0.36354961832061067 0.2108843537414966 0.16984732824427481