0 0.821347678369196 0.820528967254408 0.2146092865232163 0.1801007556675063
1 0.8196489241223103 0.6051637279596978 0.21347678369195924 0.14987405541561713
5 0.8154020385050963 0.34005037783375314 0.21177802944507362 0.22670025188916876
6 0.609286523216308 0.8211586901763224 0.21064552661381652 0.17380352644836272
7 0.6084371460928653 0.6026448362720404 0.210079275198188 0.1574307304785894
8 0.6047565118912798 0.3532745591939547 0.21064552661381652 0.2052896725440806
9 0.49575311438278596 0.11712846347607053 0.8533408833522084 0.2141057934508816
10 0.3983578708946772 0.825566750629723 0.21234428086070214 0.172544080604534
11 0.3960928652321631 0.5818639798488665 0.21121177802944507 0.19395465994962216
12 0.3941109852774632 0.3318639798488665 0.21177802944507362 0.24811083123425692
2 0.18148357870894677 0.8035264483627204 0.22253680634201586 0.3047858942065491
3 0.18289920724801811 0.5925692695214105 0.217440543601359 0.30100755667506296
4 0.18006795016987542 0.37531486146095716 0.21970554926387317 0.2795969773299748