0 0.183206106870229 0.1717557251908397 0.21374045801526717 0.1717557251908397
1 0.179813401187447 0.39408396946564883 0.21374045801526717 0.15076335877862596
5 0.18490245971162 0.6288167938931297 0.21374045801526717 0.1851145038167939
6 0.39567430025445294 0.18225190839694658 0.21289228159457166 0.18129770992366412
7 0.3969465648854962 0.40458015267175573 0.2154368108566582 0.16793893129770993
8 0.39609838846480067 0.6431297709923665 0.21374045801526717 0.17557251908396945
9 0.5046649703138253 0.8568702290076335 0.8515691263782866 0.24045801526717558
10 0.6081424936386769 0.21278625954198474 0.21034775233248515 0.24236641221374045
11 0.6081424936386769 0.4952290076335878 0.21204410517387617 0.3683206106870229
12 0.6077184054283291 0.7118320610687023 0.21289228159457166 0.30916030534351147
2 0.8214588634435963 0.16316793893129772 0.2179813401187447 0.28053435114503816
3 0.8223070398642918 0.3893129770992366 0.2179813401187447 0.21374045801526717
4 0.8210347752332485 0.6288167938931297 0.2154368108566582 0.16984732824427481