0 0.17865232163080408 0.17974683544303796 0.2146092865232163 0.17974683544303796
1 0.1823329558323896 0.38354430379746834 0.2129105322763307 0.23037974683544304
5 0.18261608154020384 0.6386075949367088 0.2146092865232163 0.1962025316455696
6 0.39071347678369195 0.17848101265822786 0.21064552661381652 0.17468354430379746
7 0.39156285390713474 0.3968354430379747 0.210079275198188 0.15822784810126583
8 0.3929784824462061 0.6354430379746835 0.20951302378255945 0.1670886075949367
9 0.5022650056625142 0.8215189873417722 0.853907134767837 0.2
10 0.6024915062287656 0.1981012658227848 0.2129105322763307 0.2139240506329114
11 0.6036240090600227 0.45 0.21177802944507362 0.2772151898734177
12 0.6036240090600227 0.6455696202531646 0.21177802944507362 0.25063291139240507
2 0.8173839184597962 0.13544303797468354 0.22140430351075877 0.2708860759493671
3 0.8176670441676104 0.32974683544303796 0.22083805209513024 0.2670886075949367
4 0.8193657984144961 0.5873417721518988 0.217440543601359 0.26582278481012656