0 0.1840986394557823 0.16506717850287908 0.2151360544217687 0.1727447216890595
1 0.1798469387755102 0.3944337811900192 0.21343537414965985 0.15163147792706333
5 0.18537414965986396 0.6295585412667947 0.21258503401360543 0.18426103646833014
6 0.3979591836734694 0.1833013435700576 0.20748299319727892 0.18618042226487524
7 0.39158163265306123 0.39731285988483683 0.2100340136054422 0.15738963531669867
8 0.39285714285714285 0.6353166986564299 0.20918367346938777 0.16506717850287908
9 0.5029761904761905 0.8522072936660269 0.8545918367346939 0.19193857965451055
10 0.6096938775510204 0.1833013435700576 0.21258503401360543 0.19769673704414586
11 0.6071428571428571 0.4491362763915547 0.21428571428571427 0.272552783109405
12 0.6062925170068028 0.6573896353166987 0.21598639455782312 0.23224568138195778
2 0.8244047619047619 0.16026871401151632 0.21683673469387754 0.22456813819577734
3 0.8244047619047619 0.3886756238003839 0.21683673469387754 0.22840690978886757
4 0.8227040816326531 0.6257197696737045 0.21343537414965985 0.1727447216890595