0 0.18479184367034834 0.17938931297709923 0.21325403568394222 0.19083969465648856
1 0.18011894647408666 0.39408396946564883 0.2141036533559898 0.15076335877862596
5 0.1822429906542056 0.6383587786259542 0.21495327102803738 0.1965648854961832
6 0.3967714528462192 0.17270992366412213 0.2107051826677995 0.16603053435114504
7 0.3963466440101954 0.40935114503816794 0.21325403568394222 0.18129770992366412
8 0.3976210705182668 0.6326335877862596 0.21240441801189464 0.1736641221374046
9 0.5021240441801189 0.8683206106870229 0.8513169073916738 0.1717557251908397
10 0.6087510620220901 0.17938931297709923 0.21325403568394222 0.183206106870229
11 0.6083262531860663 0.4255725190839695 0.2107051826677995 0.21374045801526717
12 0.6087510620220901 0.6564885496183206 0.21155480033984708 0.21374045801526717
2 0.824553950722175 0.15648854961832062 0.2183517417162277 0.25572519083969464
3 0.824553950722175 0.3597328244274809 0.21665250637213254 0.28053435114503816
4 0.8215802888700084 0.6154580152671756 0.21750212404418012 0.22328244274809161