0 0.1871584699453552 0.1731016731016731 0.21256830601092896 0.17374517374517376
1 0.18551912568306012 0.40733590733590735 0.21584699453551912 0.18146718146718147
5 0.18688524590163935 0.640926640926641 0.21311475409836064 0.18018018018018017
6 0.3980874316939891 0.17824967824967825 0.21256830601092896 0.1788931788931789
7 0.3950819672131147 0.40733590733590735 0.2098360655737705 0.18404118404118405
8 0.3953551912568306 0.6492921492921493 0.21475409836065573 0.1994851994851995
9 0.5032786885245901 0.8751608751608752 0.8502732240437159 0.21621621621621623
10 0.6092896174863388 0.17824967824967825 0.21092896174863388 0.16602316602316602
11 0.6073770491803279 0.42213642213642216 0.21147540983606558 0.21621621621621623
12 0.6090163934426229 0.6602316602316602 0.21256830601092896 0.31917631917631917
2 0.8240437158469945 0.17824967824967825 0.2174863387978142 0.26898326898326896
3 0.8226775956284152 0.40733590733590735 0.2180327868852459 0.22265122265122264
4 0.8226775956284152 0.6492921492921493 0.22131147540983606 0.19176319176319176