0 0.17877412031782067 0.16982323232323232 0.2133938706015891 0.18055555555555555
1 0.18303064699205449 0.40845959595959597 0.21396140749148695 0.17045454545454544
5 0.18274687854710556 0.639520202020202 0.21452894438138478 0.19570707070707072
6 0.39330306469920545 0.17613636363636365 0.21112372304199772 0.1527777777777778
7 0.39472190692395004 0.4059343434343434 0.20828603859250852 0.16287878787878787
8 0.3955732122587968 0.648989898989899 0.21112372304199772 0.21717171717171718
9 0.5025539160045402 0.8699494949494949 0.8518728717366629 0.1717171717171717
10 0.6021566401816119 0.21085858585858586 0.21112372304199772 0.23232323232323232
11 0.6024404086265607 0.43434343434343436 0.21396140749148695 0.20707070707070707
12 0.6072644721906924 0.6502525252525253 0.20885357548240635 0.20202020202020202
2 0.8172531214528944 0.16792929292929293 0.2133938706015891 0.17929292929292928
3 0.8166855845629966 0.3958333333333333 0.21793416572077184 0.18813131313131312
4 0.8166855845629966 0.6167929292929293 0.21679909194097616 0.18813131313131312