0 0.18204983012457532 0.827455919395466 0.21574178935447338 0.1889168765743073
1 0.1803510758776897 0.6051637279596978 0.21347678369195924 0.14987405541561713
5 0.18261608154020384 0.3608312342569269 0.2146092865232163 0.1952141057934509
6 0.39071347678369195 0.8211586901763224 0.21064552661381652 0.17380352644836272
7 0.39156285390713474 0.6026448362720404 0.210079275198188 0.1574307304785894
8 0.3929784824462061 0.3646095717884131 0.20951302378255945 0.16498740554156172
9 0.5022650056625142 0.1309823677581864 0.8516421291053228 0.1712846347607053
10 0.6016421291053228 0.825566750629723 0.21234428086070214 0.172544080604534
11 0.603907134767837 0.5818639798488665 0.21121177802944507 0.19395465994962216
12 0.6036240090600227 0.31801007556675065 0.21064552661381652 0.2959697732997481
2 0.8199320498301246 0.8161209068010076 0.22083805209513024 0.28211586901763225
3 0.8187995469988675 0.621536523929471 0.217440543601359 0.2959697732997481
4 0.8185164212910532 0.3992443324937028 0.21687429218573046 0.24181360201511334