0 0.8193384223918575 0.8352601156069365 0.21374045801526717 0.1791907514450867
1 0.818490245971162 0.5973025048169557 0.21374045801526717 0.17341040462427745
5 0.8180661577608143 0.3603082851637765 0.21458863443596268 0.19653179190751446
6 0.6081424936386769 0.8188824662813102 0.21204410517387617 0.16955684007707128
7 0.6085665818490246 0.603082851637765 0.21119592875318066 0.1579961464354528
8 0.6072943172179813 0.36416184971098264 0.21034775233248515 0.16570327552986513
9 0.49957591178965227 0.1416184971098266 0.8532654792196777 0.23314065510597304
10 0.3931297709923664 0.8217726396917149 0.21458863443596268 0.17148362235067438
11 0.39567430025445294 0.5828516377649325 0.21119592875318066 0.19460500963391136
12 0.39652247667514845 0.3439306358381503 0.21628498727735368 0.2138728323699422
2 0.17769296013570823 0.8429672447013488 0.2179813401187447 0.31021194605009633
3 0.178117048346056 0.6483622350674374 0.2205258693808312 0.2947976878612717
4 0.179813401187447 0.39980732177263967 0.21882951653944022 0.23699421965317918