0 0.18239166209544708 0.17332474226804123 0.21448162369720242 0.19201030927835053
1 0.1845858475041141 0.3943298969072165 0.2133845309928689 0.16494845360824742
5 0.18239166209544708 0.6385309278350515 0.21448162369720242 0.19716494845360824
6 0.3952276467361492 0.17654639175257733 0.21119034558420186 0.18556701030927836
7 0.3938562808557323 0.4027061855670103 0.21393307734503567 0.18170103092783504
8 0.3924849149753154 0.6346649484536082 0.20899616017553482 0.16623711340206185
9 0.5019199122325837 0.8685567010309279 0.8513439385628085 0.17010309278350516
10 0.6064179923203511 0.17654639175257733 0.2133845309928689 0.16752577319587628
11 0.605595172792101 0.45038659793814434 0.21393307734503567 0.2770618556701031
12 0.6058694459681843 0.6675257731958762 0.21448162369720242 0.36597938144329895
2 0.8214481623697203 0.17719072164948454 0.21777290181020295 0.28737113402061853
3 0.8217224355458036 0.37822164948453607 0.22051563357103676 0.27963917525773196
4 0.8217224355458036 0.6333762886597938 0.22051563357103676 0.18685567010309279