0 0.8150273224043716 0.17586649550706032 0.2103825136612022 0.18741976893453144
1 0.8120218579234972 0.4011553273427471 0.21202185792349726 0.17073170731707318
5 0.8128415300546448 0.6335044929396663 0.21147540983606558 0.18613607188703465
6 0.6049180327868853 0.18677792041078306 0.21311475409836064 0.20667522464698332
7 0.605191256830601 0.3992297817715019 0.21256830601092896 0.1668806161745828
8 0.607103825136612 0.6341463414634146 0.2098360655737705 0.1668806161745828
9 0.49836065573770494 0.8581514762516046 0.8513661202185793 0.2092426187419769
10 0.3915300546448087 0.17843388960205392 0.21366120218579235 0.20025673940949937
11 0.39344262295081966 0.40821566110397944 0.2174863387978142 0.21309370988446727
12 0.39316939890710384 0.6322207958921694 0.21366120218579235 0.23234916559691912
2 0.1773224043715847 0.1534017971758665 0.2180327868852459 0.24775353016688062
3 0.1778688524590164 0.3883183568677792 0.21584699453551912 0.21181001283697048
4 0.17677595628415302 0.6187419768934531 0.21584699453551912 0.220795892169448