0 0.8217934165720772 0.820528967254408 0.21452894438138478 0.1801007556675063
1 0.8195232690124858 0.6051637279596978 0.2133938706015891 0.14987405541561713
5 0.8172531214528944 0.3608312342569269 0.21452894438138478 0.1952141057934509
6 0.6092508513053349 0.8211586901763224 0.21169125993189558 0.17380352644836272
7 0.608683314415437 0.6026448362720404 0.2105561861520999 0.1574307304785894
8 0.6069807037457434 0.3646095717884131 0.2105561861520999 0.16498740554156172
9 0.4974460839954597 0.1309823677581864 0.8518728717366629 0.1712846347607053
10 0.3955732122587968 0.8110831234256927 0.2122587968217934 0.1964735516372796
11 0.3955732122587968 0.5818639798488665 0.21112372304199772 0.19395465994962216
12 0.3961407491486947 0.37720403022670024 0.20885357548240635 0.18261964735516373
2 0.18359818388195231 0.8488664987405542 0.2185017026106697 0.20151133501259447
3 0.18331441543700341 0.6001259445843828 0.2133938706015891 0.1574307304785894
4 0.18217934165720773 0.36397984886649876 0.21112372304199772 0.16876574307304787