0 0.18555008210180624 0.16108247422680413 0.21455938697318008 0.15721649484536082
1 0.18664477285166942 0.3949742268041237 0.2134646962233169 0.14561855670103094
5 0.18664477285166942 0.6243556701030928 0.20799124247400108 0.18427835051546393
6 0.3976464148877942 0.16817010309278352 0.21182266009852216 0.1713917525773196
7 0.3910782703886152 0.39690721649484534 0.210727969348659 0.15979381443298968
8 0.39792008757526 0.6372422680412371 0.21237000547345375 0.18427835051546393
9 0.5019157088122606 0.8685567010309279 0.8516694033935414 0.17010309278350516
10 0.6081007115489874 0.17010309278350516 0.2112753147235906 0.17268041237113402
11 0.6037219485495348 0.4162371134020619 0.2112753147235906 0.19329896907216496
12 0.6067323481116584 0.654639175257732 0.2140120415982485 0.21391752577319587
2 0.8158182813355227 0.14948453608247422 0.21839080459770116 0.20103092783505155
3 0.8188286808976464 0.3962628865979381 0.21893814997263272 0.19974226804123713
4 0.8223864258347017 0.6391752577319587 0.22058018609742747 0.2190721649484536