0 0.1845858475041141 0.16558441558441558 0.21448162369720242 0.15974025974025974
1 0.185957213384531 0.3935064935064935 0.21283598464070214 0.18181818181818182
5 0.18650575973669775 0.6298701298701299 0.21283598464070214 0.17922077922077922
6 0.39330773450356554 0.17272727272727273 0.21503017004936917 0.15064935064935064
7 0.3952276467361492 0.4 0.21009325287986835 0.16883116883116883
8 0.3949533735600658 0.6383116883116883 0.21393307734503567 0.18311688311688312
9 0.5019199122325837 0.8681818181818182 0.8513439385628085 0.17012987012987013
10 0.6058694459681843 0.17857142857142858 0.2133845309928689 0.15974025974025974
11 0.6039495337356007 0.41623376623376623 0.2106417992320351 0.19350649350649352
12 0.6044980800877674 0.6428571428571429 0.21393307734503567 0.19480519480519481
2 0.8214481623697203 0.16233766233766234 0.2210641799232035 0.18441558441558442
3 0.8203510696653867 0.4025974025974026 0.2210641799232035 0.15844155844155844
4 0.8173340647284696 0.6279220779220779 0.21832144816236973 0.14935064935064934