0 0.821368004522329 0.820528967254408 0.21481062747314866 0.1801007556675063
1 0.819672131147541 0.6051637279596978 0.21368004522328998 0.14987405541561713
5 0.8174109666478236 0.3608312342569269 0.21481062747314866 0.1952141057934509
6 0.609383832673827 0.8211586901763224 0.21141888072357265 0.17380352644836272
7 0.6082532504239684 0.6026448362720404 0.21028829847371397 0.1574307304785894
8 0.606840022611645 0.3646095717884131 0.20972300734878463 0.16498740554156172
9 0.4963256076879593 0.13790931989924432 0.851328434143584 0.19269521410579346
10 0.39824759751271904 0.825566750629723 0.211984171848502 0.172544080604534
11 0.394855850763143 0.5453400503778337 0.211984171848502 0.2594458438287154
12 0.3942905596382137 0.3249370277078086 0.21311475409836064 0.22921914357682618
2 0.18258903335217638 0.8419395465994962 0.22046353872244207 0.21032745591939547
3 0.18061051441492368 0.610831234256927 0.21876766534765404 0.18387909319899245
4 0.18258903335217638 0.36397984886649876 0.21141888072357265 0.16876574307304787