0 0.8215802888700084 0.8218390804597702 0.2141036533559898 0.18007662835249041
1 0.8198810535259133 0.6053639846743295 0.2141036533559898 0.14942528735632185
5 0.8143585386576041 0.36590038314176243 0.21325403568394222 0.18007662835249041
6 0.6096006796941377 0.8218390804597702 0.21155480033984708 0.1724137931034483
7 0.6083262531860663 0.6024904214559387 0.2107051826677995 0.15900383141762453
8 0.6040781648258283 0.367816091954023 0.21240441801189464 0.15708812260536398
9 0.49787595581988103 0.13122605363984674 0.8513169073916738 0.17049808429118773
10 0.3976210705182668 0.8218390804597702 0.21240441801189464 0.19157088122605365
11 0.3959218351741716 0.5833333333333334 0.2107051826677995 0.19348659003831417
12 0.39167374681393374 0.36398467432950193 0.2141036533559898 0.1724137931034483
2 0.18096856414613424 0.8505747126436781 0.22090059473237042 0.17624521072796934
3 0.1788445199660153 0.671455938697318 0.221750212404418 0.2777777777777778
4 0.1784197111299915 0.42528735632183906 0.21920135938827529 0.26053639846743293