0 0.8214285714285714 0.17904761904761904 0.21428571428571427 0.17904761904761904
1 0.8201530612244898 0.3952380952380952 0.21343537414965985 0.15047619047619049
5 0.8176020408163265 0.6390476190476191 0.2151360544217687 0.1961904761904762
6 0.6096938775510204 0.17809523809523808 0.2108843537414966 0.17333333333333334
7 0.6084183673469388 0.39714285714285713 0.2100340136054422 0.1580952380952381
8 0.6071428571428571 0.6352380952380953 0.20918367346938777 0.1657142857142857
9 0.49787414965986393 0.8685714285714285 0.8511904761904762 0.17142857142857143
10 0.3983843537414966 0.17333333333333334 0.21173469387755103 0.17142857142857143
11 0.3945578231292517 0.44 0.21768707482993196 0.2704761904761905
12 0.39158163265306123 0.6571428571428571 0.2151360544217687 0.2895238095238095
2 0.17899659863945577 0.17047619047619048 0.22023809523809523 0.25333333333333335
3 0.17772108843537415 0.4 0.2193877551020408 0.23238095238095238
4 0.1828231292517007 0.6352380952380953 0.2108843537414966 0.16952380952380952