0 0.1845858475041141 0.8318298969072165 0.21667580910586945 0.15077319587628865
1 0.1818431157432803 0.595360824742268 0.2133845309928689 0.15206185567010308
5 0.1821173889193637 0.36146907216494845 0.21503017004936917 0.19716494845360824
6 0.3938562808557323 0.8221649484536082 0.2161272627537027 0.17268041237113402
7 0.3941305540318157 0.592139175257732 0.21228743828853539 0.16108247422680413
8 0.3927591881513988 0.36533505154639173 0.2095447065277016 0.16623711340206185
9 0.5019199122325837 0.13144329896907217 0.8513439385628085 0.17010309278350516
10 0.6069665386725178 0.821520618556701 0.2133845309928689 0.1791237113402062
11 0.6066922654964344 0.5476804123711341 0.21173889193636863 0.25773195876288657
12 0.6064179923203511 0.31572164948453607 0.21228743828853539 0.23195876288659795
2 0.8222709818979704 0.8253865979381443 0.2172243554580362 0.23067010309278352
3 0.8195282501371366 0.601159793814433 0.2172243554580362 0.15850515463917525
4 0.8195282501371366 0.3646907216494845 0.22051563357103676 0.17525773195876287