0 0.18622448979591838 0.15744274809160305 0.20918367346938777 0.16221374045801526
1 0.18537414965986396 0.3883587786259542 0.2108843537414966 0.16221374045801526
5 0.18239795918367346 0.6383587786259542 0.2151360544217687 0.1965648854961832
6 0.39668367346938777 0.1717557251908397 0.2151360544217687 0.1946564885496183
7 0.39668367346938777 0.3902671755725191 0.21343537414965985 0.16984732824427481
8 0.3979591836734694 0.6164122137404581 0.21258503401360543 0.18702290076335878
9 0.502125850340136 0.8683206106870229 0.8511904761904762 0.1717557251908397
10 0.608843537414966 0.1717557251908397 0.21428571428571427 0.19083969465648856
11 0.6092687074829932 0.4112595419847328 0.21173469387755103 0.20038167938931298
12 0.6075680272108843 0.6211832061068703 0.21173469387755103 0.1736641221374046
2 0.8235544217687075 0.14790076335877864 0.2185374149659864 0.20419847328244276
3 0.8227040816326531 0.3998091603053435 0.21683673469387754 0.18129770992366412
4 0.8239795918367347 0.6269083969465649 0.21768707482993196 0.17748091603053434