0 0.1823579304495335 0.8352490421455939 0.21374045801526717 0.16475095785440613
1 0.179813401187447 0.6053639846743295 0.21374045801526717 0.14942528735632185
5 0.18193384223918574 0.3611111111111111 0.21458863443596268 0.19731800766283525
6 0.3948261238337574 0.8189655172413793 0.20949957591178966 0.1896551724137931
7 0.3914334181509754 0.6024904214559387 0.21119592875318066 0.15900383141762453
8 0.3927056827820187 0.3649425287356322 0.21034775233248515 0.16666666666666666
9 0.5021204410517388 0.13122605363984674 0.8515691263782866 0.17049808429118773
10 0.6064461407972859 0.8237547892720306 0.21374045801526717 0.1839080459770115
11 0.6043256997455471 0.5833333333333334 0.21119592875318066 0.19348659003831417
12 0.6064461407972859 0.35727969348659006 0.21204410517387617 0.18582375478927204
2 0.8197625106022053 0.8227969348659003 0.2196776929601357 0.19348659003831417
3 0.8210347752332485 0.5909961685823755 0.21882951653944022 0.1896551724137931
4 0.8193384223918575 0.36590038314176243 0.2205258693808312 0.1724137931034483