0 0.18856048166392994 0.17117117117117117 0.210727969348659 0.16731016731016732
1 0.18801313628899835 0.4009009009009009 0.21182266009852216 0.16087516087516088
5 0.18664477285166942 0.6422136422136422 0.21237000547345375 0.16216216216216217
6 0.3981937602627258 0.18404118404118405 0.20963327859879585 0.18532818532818532
7 0.3981937602627258 0.4066924066924067 0.20853858784893267 0.17245817245817247
8 0.39272030651340994 0.6344916344916345 0.20963327859879585 0.16731016731016732
9 0.5019157088122606 0.868082368082368 0.8516694033935414 0.17117117117117117
10 0.6083743842364532 0.19240669240669242 0.2140120415982485 0.19433719433719435
11 0.6050903119868637 0.4588159588159588 0.21182266009852216 0.27927927927927926
12 0.6075533661740559 0.6827541827541828 0.2112753147235906 0.27413127413127414
2 0.819376026272578 0.16602316602316602 0.2200328407224959 0.28314028314028317
3 0.8207443897099069 0.3815958815958816 0.21839080459770116 0.25868725868725867
4 0.8212917350848385 0.6229086229086229 0.21729611384783798 0.2059202059202059