0 0.1836734693877551 0.17002518891687657 0.21428571428571427 0.18639798488664988
1 0.18027210884353742 0.39483627204030225 0.21315192743764172 0.14987405541561713
5 0.18253968253968253 0.639168765743073 0.21428571428571427 0.1952141057934509
6 0.39654195011337867 0.17758186397984888 0.21031746031746032 0.18387909319899245
7 0.39512471655328796 0.4093198992443325 0.21201814058956917 0.18387909319899245
8 0.39285714285714285 0.6353904282115869 0.20975056689342403 0.16498740554156172
9 0.5022675736961452 0.8690176322418136 0.8514739229024944 0.1712846347607053
10 0.6074263038548753 0.1756926952141058 0.21031746031746032 0.17506297229219145
11 0.606859410430839 0.4345088161209068 0.21031746031746032 0.23929471032745592
12 0.6037414965986394 0.6561712846347607 0.20861678004535147 0.24937027707808565
2 0.8214285714285714 0.15931989924433249 0.21882086167800455 0.27329974811083124
3 0.8211451247165533 0.3790931989924433 0.21825396825396826 0.24685138539042822
4 0.8183106575963719 0.6209068010075567 0.21825396825396826 0.25440806045340053