0 0.18493150684931506 0.16925064599483206 0.21643835616438356 0.2041343669250646
1 0.18465753424657536 0.4050387596899225 0.21808219178082192 0.17958656330749354
5 0.1821917808219178 0.6382428940568475 0.21534246575342467 0.19638242894056848
6 0.38986301369863013 0.1937984496124031 0.21095890410958903 0.18604651162790697
7 0.39123287671232876 0.39728682170542634 0.2104109589041096 0.15891472868217055
8 0.3926027397260274 0.6350129198966409 0.20876712328767122 0.16666666666666666
9 0.5046575342465753 0.8624031007751938 0.856986301369863 0.16925064599483206
10 0.6013698630136987 0.17377260981912146 0.21205479452054796 0.17183462532299743
11 0.6035616438356164 0.4160206718346253 0.21095890410958903 0.1937984496124031
12 0.6032876712328767 0.622093023255814 0.20931506849315068 0.1847545219638243
2 0.8178082191780822 0.12790697674418605 0.22082191780821916 0.2532299741602067
3 0.8194520547945205 0.2810077519379845 0.22301369863013698 0.3785529715762274
4 0.8202739726027397 0.5490956072351422 0.22246575342465755 0.31007751937984496