0 0.1823329558323896 0.827455919395466 0.2129105322763307 0.1889168765743073
1 0.1803510758776897 0.6051637279596978 0.21347678369195924 0.14987405541561713
5 0.18261608154020384 0.3608312342569269 0.2146092865232163 0.1952141057934509
6 0.39071347678369195 0.8211586901763224 0.21064552661381652 0.17380352644836272
7 0.39156285390713474 0.6026448362720404 0.210079275198188 0.1574307304785894
8 0.3929784824462061 0.3646095717884131 0.20951302378255945 0.16498740554156172
9 0.5022650056625142 0.1309823677581864 0.8516421291053228 0.1712846347607053
10 0.6056058890147226 0.8123425692695214 0.210079275198188 0.19143576826196473
11 0.603907134767837 0.5818639798488665 0.21121177802944507 0.19395465994962216
12 0.6027746319365799 0.3589420654911839 0.21121177802944507 0.19143576826196473
2 0.8159682899207248 0.8488664987405542 0.21857304643261607 0.20151133501259447
3 0.8171007927519819 0.6227959697732998 0.21630804077010193 0.22040302267002518
4 0.8162514156285391 0.37531486146095716 0.21800679501698755 0.1889168765743073