0 0.1870543060888645 0.16516129032258065 0.21503017004936917 0.17806451612903226
1 0.18348875479978058 0.40258064516129033 0.21119034558420186 0.16774193548387098
5 0.18513439385628086 0.6316129032258064 0.21448162369720242 0.18451612903225806
6 0.40016456390565003 0.18387096774193548 0.21009325287986835 0.18451612903225806
7 0.3913878222709819 0.3967741935483871 0.21009325287986835 0.15870967741935485
8 0.3924849149753154 0.6341935483870967 0.20899616017553482 0.1664516129032258
9 0.507953922106418 0.8548387096774194 0.8546352166758091 0.1664516129032258
10 0.6108063631376851 0.1870967741935484 0.21009325287986835 0.1935483870967742
11 0.6061437191442677 0.4341935483870968 0.21283598464070214 0.23870967741935484
12 0.6064179923203511 0.655483870967742 0.21557871640153592 0.21935483870967742
2 0.81980252331322 0.18 0.21886999451453648 0.22064516129032258
3 0.8195282501371366 0.4103225806451613 0.21941854086670323 0.18580645161290324
4 0.821996708721887 0.6348387096774194 0.21777290181020295 0.1703225806451613