0 0.815989847715736 0.851145038167939 0.21235194585448391 0.21374045801526717
1 0.8151438240270727 0.607824427480916 0.21065989847715735 0.16221374045801526
5 0.8176818950930627 0.3616412213740458 0.2140439932318105 0.1965648854961832
6 0.6027918781725888 0.816793893129771 0.21573604060913706 0.21374045801526717
7 0.6087140439932318 0.6020992366412213 0.21065989847715735 0.15839694656488548
8 0.6074450084602369 0.3654580152671756 0.2098138747884941 0.16603053435114504
9 0.4978849407783418 0.1316793893129771 0.8519458544839256 0.1717557251908397
10 0.39086294416243655 0.816793893129771 0.2131979695431472 0.17938931297709923
11 0.3912859560067682 0.5429389312977099 0.21235194585448391 0.3148854961832061
12 0.3925549915397631 0.32061068702290074 0.2131979695431472 0.32061068702290074
2 0.17597292724196278 0.8301526717557252 0.2182741116751269 0.33969465648854963
3 0.17639593908629442 0.6374045801526718 0.2140439932318105 0.37404580152671757
4 0.1772419627749577 0.41603053435114506 0.2140439932318105 0.3282442748091603