0 0.18346545866364666 0.17803030303030304 0.21177802944507362 0.1691919191919192
1 0.1803510758776897 0.39457070707070707 0.21347678369195924 0.15025252525252525
5 0.18261608154020384 0.639520202020202 0.2146092865232163 0.19570707070707072
6 0.3952434881087203 0.17613636363636365 0.21064552661381652 0.16792929292929293
7 0.39156285390713474 0.3970959595959596 0.210079275198188 0.15782828282828282
8 0.3929784824462061 0.6357323232323232 0.20951302378255945 0.16540404040404041
9 0.5022650056625142 0.8686868686868687 0.8516421291053228 0.1717171717171717
10 0.6058890147225368 0.17613636363636365 0.21064552661381652 0.16792929292929293
11 0.6044733861834655 0.40845959595959597 0.21121177802944507 0.24873737373737373
12 0.605039637599094 0.6433080808080808 0.2089467723669309 0.22095959595959597
2 0.8159682899207248 0.15088383838383837 0.21857304643261607 0.20075757575757575
3 0.8176670441676104 0.3939393939393939 0.21630804077010193 0.2196969696969697
4 0.8173839184597962 0.6363636363636364 0.21121177802944507 0.1691919191919192