0 0.8162206444565812 0.16794871794871793 0.2113599126160568 0.16666666666666666
1 0.8137629710540688 0.41346153846153844 0.21409066084107045 0.16538461538461538
5 0.8134898962315674 0.6461538461538462 0.21245221190606225 0.17692307692307693
6 0.6048607318405244 0.16987179487179488 0.2113599126160568 0.18076923076923077
7 0.6051338066630256 0.4096153846153846 0.21409066084107045 0.15
8 0.6043145821955216 0.639102564102564 0.21245221190606225 0.17564102564102563
9 0.4980884762424904 0.867948717948718 0.8509011469142546 0.1717948717948718
10 0.3915892954669579 0.18461538461538463 0.21190606226105954 0.19487179487179487
11 0.392408519934462 0.4403846153846154 0.2113599126160568 0.2141025641025641
12 0.3926815947569634 0.6673076923076923 0.21081376297105406 0.21666666666666667
2 0.1780447842708902 0.16346153846153846 0.21736755871108684 0.25256410256410255
3 0.1774986346258875 0.3801282051282051 0.2151829601310759 0.2653846153846154
4 0.1829601310759148 0.6358974358974359 0.21081376297105406 0.16923076923076924