0 0.8178206583427923 0.8289141414141414 0.21566401816118047 0.17297979797979798
1 0.8195232690124858 0.6054292929292929 0.2133938706015891 0.15025252525252525
5 0.8172531214528944 0.36047979797979796 0.21452894438138478 0.19570707070707072
6 0.60527809307605 0.827020202020202 0.2105561861520999 0.1691919191919192
7 0.608683314415437 0.6029040404040404 0.2105561861520999 0.15782828282828282
8 0.6069807037457434 0.36426767676767674 0.2105561861520999 0.16540404040404041
9 0.4974460839954597 0.13131313131313133 0.8518728717366629 0.1717171717171717
10 0.39472190692395004 0.8238636363636364 0.2105561861520999 0.17297979797979798
11 0.3955732122587968 0.5820707070707071 0.21112372304199772 0.19444444444444445
12 0.39585698070374575 0.36174242424242425 0.2094211123723042 0.21843434343434343
2 0.18047673098751418 0.8667929292929293 0.22020431328036322 0.2159090909090909
3 0.1807604994324631 0.6521464646464646 0.21623155505107833 0.2638888888888889
4 0.18217934165720773 0.4065656565656566 0.21793416572077184 0.23484848484848486