0 0.18445539135194308 0.16 0.21565407772304324 0.20129032258064516
1 0.17980295566502463 0.39419354838709675 0.21291735084838534 0.15096774193548387
5 0.18527640941434045 0.6458064516129032 0.21620142309797483 0.1896774193548387
6 0.3949096880131363 0.18193548387096775 0.21291735084838534 0.19096774193548388
7 0.39408866995073893 0.387741935483871 0.2112753147235906 0.1896774193548387
8 0.3973727422003284 0.6387096774193548 0.2112753147235906 0.17548387096774193
9 0.5019157088122606 0.867741935483871 0.8516694033935414 0.17161290322580644
10 0.6067323481116584 0.18516129032258064 0.2140120415982485 0.18193548387096775
11 0.6059113300492611 0.432258064516129 0.21565407772304324 0.2270967741935484
12 0.6089217296113848 0.6387096774193548 0.21182266009852216 0.2167741935483871
2 0.8215654077723044 0.14451612903225808 0.21893814997263272 0.24774193548387097
3 0.8212917350848385 0.37032258064516127 0.21839080459770116 0.21161290322580645
4 0.8199233716475096 0.6148387096774194 0.21565407772304324 0.24387096774193548