0 0.8215802888700084 0.1781609195402299 0.2141036533559898 0.18007662835249041
1 0.8198810535259133 0.3946360153256705 0.2141036533559898 0.14942528735632185
5 0.8177570093457944 0.6388888888888888 0.21495327102803738 0.19731800766283525
6 0.6096006796941377 0.1781609195402299 0.21155480033984708 0.1724137931034483
7 0.6083262531860663 0.3975095785440613 0.2107051826677995 0.15900383141762453
8 0.6057774001699235 0.5919540229885057 0.2141036533559898 0.3065134099616858
9 0.49787595581988103 0.8247126436781609 0.8530161427357689 0.2662835249042146
10 0.3954970263381478 0.2021072796934866 0.21495327102803738 0.24329501915708812
11 0.3959218351741716 0.47988505747126436 0.2107051826677995 0.3735632183908046
12 0.39464740866610026 0.6915708812260536 0.21325403568394222 0.2720306513409962
2 0.17969413763806288 0.12931034482758622 0.221750212404418 0.2509578544061303
3 0.18309260832625318 0.3994252873563218 0.21325403568394222 0.15900383141762453
4 0.1826677994902294 0.6360153256704981 0.2107051826677995 0.1685823754789272