0 0.17865232163080408 0.8212045169385195 0.2146092865232163 0.1794228356336261
1 0.1803510758776897 0.6047678795483061 0.21347678369195924 0.15056461731493098
5 0.18261608154020384 0.3607277289836888 0.2146092865232163 0.19698870765370138
6 0.39071347678369195 0.821831869510665 0.21064552661381652 0.17314930991217065
7 0.39156285390713474 0.6022584692597239 0.210079275198188 0.15809284818067754
8 0.3929784824462061 0.3644918444165621 0.20951302378255945 0.1668757841907152
9 0.5022650056625142 0.13111668757841907 0.8516421291053228 0.17189460476787954
10 0.6016421291053228 0.8262233375156838 0.21234428086070214 0.17189460476787954
11 0.603907134767837 0.5821831869510665 0.21121177802944507 0.1932245922208281
12 0.6036240090600227 0.37703889585947303 0.20951302378255945 0.18444165621079048
2 0.8159682899207248 0.849435382685069 0.21857304643261607 0.20075282308657466
3 0.8168176670441676 0.5997490589711418 0.21347678369195924 0.15809284818067754
4 0.8185164212910532 0.37766624843161856 0.21913929784824462 0.20326223337515684