0 0.18055555555555555 0.17974683544303796 0.21258503401360543 0.1341772151898734
1 0.1828231292517007 0.40822784810126583 0.213718820861678 0.17088607594936708
5 0.18253968253968253 0.639873417721519 0.21428571428571427 0.1962025316455696
6 0.393140589569161 0.1759493670886076 0.21145124716553287 0.1518987341772152
7 0.3945578231292517 0.40569620253164557 0.20861678004535147 0.16329113924050634
8 0.39540816326530615 0.6487341772151899 0.21145124716553287 0.21645569620253163
9 0.5028344671201814 0.8664556962025316 0.8480725623582767 0.22658227848101264
10 0.6057256235827665 0.18164556962025316 0.21031746031746032 0.16582278481012658
11 0.6045918367346939 0.41835443037974684 0.21145124716553287 0.19367088607594937
12 0.6074263038548753 0.65 0.20918367346938777 0.20126582278481012
2 0.8157596371882087 0.17025316455696202 0.21768707482993196 0.23164556962025318
3 0.8171768707482994 0.39367088607594936 0.2171201814058957 0.2
4 0.8180272108843537 0.6367088607594936 0.2108843537414966 0.16962025316455695