0 0.17857142857142858 0.8207070707070707 0.21428571428571427 0.17929292929292928
1 0.18027210884353742 0.6054292929292929 0.21315192743764172 0.15025252525252525
5 0.18253968253968253 0.36047979797979796 0.21428571428571427 0.19570707070707072
6 0.39058956916099774 0.8213383838383839 0.2108843537414966 0.17297979797979798
7 0.39143990929705214 0.6029040404040404 0.21031746031746032 0.15782828282828282
8 0.39285714285714285 0.36426767676767674 0.20975056689342403 0.16540404040404041
9 0.5022675736961452 0.13131313131313133 0.8514739229024944 0.1717171717171717
10 0.6017573696145124 0.8257575757575758 0.21258503401360543 0.1717171717171717
11 0.6040249433106576 0.5820707070707071 0.21145124716553287 0.19444444444444445
12 0.6037414965986394 0.3768939393939394 0.20975056689342403 0.1830808080808081
2 0.8160430839002267 0.8491161616161617 0.21825396825396826 0.20075757575757575
3 0.8168934240362812 0.6003787878787878 0.21315192743764172 0.15782828282828282
4 0.8188775510204082 0.37058080808080807 0.21825396825396826 0.21843434343434343