0 0.18633879781420765 0.1628056628056628 0.2098360655737705 0.1866151866151866
1 0.18469945355191256 0.3963963963963964 0.21530054644808744 0.1776061776061776
5 0.1825136612021858 0.6383526383526383 0.21420765027322405 0.1981981981981982
6 0.3901639344262295 0.1776061776061776 0.21092896174863388 0.17245817245817247
7 0.3912568306010929 0.39703989703989706 0.2098360655737705 0.1583011583011583
8 0.3945355191256831 0.637065637065637 0.21202185792349726 0.15701415701415702
9 0.5019125683060109 0.868082368082368 0.8519125683060109 0.17117117117117117
10 0.6030054644808743 0.19433719433719435 0.21366120218579235 0.22393822393822393
11 0.603551912568306 0.4157014157014157 0.21147540983606558 0.19305019305019305
12 0.6038251366120219 0.6344916344916345 0.21530054644808744 0.22393822393822393
2 0.8158469945355191 0.1492921492921493 0.2185792349726776 0.20077220077220076
3 0.8207650273224044 0.36229086229086227 0.22185792349726777 0.21235521235521235
4 0.8204918032786885 0.6023166023166023 0.22131147540983606 0.2471042471042471