0 0.18452706396938218 0.17503217503217502 0.21377802077638053 0.18275418275418276
1 0.18480043739748497 0.39510939510939513 0.21432476763258612 0.17245817245817247
5 0.1861673045379989 0.6332046332046332 0.21377802077638053 0.16731016731016732
6 0.3969382176052488 0.17631917631917632 0.21104428649535265 0.17503217503217502
7 0.39557135046473485 0.40797940797940796 0.21049753963914708 0.17245817245817247
8 0.3977583378895571 0.637065637065637 0.21596500820120285 0.16988416988416988
9 0.5065609622744669 0.8500643500643501 0.8578458173865501 0.16087516087516088
10 0.608529250956807 0.18532818532818532 0.21104428649535265 0.1776061776061776
11 0.6066156369600875 0.45495495495495497 0.21377802077638053 0.2767052767052767
12 0.608529250956807 0.7007722007722008 0.21104428649535265 0.27155727155727155
2 0.8182066703116457 0.18725868725868725 0.217058501913614 0.26126126126126126
3 0.8187534171678513 0.3835263835263835 0.21815199562602516 0.22651222651222652
4 0.8231273920174959 0.6235521235521235 0.21815199562602516 0.1891891891891892