0 0.8148357870894677 0.8244949494949495 0.21064552661381652 0.1717171717171717
1 0.8173839184597962 0.6205808080808081 0.21234428086070214 0.21338383838383837
5 0.8173839184597962 0.36047979797979796 0.2146092865232163 0.19570707070707072
6 0.603907134767837 0.8093434343434344 0.210079275198188 0.1919191919191919
7 0.6061721404303511 0.5883838383838383 0.21234428086070214 0.1994949494949495
8 0.6070215175537939 0.38446969696969696 0.21064552661381652 0.21085858585858586
9 0.4983012457531144 0.1717171717171717 0.8505096262740657 0.1893939393939394
10 0.39382785956964894 0.7986111111111112 0.21121177802944507 0.21338383838383837
11 0.3943941109852775 0.5378787878787878 0.210079275198188 0.28535353535353536
12 0.3952434881087203 0.26136363636363635 0.21177802944507362 0.351010101010101
2 0.17950169875424687 0.7916666666666666 0.21630804077010193 0.22727272727272727
3 0.1812004530011325 0.5852272727272727 0.21857304643261607 0.20075757575757575
4 0.18261608154020384 0.36363636363636365 0.21121177802944507 0.1691919191919192