0 0.18475877192982457 0.16774611398963732 0.2138157894736842 0.1567357512953368
1 0.18503289473684212 0.39313471502590674 0.21217105263157895 0.15932642487046633
5 0.18201754385964913 0.6386010362694301 0.2149122807017544 0.19689119170984457
6 0.39035087719298245 0.17746113989637305 0.21162280701754385 0.17357512953367876
7 0.39144736842105265 0.39702072538860106 0.21052631578947367 0.15932642487046633
8 0.39281798245614036 0.6340673575129534 0.2099780701754386 0.16709844559585493
9 0.5019188596491229 0.8678756476683938 0.8514254385964912 0.17098445595854922
10 0.6055372807017544 0.19689119170984457 0.21765350877192982 0.22538860103626943
11 0.6047149122807017 0.43523316062176165 0.21710526315789475 0.25129533678756477
12 0.6055372807017544 0.6275906735751295 0.21217105263157895 0.2422279792746114
2 0.8212719298245614 0.12759067357512954 0.21710526315789475 0.2344559585492228
3 0.8201754385964912 0.37305699481865284 0.2149122807017544 0.21761658031088082
4 0.8212719298245614 0.6185233160621761 0.21600877192982457 0.1800518134715026