0 0.821347678369196 0.820528967254408 0.2146092865232163 0.1801007556675063
1 0.8196489241223103 0.6051637279596978 0.21347678369195924 0.14987405541561713
5 0.8173839184597962 0.3608312342569269 0.2146092865232163 0.1952141057934509
6 0.609286523216308 0.8211586901763224 0.21064552661381652 0.17380352644836272
7 0.6084371460928653 0.6026448362720404 0.210079275198188 0.1574307304785894
8 0.6070215175537939 0.3646095717884131 0.20951302378255945 0.16498740554156172
9 0.49773499433748586 0.1309823677581864 0.8516421291053228 0.1712846347607053
10 0.3983578708946772 0.825566750629723 0.21234428086070214 0.172544080604534
11 0.3952434881087203 0.5976070528967254 0.21177802944507362 0.2380352644836272
12 0.3960928652321631 0.3709068010075567 0.21121177802944507 0.2531486146095718
2 0.18091732729331822 0.8494962216624685 0.2202718006795017 0.22795969773299748
3 0.1803510758776897 0.6139798488664987 0.21347678369195924 0.21788413098236775
4 0.1831823329558324 0.3809823677581864 0.21687429218573046 0.1977329974811083