0 0.17857142857142858 0.1781609195402299 0.21428571428571427 0.18007662835249041
1 0.1798469387755102 0.3946360153256705 0.21343537414965985 0.14942528735632185
5 0.18239795918367346 0.6388888888888888 0.2151360544217687 0.19731800766283525
6 0.3903061224489796 0.1781609195402299 0.2108843537414966 0.1724137931034483
7 0.39158163265306123 0.3975095785440613 0.2100340136054422 0.15900383141762453
8 0.3949829931972789 0.6455938697318008 0.21173469387755103 0.18007662835249041
9 0.5063775510204082 0.8649425287356322 0.8545918367346939 0.1743295019157088
10 0.6037414965986394 0.2222222222222222 0.21258503401360543 0.2567049808429119
11 0.6058673469387755 0.4760536398467433 0.21343537414965985 0.31992337164750956
12 0.6075680272108843 0.710727969348659 0.2151360544217687 0.30268199233716475
2 0.8205782312925171 0.19827586206896552 0.22108843537414966 0.23563218390804597
3 0.8197278911564626 0.40804597701149425 0.22108843537414966 0.18007662835249041
4 0.8214285714285714 0.6245210727969349 0.2193877551020408 0.18007662835249041