0 0.821347678369196 0.820528967254408 0.2146092865232163 0.1801007556675063
1 0.818233295583239 0.6083123425692695 0.21177802944507362 0.19143576826196473
5 0.8173839184597962 0.3608312342569269 0.2146092865232163 0.1952141057934509
6 0.609286523216308 0.8211586901763224 0.21064552661381652 0.17380352644836272
7 0.6084371460928653 0.6026448362720404 0.210079275198188 0.1574307304785894
8 0.6070215175537939 0.3646095717884131 0.20951302378255945 0.16498740554156172
9 0.4951868629671574 0.1618387909319899 0.847678369195923 0.17002518891687657
10 0.3977916194790487 0.8079345088161209 0.21234428086070214 0.1977329974811083
11 0.3969422423556059 0.5554156171284634 0.21404303510758776 0.2518891687657431
12 0.3960928652321631 0.3520151133501259 0.21234428086070214 0.21536523929471033
2 0.1831823329558324 0.8312342569269522 0.21800679501698755 0.17380352644836272
3 0.18289920724801811 0.6152392947103275 0.217440543601359 0.20277078085642317
4 0.18261608154020384 0.36397984886649876 0.21121177802944507 0.16876574307304787