0 0.18309260832625318 0.8304761904761905 0.21325403568394222 0.16380952380952382
1 0.18394222599830076 0.5914285714285714 0.21155480033984708 0.16952380952380952
5 0.1822429906542056 0.36095238095238097 0.21495327102803738 0.1961904761904762
6 0.39422259983007646 0.8219047619047619 0.2141036533559898 0.16952380952380952
7 0.39507221750212407 0.5961904761904762 0.21240441801189464 0.1676190476190476
8 0.3967714528462192 0.3628571428571429 0.21240441801189464 0.1619047619047619
9 0.5021240441801189 0.13142857142857142 0.8513169073916738 0.17142857142857143
10 0.6062022090059473 0.82 0.21325403568394222 0.1657142857142857
11 0.6083262531860663 0.5723809523809524 0.2107051826677995 0.2038095238095238
12 0.6074766355140186 0.34095238095238095 0.21240441801189464 0.1980952380952381
2 0.820730671197961 0.8095238095238095 0.21750212404418012 0.2019047619047619
3 0.820730671197961 0.580952380952381 0.21580288870008496 0.18666666666666668
4 0.8198810535259133 0.3485714285714286 0.21920135938827529 0.18666666666666668