0 0.8179332968835429 0.8596153846153847 0.21323127392017496 0.191025641025641
1 0.8162930563149262 0.6647435897435897 0.21323127392017496 0.27564102564102566
5 0.8182066703116457 0.36217948717948717 0.2148715144887917 0.19615384615384615
6 0.604702022963368 0.7865384615384615 0.21323127392017496 0.25256410256410255
7 0.608529250956807 0.6032051282051282 0.21104428649535265 0.1576923076923077
8 0.6022416621104428 0.4064102564102564 0.2148715144887917 0.20512820512820512
9 0.49425915800984144 0.1935897435897436 0.8572990705303445 0.25384615384615383
10 0.391470749043193 0.7730769230769231 0.2077638053581192 0.2846153846153846
11 0.39283761618370694 0.5807692307692308 0.21268452706396937 0.23846153846153847
12 0.3898305084745763 0.4083333333333333 0.21323127392017496 0.2782051282051282
2 0.1790595954073264 0.8839743589743589 0.21815199562602516 0.23205128205128206
3 0.17659923455440132 0.7166666666666667 0.21541826134499725 0.35128205128205126
4 0.17550574084199017 0.45576923076923076 0.21323127392017496 0.2935897435897436