0 0.17854113655640375 0.8206831119544592 0.21458863443596268 0.18026565464895636
1 0.179813401187447 0.6053130929791272 0.21374045801526717 0.15180265654648956
5 0.18193384223918574 0.36148007590132825 0.21458863443596268 0.1954459203036053
6 0.39567430025445294 0.8311195445920304 0.21628498727735368 0.16698292220113853
7 0.3977947413061917 0.5977229601518027 0.2154368108566582 0.1555977229601518
8 0.3994910941475827 0.3700189753320683 0.21204410517387617 0.18216318785578747
9 0.506785411365564 0.13567362428842505 0.8608990670059372 0.17647058823529413
10 0.6081424936386769 0.8140417457305503 0.21374045801526717 0.1859582542694497
11 0.6115351993214588 0.6024667931688804 0.21204410517387617 0.17647058823529413
12 0.6123833757421544 0.35958254269449713 0.21374045801526717 0.18026565464895636
2 0.8227311280746396 0.8121442125237192 0.2205258693808312 0.22011385199240988
3 0.8248515691263782 0.5721062618595826 0.2196776929601357 0.2144212523719165
4 0.8261238337574215 0.34724857685009486 0.2154368108566582 0.21631878557874762