0 0.1864406779661017 0.824775353016688 0.21432476763258612 0.18356867779204109
1 0.18862766539092402 0.5994865211810013 0.2121377802077638 0.1643132220795892
5 0.18698742482230726 0.3594351732991014 0.2121377802077638 0.18741976893453144
6 0.3985784581738655 0.8209242618741976 0.21323127392017496 0.17586649550706032
7 0.3985784581738655 0.5917843388960206 0.20885729907053036 0.18485237483953787
8 0.39229086932750135 0.36649550706033374 0.21049753963914708 0.16559691912708602
9 0.5076544559868781 0.14313222079589216 0.8534718425369054 0.16559691912708602
10 0.6104428649535265 0.813222079589217 0.21159103335155824 0.1810012836970475
11 0.6071623838162931 0.5693196405648266 0.21377802077638053 0.3119383825417201
12 0.6066156369600875 0.4069319640564827 0.21268452706396937 0.3748395378690629
2 0.8184800437397485 0.8555840821566111 0.2197922361946419 0.2862644415917843
3 0.8206670311645708 0.6219512195121951 0.21869874248223073 0.24518613607188702
4 0.8228540185893931 0.38061617458279845 0.22088572990705305 0.18356867779204109