0 0.1873972602739726 0.1703225806451613 0.2136986301369863 0.14967741935483872
1 0.18794520547945207 0.39161290322580644 0.2115068493150685 0.20516129032258065
5 0.18438356164383563 0.635483870967742 0.21315068493150685 0.17161290322580644
6 0.39972602739726026 0.18129032258064517 0.21095890410958903 0.18193548387096775
7 0.3947945205479452 0.4070967741935484 0.21095890410958903 0.16903225806451613
8 0.3926027397260274 0.6341935483870967 0.20986301369863014 0.1664516129032258
9 0.506027397260274 0.8264516129032258 0.8564383561643836 0.24129032258064517
10 0.6109589041095891 0.1832258064516129 0.2115068493150685 0.18838709677419355
11 0.6052054794520548 0.42193548387096774 0.21315068493150685 0.2167741935483871
12 0.609041095890411 0.652258064516129 0.21424657534246574 0.20258064516129032
2 0.824931506849315 0.1638709677419355 0.21643835616438356 0.2270967741935484
3 0.82 0.39161290322580644 0.21643835616438356 0.20516129032258065
4 0.8208219178082192 0.6096774193548387 0.22027397260273973 0.18193548387096775