0 0.8199152542372882 0.1698292220113852 0.21271186440677967 0.15749525616698293
1 0.8173728813559322 0.40227703984819735 0.21610169491525424 0.15939278937381404
5 0.8135593220338984 0.6337760910815939 0.2135593220338983 0.16698292220113853
6 0.6076271186440678 0.17647058823529413 0.2135593220338983 0.1555977229601518
7 0.6042372881355932 0.4089184060721063 0.21016949152542372 0.17267552182163187
8 0.6021186440677966 0.6375711574952562 0.21610169491525424 0.17077798861480076
9 0.49322033898305084 0.8510436432637571 0.8576271186440678 0.16129032258064516
10 0.3949152542372881 0.18121442125237192 0.2135593220338983 0.17267552182163187
11 0.39322033898305087 0.45540796963946867 0.2135593220338983 0.27703984819734345
12 0.39110169491525426 0.7011385199240987 0.21101694915254238 0.2713472485768501
2 0.18135593220338983 0.18785578747628084 0.21694915254237288 0.2618595825426945
3 0.18093220338983051 0.38425047438330173 0.21779661016949153 0.22580645161290322
4 0.17669491525423728 0.6242884250474383 0.21779661016949153 0.18975332068311196