0 0.18650575973669775 0.8260590500641849 0.21393307734503567 0.1810012836970475
1 0.1873285792649479 0.5982028241335045 0.21448162369720242 0.18485237483953787
5 0.185957213384531 0.362002567394095 0.21173889193636863 0.19768934531450577
6 0.3965990126165661 0.82798459563543 0.2106417992320351 0.1668806161745828
7 0.3960504662643993 0.5911424903722722 0.21283598464070214 0.1810012836970475
8 0.39742183214481624 0.36777920410783055 0.21228743828853539 0.17329910141206675
9 0.5019199122325837 0.13222079589216945 0.8513439385628085 0.17201540436456997
10 0.6086121777290181 0.8209242618741976 0.2133845309928689 0.18356867779204109
11 0.6080636313768514 0.5750962772785623 0.21119034558420186 0.21309370988446727
12 0.6083379045529347 0.34403080872913994 0.21173889193636863 0.21309370988446727
2 0.8244651673066374 0.8440308087291399 0.21832144816236973 0.2554557124518614
3 0.824190894130554 0.641206675224647 0.21667580910586945 0.2811296534017972
4 0.8211738891936369 0.3851091142490372 0.2172243554580362 0.2233632862644416