0 0.814042786615469 0.1571798188874515 0.2095447065277016 0.16170763260025872
1 0.8148656061437192 0.3874514877102199 0.21119034558420186 0.16170763260025872
5 0.8126714207350522 0.6416558861578266 0.2133845309928689 0.16558861578266496
6 0.603400987383434 0.17141009055627426 0.21503017004936917 0.19534282018111254
7 0.6036752605595173 0.39003880983182404 0.2133845309928689 0.16946959896507116
8 0.6023038946791004 0.6157826649417852 0.21283598464070214 0.18628719275549807
9 0.49808008776741636 0.8673997412677878 0.8513439385628085 0.17205692108667528
10 0.3913878222709819 0.17141009055627426 0.21448162369720242 0.19016817593790428
11 0.39111354909489854 0.41073738680465716 0.21173889193636863 0.20051746442432083
12 0.3927591881513988 0.6209573091849935 0.21173889193636863 0.17335058214747737
2 0.1766319253976961 0.14747736093143596 0.21832144816236973 0.20439844760672704
3 0.17745474492594623 0.39909443725743854 0.21667580910586945 0.18240620957309184
4 0.17635765222161273 0.6267787839586029 0.21777290181020295 0.17723156532988357