0 0.18579234972677597 0.17673521850899743 0.21530054644808744 0.17866323907455012
1 0.18442622950819673 0.4023136246786632 0.21475409836065573 0.17737789203084833
5 0.18524590163934426 0.6362467866323908 0.2098360655737705 0.1928020565552699
6 0.3983606557377049 0.18958868894601544 0.21092896174863388 0.19408740359897173
7 0.3945355191256831 0.40102827763496146 0.21420765027322405 0.16709511568123395
8 0.3923497267759563 0.634318766066838 0.2098360655737705 0.16580976863753213
9 0.5065573770491804 0.8624678663239075 0.853551912568306 0.2133676092544987
10 0.6092896174863388 0.1928020565552699 0.2087431693989071 0.20565552699228792
11 0.6062841530054645 0.4190231362467866 0.21693989071038253 0.20822622107969152
12 0.6038251366120219 0.622107969151671 0.2098360655737705 0.18251928020565553
2 0.8202185792349727 0.17223650385604114 0.21967213114754097 0.33161953727506427
3 0.8204918032786885 0.3759640102827764 0.2191256830601093 0.2917737789203085
4 0.8210382513661202 0.6625964010282777 0.2180327868852459 0.2737789203084833