0 0.18054375531011044 0.8295019157088123 0.21325403568394222 0.18007662835249041
1 0.18011894647408666 0.6053639846743295 0.2141036533559898 0.14942528735632185
5 0.1822429906542056 0.3611111111111111 0.21495327102803738 0.19731800766283525
6 0.39379779099405265 0.8304597701149425 0.21495327102803738 0.16666666666666666
7 0.39167374681393374 0.6024904214559387 0.2107051826677995 0.15900383141762453
8 0.3929481733220051 0.3649425287356322 0.20985556499575192 0.16666666666666666
9 0.5021240441801189 0.13122605363984674 0.8513169073916738 0.17049808429118773
10 0.6074766355140186 0.7816091954022989 0.21240441801189464 0.26053639846743293
11 0.6062022090059473 0.5373563218390804 0.21155480033984708 0.2739463601532567
12 0.6053525913338997 0.3132183908045977 0.21155480033984708 0.2471264367816092
2 0.8215802888700084 0.8314176245210728 0.21920135938827529 0.17624521072796934
3 0.8203058623619371 0.603448275862069 0.22005097706032287 0.15708812260536398
4 0.8173322005097706 0.36398467432950193 0.2107051826677995 0.1685823754789272