0 0.18008474576271186 0.1698292220113852 0.21271186440677967 0.15749525616698293
1 0.1826271186440678 0.40227703984819735 0.21610169491525424 0.15939278937381404
5 0.1864406779661017 0.6337760910815939 0.2135593220338983 0.16698292220113853
6 0.3923728813559322 0.17647058823529413 0.2135593220338983 0.1555977229601518
7 0.39576271186440676 0.4089184060721063 0.21016949152542372 0.17267552182163187
8 0.39788135593220336 0.6375711574952562 0.21610169491525424 0.17077798861480076
9 0.5067796610169492 0.8510436432637571 0.8576271186440678 0.16129032258064516
10 0.6050847457627119 0.18121442125237192 0.2135593220338983 0.17267552182163187
11 0.6067796610169491 0.45540796963946867 0.2135593220338983 0.27703984819734345
12 0.6088983050847457 0.7011385199240987 0.21101694915254238 0.2713472485768501
2 0.8186440677966101 0.18785578747628084 0.21694915254237288 0.2618595825426945
3 0.8190677966101695 0.38425047438330173 0.21779661016949153 0.22580645161290322
4 0.8233050847457627 0.6242884250474383 0.21779661016949153 0.18975332068311196