0 0.18047673098751418 0.17151898734177215 0.2133938706015891 0.15063291139240506
1 0.18303064699205449 0.40822784810126583 0.21396140749148695 0.17088607594936708
5 0.18274687854710556 0.639873417721519 0.21452894438138478 0.1962025316455696
6 0.39330306469920545 0.1759493670886076 0.21112372304199772 0.1518987341772152
7 0.39472190692395004 0.40569620253164557 0.20828603859250852 0.16329113924050634
8 0.3955732122587968 0.6487341772151899 0.21112372304199772 0.21645569620253163
9 0.5025539160045402 0.8696202531645569 0.8518728717366629 0.17215189873417722
10 0.6018728717366629 0.1829113924050633 0.2105561861520999 0.16582278481012658
11 0.6044267877412032 0.41835443037974684 0.21112372304199772 0.19367088607594937
12 0.6041430192962542 0.6727848101265823 0.21169125993189558 0.2670886075949367
2 0.8161180476730987 0.1689873417721519 0.22020431328036322 0.28227848101265823
3 0.8178206583427923 0.3556962025316456 0.21906923950056753 0.3240506329113924
4 0.8200908059023837 0.5746835443037974 0.21906923950056753 0.30632911392405066