0 0.8191489361702128 0.16889312977099236 0.21361702127659574 0.15458015267175573
1 0.82 0.39408396946564883 0.21361702127659574 0.15076335877862596
5 0.816595744680851 0.6278625954198473 0.2153191489361702 0.1717557251908397
6 0.6059574468085106 0.16889312977099236 0.214468085106383 0.15458015267175573
7 0.6046808510638297 0.4122137404580153 0.2153191489361702 0.17938931297709923
8 0.6072340425531915 0.6345419847328244 0.2102127659574468 0.16603053435114504
9 0.4927659574468085 0.8587786259541985 0.8561702127659574 0.1717557251908397
10 0.39276595744680853 0.17748091603053434 0.2153191489361702 0.16793893129770993
11 0.39148936170212767 0.4169847328244275 0.214468085106383 0.20419847328244276
12 0.39276595744680853 0.6507633587786259 0.2170212765957447 0.2099236641221374
2 0.17957446808510638 0.15267175572519084 0.22127659574468084 0.25190839694656486
3 0.17872340425531916 0.3902671755725191 0.2195744680851064 0.22328244274809161
4 0.17659574468085107 0.6259541984732825 0.2170212765957447 0.16412213740458015