0 0.17865232163080408 0.8207070707070707 0.2146092865232163 0.17929292929292928
1 0.1803510758776897 0.6054292929292929 0.21347678369195924 0.15025252525252525
5 0.18261608154020384 0.36047979797979796 0.2146092865232163 0.19570707070707072
6 0.39071347678369195 0.8213383838383839 0.21064552661381652 0.17297979797979798
7 0.39156285390713474 0.6029040404040404 0.210079275198188 0.15782828282828282
8 0.3929784824462061 0.36426767676767674 0.20951302378255945 0.16540404040404041
9 0.5022650056625142 0.13131313131313133 0.8516421291053228 0.1717171717171717
10 0.6016421291053228 0.8257575757575758 0.21234428086070214 0.1717171717171717
11 0.603907134767837 0.5820707070707071 0.21121177802944507 0.19444444444444445
12 0.6036240090600227 0.3768939393939394 0.20951302378255945 0.1830808080808081
2 0.8159682899207248 0.8491161616161617 0.21857304643261607 0.20075757575757575
3 0.8168176670441676 0.6003787878787878 0.21347678369195924 0.15782828282828282
4 0.8173839184597962 0.36363636363636365 0.21121177802944507 0.1691919191919192