0 0.8176670441676104 0.172544080604534 0.2129105322763307 0.1889168765743073
1 0.8196489241223103 0.39483627204030225 0.21347678369195924 0.14987405541561713
5 0.8173839184597962 0.639168765743073 0.2146092865232163 0.1952141057934509
6 0.609286523216308 0.17884130982367757 0.21064552661381652 0.17380352644836272
7 0.6084371460928653 0.3973551637279597 0.210079275198188 0.1574307304785894
8 0.6070215175537939 0.6353904282115869 0.20951302378255945 0.16498740554156172
9 0.49773499433748586 0.8690176322418136 0.8516421291053228 0.1712846347607053
10 0.3943941109852775 0.18765743073047858 0.210079275198188 0.19143576826196473
11 0.3960928652321631 0.4181360201511335 0.21121177802944507 0.19395465994962216
12 0.3972253680634202 0.6410579345088161 0.21121177802944507 0.19143576826196473
2 0.18403171007927518 0.15113350125944586 0.21857304643261607 0.20151133501259447
3 0.18289920724801811 0.37720403022670024 0.21630804077010193 0.22040302267002518
4 0.18374858437146094 0.6246851385390428 0.21800679501698755 0.1889168765743073