0 0.8152081563296517 0.8330134357005758 0.20985556499575192 0.1765834932821497
1 0.8147833474936279 0.6046065259117083 0.20900594732370434 0.1727447216890595
5 0.8177570093457944 0.36084452975047987 0.21495327102803738 0.19577735124760076
6 0.6036533559898046 0.8224568138195777 0.21155480033984708 0.1785028790786948
7 0.6049277824978759 0.6055662188099808 0.21240441801189464 0.15930902111324377
8 0.607051826677995 0.3646833013435701 0.20985556499575192 0.16506717850287908
9 0.49617672047578587 0.13915547024952016 0.8530161427357689 0.21689059500959693
10 0.3920985556499575 0.8119001919385797 0.20815632965165676 0.19577735124760076
11 0.3933729821580289 0.5844529750479847 0.21240441801189464 0.2053742802303263
12 0.3929481733220051 0.3474088291746641 0.21325403568394222 0.19961612284069097
2 0.17672047578589634 0.8387715930902111 0.21750212404418012 0.21497120921305182
3 0.17799490229396772 0.6065259117082533 0.21665250637213254 0.21497120921305182
4 0.17926932880203908 0.3800383877159309 0.21920135938827529 0.1765834932821497