0 0.1831823329558324 0.17848101265822786 0.21234428086070214 0.189873417721519
1 0.1803510758776897 0.39556962025316456 0.21347678369195924 0.15063291139240506
5 0.18261608154020384 0.6386075949367088 0.2146092865232163 0.1962025316455696
6 0.39467723669309174 0.1778481012658228 0.21064552661381652 0.1911392405063291
7 0.39156285390713474 0.3968354430379747 0.210079275198188 0.15822784810126583
8 0.3929784824462061 0.6354430379746835 0.20951302378255945 0.1670886075949367
9 0.5022650056625142 0.8683544303797468 0.8516421291053228 0.17215189873417722
10 0.6056058890147226 0.17215189873417722 0.21121177802944507 0.17468354430379746
11 0.6041902604756512 0.429746835443038 0.21177802944507362 0.2189873417721519
12 0.6036240090600227 0.6569620253164556 0.21064552661381652 0.2
2 0.8199320498301246 0.17468354430379746 0.21630804077010193 0.17974683544303796
3 0.8168176670441676 0.4006329113924051 0.21347678369195924 0.15822784810126583
4 0.8173839184597962 0.6367088607594936 0.21121177802944507 0.16962025316455695