0 0.1782065834279228 0.17893401015228427 0.21452894438138478 0.1802030456852792
1 0.18047673098751418 0.3953045685279188 0.2133938706015891 0.15101522842639595
5 0.18274687854710556 0.6389593908629442 0.21452894438138478 0.1967005076142132
6 0.39074914869466515 0.1782994923857868 0.21169125993189558 0.17385786802030456
7 0.391316685584563 0.39784263959390864 0.2105561861520999 0.15862944162436549
8 0.3930192962542565 0.6351522842639594 0.2105561861520999 0.16624365482233502
9 0.5025539160045402 0.8692893401015228 0.8518728717366629 0.17258883248730963
10 0.6021566401816119 0.17385786802030456 0.2122587968217934 0.17258883248730963
11 0.6044267877412032 0.41751269035532995 0.21112372304199772 0.19289340101522842
12 0.6038592508513053 0.6224619289340102 0.20885357548240635 0.18401015228426396
2 0.8164018161180476 0.15038071065989847 0.2185017026106697 0.2017766497461929
3 0.8166855845629966 0.4003807106598985 0.2133938706015891 0.15862944162436549
4 0.8178206583427923 0.6357868020304569 0.21112372304199772 0.1700507614213198