0 0.18289920724801811 0.8406801007556675 0.21517553793884484 0.190176322418136
1 0.1803510758776897 0.6051637279596978 0.21347678369195924 0.14987405541561713
5 0.18261608154020384 0.3608312342569269 0.2146092865232163 0.1952141057934509
6 0.39580973952434884 0.8180100755667506 0.21064552661381652 0.1952141057934509
7 0.39156285390713474 0.6026448362720404 0.210079275198188 0.1574307304785894
8 0.3929784824462061 0.3646095717884131 0.20951302378255945 0.16498740554156172
9 0.5022650056625142 0.1309823677581864 0.8516421291053228 0.1712846347607053
10 0.6061721404303511 0.8123425692695214 0.21121177802944507 0.2040302267002519
11 0.603907134767837 0.5818639798488665 0.21121177802944507 0.19395465994962216
12 0.6041902604756512 0.3532745591939547 0.20951302378255945 0.1952141057934509
2 0.8202151755379389 0.8438287153652393 0.21800679501698755 0.25692695214105793
3 0.8196489241223103 0.6152392947103275 0.21574178935447338 0.2455919395465995
4 0.8185164212910532 0.37279596977329976 0.2202718006795017 0.2367758186397985