0 0.17854113655640375 0.1781609195402299 0.21458863443596268 0.18007662835249041
1 0.18193384223918574 0.4042145593869732 0.21289228159457166 0.1685823754789272
5 0.18193384223918574 0.6388888888888888 0.21458863443596268 0.19731800766283525
6 0.3944020356234097 0.17911877394636017 0.2154368108566582 0.1743295019157088
7 0.3944020356234097 0.407088122605364 0.21374045801526717 0.16666666666666666
8 0.3927056827820187 0.6350574712643678 0.21034775233248515 0.16666666666666666
9 0.5021204410517388 0.8687739463601533 0.8515691263782866 0.17049808429118773
10 0.6072943172179813 0.18486590038314177 0.21204410517387617 0.1781609195402299
11 0.6077184054283291 0.42911877394636017 0.21458863443596268 0.21839080459770116
12 0.6060220525869381 0.6637931034482759 0.21289228159457166 0.23563218390804597
2 0.8223070398642918 0.18486590038314177 0.2196776929601357 0.24329501915708812
3 0.8227311280746396 0.4042145593869732 0.21882951653944022 0.24521072796934865
4 0.8210347752332485 0.6340996168582376 0.2171331636980492 0.27586206896551724