0 0.8144499178981938 0.8264516129032258 0.21565407772304324 0.1638709677419355
1 0.814176245210728 0.6129032258064516 0.2140120415982485 0.18838709677419355
5 0.8152709359605911 0.3716129032258065 0.2140120415982485 0.18580645161290324
6 0.6045429666119321 0.8187096774193549 0.21291735084838534 0.18193548387096775
7 0.6031746031746031 0.5961290322580645 0.21565407772304324 0.16774193548387098
8 0.6042692939244664 0.3574193548387097 0.2134646962233169 0.17548387096774193
9 0.49562123700054733 0.14387096774193547 0.8511220580186097 0.24129032258064517
10 0.3921729611384784 0.7883870967741935 0.210727969348659 0.24258064516129033
11 0.3921729611384784 0.5051612903225806 0.21182266009852216 0.36774193548387096
12 0.39272030651340994 0.28903225806451616 0.21291735084838534 0.3096774193548387
2 0.17898193760262726 0.8374193548387097 0.21784345922276957 0.2812903225806452
3 0.17788724685276408 0.6116129032258064 0.21784345922276957 0.21419354838709678
4 0.17925561029009304 0.3716129032258065 0.21510673234811165 0.1703225806451613