0 0.8173322005097706 0.1761904761904762 0.2141036533559898 0.18476190476190477
1 0.8139337298215803 0.40476190476190477 0.21240441801189464 0.1580952380952381
5 0.8122344944774851 0.6409523809523809 0.21240441801189464 0.1580952380952381
6 0.6096006796941377 0.17809523809523808 0.21155480033984708 0.17333333333333334
7 0.6083262531860663 0.39714285714285713 0.2107051826677995 0.1580952380952381
8 0.607051826677995 0.6352380952380953 0.20985556499575192 0.1657142857142857
9 0.49787595581988103 0.8685714285714285 0.8513169073916738 0.17142857142857143
10 0.39379779099405265 0.18857142857142858 0.21495327102803738 0.1980952380952381
11 0.3933729821580289 0.4533333333333333 0.2141036533559898 0.29714285714285715
12 0.3933729821580289 0.6828571428571428 0.21580288870008496 0.32571428571428573
2 0.17926932880203908 0.16857142857142857 0.21920135938827529 0.33714285714285713
3 0.17799490229396772 0.35904761904761906 0.21665250637213254 0.3942857142857143
4 0.17629566694987256 0.5780952380952381 0.2183517417162277 0.3142857142857143