0 0.814176245210728 0.16666666666666666 0.21291735084838534 0.165374677002584
1 0.8133552271483306 0.4069767441860465 0.2112753147235906 0.165374677002584
5 0.8144499178981938 0.6395348837209303 0.20908593322386426 0.18087855297157623
6 0.6029009304871373 0.17829457364341086 0.21291735084838534 0.18087855297157623
7 0.6042692939244664 0.4108527131782946 0.21018062397372742 0.1731266149870801
8 0.6045429666119321 0.6369509043927648 0.210727969348659 0.17571059431524547
9 0.49616858237547895 0.8559431524547804 0.8500273672687466 0.15891472868217055
10 0.3921729611384784 0.18023255813953487 0.21291735084838534 0.1821705426356589
11 0.39299397920087575 0.41537467700258396 0.2134646962233169 0.17183462532299743
12 0.3943623426382047 0.6440568475452196 0.21291735084838534 0.1847545219638243
2 0.17651888341543515 0.16731266149870802 0.21839080459770116 0.18992248062015504
3 0.1781609195402299 0.39341085271317827 0.21839080459770116 0.19767441860465115
4 0.17925561029009304 0.6311369509043928 0.21839080459770116 0.18992248062015504