0 0.8214489446662864 0.1792573623559539 0.21448944666286365 0.1792573623559539
1 0.8197375926982317 0.39500640204865556 0.21334854535082715 0.14980793854033292
5 0.8174557900741586 0.6395646606914213 0.21448944666286365 0.19590268886043533
6 0.6061038220193953 0.17477592829705504 0.2127780946948089 0.1702944942381562
7 0.6083856246434683 0.3975672215108835 0.2104962920707359 0.15749039692701663
8 0.6069594980034227 0.6357234314980794 0.20992584141471762 0.16517285531370038
9 0.497718197375927 0.8687580025608195 0.8516828294352539 0.17285531370038412
10 0.3930405019965773 0.1824583866837388 0.21106674272675413 0.17797695262483995
11 0.39589275527666856 0.4180537772087068 0.21106674272675413 0.19334186939820744
12 0.3961779806046777 0.6229193341869398 0.20935539075869938 0.18309859154929578
2 0.17883628066172277 0.15620998719590268 0.21734169994295494 0.21254801536491677
3 0.17940673131774101 0.39564660691421255 0.21848260125499144 0.1792573623559539
4 0.18254420992584142 0.6363636363636364 0.21106674272675413 0.16901408450704225