0 0.8214285714285714 0.1781609195402299 0.21428571428571427 0.18007662835249041
1 0.8201530612244898 0.3946360153256705 0.21343537414965985 0.14942528735632185
5 0.8176020408163265 0.6388888888888888 0.2151360544217687 0.19731800766283525
6 0.6096938775510204 0.1781609195402299 0.2108843537414966 0.1724137931034483
7 0.6084183673469388 0.3975095785440613 0.2100340136054422 0.15900383141762453
8 0.6071428571428571 0.6350574712643678 0.20918367346938777 0.16666666666666666
9 0.49787414965986393 0.8687739463601533 0.8511904761904762 0.17049808429118773
10 0.39668367346938777 0.18486590038314177 0.21343537414965985 0.21264367816091953
11 0.3945578231292517 0.4454022988505747 0.21428571428571427 0.2662835249042146
12 0.3932823129251701 0.6475095785440613 0.21343537414965985 0.21455938697318008
2 0.1840986394557823 0.1503831417624521 0.2185374149659864 0.20114942528735633
3 0.1832482993197279 0.3994252873563218 0.21343537414965985 0.15900383141762453
4 0.17814625850340135 0.6206896551724138 0.21683673469387754 0.1685823754789272