0 0.17857142857142858 0.8202531645569621 0.21428571428571427 0.17974683544303796
1 0.17970521541950113 0.609493670886076 0.21315192743764172 0.20379746835443038
5 0.1816893424036281 0.38544303797468354 0.21145124716553287 0.18860759493670887
6 0.39058956916099774 0.8215189873417722 0.2108843537414966 0.17468354430379746
7 0.39143990929705214 0.6031645569620253 0.21031746031746032 0.15822784810126583
8 0.39285714285714285 0.36455696202531646 0.20975056689342403 0.1670886075949367
9 0.5022675736961452 0.15822784810126583 0.8503401360544217 0.18227848101265823
10 0.6017573696145124 0.8253164556962025 0.21258503401360543 0.17215189873417722
11 0.6023242630385488 0.5683544303797469 0.21031746031746032 0.23544303797468355
12 0.6037414965986394 0.3651898734177215 0.2108843537414966 0.2088607594936709
2 0.8154761904761905 0.8727848101265823 0.2205215419501134 0.24936708860759493
3 0.8171768707482994 0.6310126582278481 0.2193877551020408 0.23924050632911392
4 0.8174603174603174 0.3632911392405063 0.2108843537414966 0.16962025316455695