0 0.1841095890410959 0.8198717948717948 0.2158904109589041 0.16794871794871793
1 0.17945205479452056 0.6064102564102564 0.21315068493150685 0.15128205128205127
5 0.1821917808219178 0.36217948717948717 0.21534246575342467 0.19615384615384615
6 0.38986301369863013 0.8224358974358974 0.21095890410958903 0.17307692307692307
7 0.39123287671232876 0.6025641025641025 0.2104109589041096 0.15897435897435896
8 0.39643835616438355 0.366025641025641 0.21315068493150685 0.17051282051282052
9 0.5019178082191781 0.13205128205128205 0.8515068493150685 0.1717948717948718
10 0.6046575342465753 0.8224358974358974 0.21534246575342467 0.18076923076923077
11 0.6052054794520548 0.5711538461538461 0.21643835616438356 0.2141025641025641
12 0.6082191780821918 0.3371794871794872 0.2136986301369863 0.2230769230769231
2 0.8186301369863014 0.8282051282051283 0.21808219178082192 0.2230769230769231
3 0.8202739726027397 0.5987179487179487 0.2158904109589041 0.2
4 0.8216438356164384 0.36346153846153845 0.21643835616438356 0.17564102564102563