0 0.8212765957446808 0.17938931297709923 0.214468085106383 0.17938931297709923
1 0.82 0.39408396946564883 0.21361702127659574 0.15076335877862596
5 0.8178723404255319 0.6383587786259542 0.214468085106383 0.1965648854961832
6 0.6042553191489362 0.16984732824427481 0.214468085106383 0.17557251908396945
7 0.6085106382978723 0.3979007633587786 0.21106382978723404 0.15839694656488548
8 0.6072340425531915 0.6345419847328244 0.2102127659574468 0.16603053435114504
9 0.4978723404255319 0.8683206106870229 0.851063829787234 0.1717557251908397
10 0.39063829787234045 0.21374045801526717 0.21617021276595744 0.2633587786259542
11 0.39361702127659576 0.4599236641221374 0.21361702127659574 0.3053435114503817
12 0.39659574468085107 0.6221374045801527 0.2093617021276596 0.183206106870229
2 0.17574468085106382 0.16030534351145037 0.21872340425531914 0.2748091603053435
3 0.17702127659574468 0.4265267175572519 0.21617021276595744 0.2652671755725191
4 0.17872340425531916 0.6288167938931297 0.2178723404255319 0.15458015267175573