0 0.17855105533371363 0.1797175866495507 0.21448944666286365 0.1797175866495507
1 0.1802624073017684 0.39473684210526316 0.21334854535082715 0.15019255455712452
5 0.18254420992584142 0.6392811296534018 0.21448944666286365 0.1951219512195122
6 0.3944666286366229 0.16559691912708602 0.21505989731888192 0.1540436456996149
7 0.3941814033086138 0.4024390243902439 0.21334854535082715 0.17073170731707318
8 0.3930405019965773 0.6354300385109114 0.20992584141471762 0.1668806161745828
9 0.5022818026240731 0.8690629011553274 0.8516828294352539 0.17201540436456997
10 0.6078151739874501 0.17329910141206675 0.2139189960068454 0.15661103979460847
11 0.607529948659441 0.4313222079589217 0.21106674272675413 0.2336328626444159
12 0.605533371363377 0.6649550706033376 0.2116371933827724 0.19768934531450577
2 0.8240159726183686 0.17137355584082156 0.22076440387906446 0.17586649550706032
3 0.822875071306332 0.4050064184852375 0.21848260125499144 0.20410783055198972
4 0.8220193953223046 0.6322207958921694 0.2190530519110097 0.15789473684210525